N	Total Time	Average CPE
1	362	362.00
2	120	60.00
3	120	40.00
4	120	30.00
5	126	25.20
6	133	22.17
7	141	20.14
8	193	24.12
9	192	21.33
10	312	31.20
11	204	18.55
12	180	15.00
13	189	14.54
14	192	13.71
15	200	13.33
16	207	12.94
17	547	32.18
18	521	28.94
19	643	33.84
20	523	26.15
21	527	25.10
22	536	24.36
23	543	23.61
24	552	23.00
25	558	22.32
26	568	21.85
27	572	21.19
28	581	20.75
29	589	20.31
30	597	19.90
31	605	19.52
32	612	19.12
33	861	26.09
34	845	24.85
35	849	24.26
36	857	23.81
37	866	23.41
38	871	22.92
39	879	22.54
40	887	22.18
41	867	21.15
42	878	20.90
43	887	20.63
44	893	20.30
45	901	20.02
46	907	19.72
47	917	19.51
48	925	19.27
49	1001	20.43
50	941	18.82
51	947	18.57
52	957	18.40
53	990	18.68
54	998	18.48
55	1002	18.22
56	2047	36.55
57	1017	17.84
58	1021	17.60
59	1030	17.46
60	1039	17.32
61	1046	17.15
62	1049	16.92
63	1063	16.87
64	1064	16.62
65	1437	22.11
66	1429	21.65
67	1437	21.45
68	1427	20.99
69	1435	20.80
70	1447	20.67
71	1452	20.45
72	1456	20.22
73	1468	20.11
74	1478	19.97
75	1486	19.81
76	1480	19.47
77	4074	52.91
78	1320	16.92
79	1279	16.19
80	1288	16.10
81	1295	15.99
82	1490	18.17
83	1377	16.59
84	1351	16.08
85	1359	15.99
86	1377	16.01
87	2570	29.54
88	1390	15.80
89	1391	15.63
90	1404	15.60
91	1404	15.43
92	1411	15.34
93	1558	16.75
94	1262	13.43
95	1232	12.97
96	1239	12.91
97	1245	12.84
98	1252	12.78
99	1261	12.74
100	1631	16.31
101	1270	12.57
102	1276	12.51
103	1284	12.47
104	1295	12.45
105	1298	12.36
106	1316	12.42
107	1316	12.30
108	1327	12.29
109	1320	12.11
110	1328	12.07
111	1337	12.05
112	1347	12.03
113	1373	12.15
114	1372	12.04
115	1378	11.98
116	1390	11.98
117	1382	11.81
118	1381	11.70
119	1388	11.66
120	1398	11.65
121	1401	11.58
122	1410	11.56
123	1419	11.54
124	3189	25.72
125	2326	18.61
126	2550	20.24
127	2616	20.60
128	2555	19.96
129	4394	34.06
130	3451	26.55
131	3478	26.55
132	3509	26.58
133	3551	26.70
134	3501	26.13
135	2332	17.27
136	1825	13.42
137	1806	13.18
138	1837	13.31
139	1866	13.42
140	1913	13.66
141	1954	13.86
142	1954	13.76
143	1952	13.65
144	4442	30.85
145	2302	15.88
146	1923	13.17
147	1942	13.21
148	1946	13.15
149	1954	13.11
150	1956	13.04
151	1972	13.06
152	1975	12.99
153	2349	15.35
154	1977	12.84
155	1995	12.87
156	1995	12.79
157	2007	12.78
158	1993	12.61
159	2018	12.69
160	2413	15.08
161	2072	12.87
162	2092	12.91
163	2089	12.82
164	2089	12.74
165	2080	12.61
166	2090	12.59
167	2115	12.66
168	2096	12.48
169	2113	12.50
170	2129	12.52
171	2120	12.40
172	2141	12.45
173	2159	12.48
174	2154	12.38
175	2167	12.38
176	2160	12.27
177	2168	12.25
178	2183	12.26
179	2184	12.20
180	2198	12.21
181	2183	12.06
182	2192	12.04
183	3542	19.36
184	2155	11.71
185	2187	11.82
186	2216	11.91
187	2204	11.79
188	2982	15.86
189	3009	15.92
190	2222	11.69
191	2205	11.54
192	2212	11.52
193	2223	11.52
194	2224	11.46
195	2252	11.55
196	2258	11.52
197	2252	11.43
198	3998	20.19
199	3049	15.32
200	3915	19.57
201	4158	20.69
202	4032	19.96
203	2833	13.96
204	2581	12.65
205	2711	13.22
206	2693	13.07
207	2800	13.53
208	2801	13.47
209	2724	13.03
210	2686	12.79
211	2730	12.94
212	2736	12.91
213	2731	12.82
214	2794	13.06
215	3194	14.86
216	3467	16.05
217	2436	11.23
218	2446	11.22
219	2689	12.28
220	7733	35.15
221	3300	14.93
222	2980	13.42
223	2474	11.09
224	2464	11.00
225	2627	11.68
226	2944	13.03
227	2498	11.00
228	2501	10.97
229	2569	11.22
230	2687	11.68
231	2839	12.29
232	2689	11.59
233	2680	11.50
234	2682	11.46
235	2798	11.91
236	2674	11.33
237	2677	11.30
238	2726	11.45
239	2732	11.43
240	2568	10.70
241	2577	10.69
242	2579	10.66
243	2590	10.66
244	2593	10.63
245	2606	10.64
246	2611	10.61
247	2616	10.59
248	2621	10.57
249	2630	10.56
250	2643	10.57
251	2637	10.51
252	2655	10.54
253	3288	13.00
254	2855	11.24
255	2870	11.25
256	2870	11.21
257	3090	12.02
258	3046	11.81
259	3043	11.75
260	3055	11.75
261	3053	11.70
262	3075	11.74
263	3089	11.75
264	3125	11.84
265	3214	12.13
266	3253	12.23
267	3276	12.27
268	3269	12.20
269	3267	12.14
270	3254	12.05
271	3250	11.99
272	3251	11.95
273	3257	11.93
274	3291	12.01
275	3304	12.01
276	3319	12.03
277	3313	11.96
278	3321	11.95
279	3320	11.90
280	3335	11.91
281	3338	11.88
282	3343	11.85
283	3354	11.85
284	3367	11.86
285	4734	16.61
286	3374	11.80
287	4963	17.29
288	3405	11.82
289	3436	11.89
290	3404	11.74
291	3445	11.84
292	4480	15.34
293	5926	20.23
294	4867	16.55
295	5046	17.11
296	5158	17.43
297	4727	15.92
298	4884	16.39
299	5155	17.24
300	4576	15.25
301	3360	11.16
302	4664	15.44
303	3616	11.93
304	3748	12.33
305	4089	13.41
306	3307	10.81
307	3296	10.74
308	4091	13.28
309	3534	11.44
310	3602	11.62
311	3541	11.39
312	3549	11.38
313	4973	15.89
314	4590	14.62
315	3589	11.39
316	3627	11.48
317	4116	12.98
318	3457	10.87
319	3594	11.27
320	3591	11.22
321	3601	11.22
322	3636	11.29
323	3632	11.24
324	4101	12.66
325	5050	15.54
326	3770	11.56
327	3888	11.89
328	4073	12.42
329	3889	11.82
330	3954	11.98
331	3954	11.95
332	4005	12.06
333	3870	11.62
334	3929	11.76
335	4357	13.01
336	4716	14.04
337	4806	14.26
338	6054	17.91
339	5747	16.95
340	5085	14.96
341	6059	17.77
342	5767	16.86
343	6206	18.09
344	6260	18.20
345	6023	17.46
346	3934	11.37
347	3650	10.52
348	3644	10.47
349	5206	14.92
350	6543	18.69
351	3824	10.89
352	3823	10.86
353	3831	10.85
354	3833	10.83
355	3853	10.85
356	3859	10.84
357	3861	10.82
358	3875	10.82
359	3887	10.83
360	3877	10.77
361	5742	15.91
362	6147	16.98
363	6242	17.20
364	4870	13.38
365	3755	10.29
366	3743	10.23
367	3766	10.26
368	3815	10.37
369	3782	10.25
370	3799	10.27
371	3807	10.26
372	3815	10.26
373	3810	10.21
374	3815	10.20
375	3830	10.21
376	3849	10.24
377	3883	10.30
378	3826	10.12
379	3834	10.12
380	3849	10.13
381	3850	10.10
382	3870	10.13
383	4699	12.27
384	6255	16.29
385	5982	15.54
386	6125	15.87
387	6175	15.96
388	6092	15.70
389	8791	22.60
390	8126	20.84
391	7429	19.00
392	4249	10.84
393	6684	17.01
394	4809	12.21
395	6286	15.91
396	10564	26.68
397	7767	19.56
398	7829	19.67
399	7946	19.91
400	7969	19.92
401	5710	14.24
402	5080	12.64
403	4639	11.51
404	4629	11.46
405	4650	11.48
406	4652	11.46
407	4663	11.46
408	4693	11.50
409	4692	11.47
410	4681	11.42
411	4857	11.82
412	5744	13.94
413	4731	11.46
414	4742	11.45
415	5793	13.96
416	7065	16.98
417	7634	18.31
418	6326	15.13
419	4126	9.85
420	5491	13.07
421	7410	17.60
422	6840	16.21
423	6904	16.32
424	6630	15.64
425	5575	13.12
426	5799	13.61
427	5819	13.63
428	5586	13.05
429	5593	13.04
430	5694	13.24
431	5669	13.15
432	5738	13.28
433	6165	14.24
434	6437	14.83
435	5666	13.03
436	5726	13.13
437	5734	13.12
438	5808	13.26
439	6215	14.16
440	5790	13.16
441	5840	13.24
442	6230	14.10
443	6493	14.66
444	6650	14.98
445	6606	14.84
446	4436	9.95
447	4452	9.96
448	4460	9.96
449	4465	9.94
450	4466	9.92
451	4478	9.93
452	4656	10.30
453	4495	9.92
454	4499	9.91
455	4498	9.89
456	4505	9.88
457	4513	9.88
458	4518	9.86
459	5820	12.68
460	4526	9.84
461	4731	10.26
462	4946	10.71
463	4556	9.84
464	4564	9.84
465	4572	9.83
466	4578	9.82
467	4579	9.81
468	4592	9.81
469	4601	9.81
470	4611	9.81
471	4613	9.79
472	4616	9.78
473	4624	9.78
474	4628	9.76
475	4641	9.77
476	4644	9.76
477	4647	9.74
478	4651	9.73
479	4664	9.74
480	5508	11.47
481	4692	9.75
482	4698	9.75
483	5415	11.21
484	8057	16.65
485	5672	11.69
486	4752	9.78
487	4758	9.77
488	5237	10.73
489	4783	9.78
490	4784	9.76
491	4789	9.75
492	4803	9.76
493	4807	9.75
494	4804	9.72
495	4815	9.73
496	4818	9.71
497	4827	9.71
498	4822	9.68
499	4836	9.69
500	4854	9.71
501	4616	9.21
502	4621	9.21
503	4628	9.20
504	4631	9.19
505	4627	9.16
506	4645	9.18
507	4645	9.16
508	4653	9.16
509	5738	11.27
510	4704	9.22
511	5299	10.37
512	4693	9.17
513	5301	10.33
514	5083	9.89
515	4994	9.70
516	6085	11.79
517	5004	9.68
518	7952	15.35
519	5085	9.80
520	6169	11.86
521	5718	10.98
522	5168	9.90
523	5191	9.93
524	5404	10.31
525	5124	9.76
526	5118	9.73
527	5135	9.74
528	5170	9.79
529	5106	9.65
530	5139	9.70
531	5145	9.69
532	5148	9.68
533	7083	13.29
534	5352	10.02
535	5131	9.59
536	5140	9.59
537	5145	9.58
538	5156	9.58
539	5146	9.55
540	5875	10.88
541	5747	10.62
542	5720	10.55
543	5717	10.53
544	5668	10.42
545	5672	10.41
546	5699	10.44
547	5709	10.44
548	5730	10.46
549	5683	10.35
550	5691	10.35
551	5701	10.35
552	5705	10.34
553	5710	10.33
554	5721	10.33
555	5743	10.35
556	5727	10.30
557	5736	10.30
558	5773	10.35
559	5809	10.39
560	5809	10.37
561	5818	10.37
562	5786	10.30
563	5798	10.30
564	5795	10.27
565	5791	10.25
566	5798	10.24
567	5801	10.23
568	5862	10.32
569	5854	10.29
570	5829	10.23
571	5832	10.21
572	5841	10.21
573	5842	10.20
574	5854	10.20
575	5890	10.24
576	5863	10.18
577	5872	10.18
578	5874	10.16
579	5913	10.21
580	5887	10.15
581	5903	10.16
582	5951	10.23
583	5906	10.13
584	5950	10.19
585	5974	10.21
586	5928	10.12
587	5936	10.11
588	7548	12.84
589	5849	9.93
590	6344	10.75
591	6463	10.94
592	5524	9.33
593	5534	9.33
594	5536	9.32
595	5538	9.31
596	5539	9.29
597	5552	9.30
598	5583	9.34
599	5565	9.29
600	6335	10.56
601	6074	10.11
602	6093	10.12
603	6341	10.52
604	5967	9.88
605	5650	9.34
606	6449	10.64
607	7636	12.58
608	5636	9.27
609	6597	10.83
610	6105	10.01
611	6096	9.98
612	6106	9.98
613	6125	9.99
614	6132	9.99
615	6134	9.97
616	6137	9.96
617	6144	9.96
618	6156	9.96
619	6155	9.94
620	6163	9.94
621	6168	9.93
622	6180	9.94
623	6182	9.92
624	6196	9.93
625	6200	9.92
626	6324	10.10
627	6209	9.90
628	6210	9.89
629	6219	9.89
630	6224	9.88
631	6234	9.88
632	6241	9.88
633	6254	9.88
634	6253	9.86
635	7205	11.35
636	6012	9.45
637	6201	9.73
638	9394	14.72
639	10894	17.05
640	6294	9.83
641	6293	9.82
642	6289	9.80
643	6310	9.81
644	6315	9.81
645	6322	9.80
646	6322	9.79
647	6697	10.35
648	5819	8.98
649	5829	8.98
650	5841	8.99
651	5842	8.97
652	5847	8.97
653	5852	8.96
654	5864	8.97
655	5864	8.95
656	5876	8.96
657	5872	8.94
658	5892	8.95
659	8079	12.26
660	5986	9.07
661	6009	9.09
662	6016	9.09
663	6015	9.07
664	6503	9.79
665	8781	13.20
666	6187	9.29
667	6103	9.15
668	6202	9.28
669	8468	12.66
670	7319	10.92
671	6514	9.71
672	6484	9.65
673	6509	9.67
674	6500	9.64
675	6511	9.65
676	6513	9.63
677	6513	9.62
678	6518	9.61
679	6544	9.64
680	6544	9.62
681	6546	9.61
682	6563	9.62
683	6571	9.62
684	6562	9.59
685	6573	9.60
686	6589	9.60
687	6587	9.59
688	6860	9.97
689	6592	9.57
690	6612	9.58
691	6628	9.59
692	6628	9.58
693	6632	9.57
694	6636	9.56
695	6639	9.55
696	7196	10.34
697	8205	11.77
698	7532	10.79
699	6679	9.56
700	7053	10.08
701	6718	9.58
702	6723	9.58
703	6708	9.54
704	6811	9.67
705	6733	9.55
706	6738	9.54
707	6741	9.53
708	6754	9.54
709	6769	9.55
710	6761	9.52
711	6764	9.51
712	6778	9.52
713	6783	9.51
714	6790	9.51
715	7036	9.84
716	6833	9.54
717	6820	9.51
718	6828	9.51
719	6828	9.50
720	6852	9.52
721	8209	11.39
722	6403	8.87
723	7351	10.17
724	7530	10.40
725	6874	9.48
726	6876	9.47
727	6877	9.46
728	6884	9.46
729	6894	9.46
730	6900	9.45
731	6906	9.45
732	6912	9.44
733	6922	9.44
734	6917	9.42
735	6929	9.43
736	6934	9.42
737	6940	9.42
738	6953	9.42
739	7273	9.84
740	6472	8.75
741	6477	8.74
742	6491	8.75
743	6493	8.74
744	6503	8.74
745	6535	8.77
746	6511	8.73
747	8412	11.26
748	6973	9.32
749	6985	9.33
750	6990	9.32
751	7001	9.32
752	7009	9.32
753	7010	9.31
754	7018	9.31
755	7022	9.30
756	7024	9.29
757	7035	9.29
758	7047	9.30
759	7051	9.29
760	7054	9.28
761	7061	9.28
762	7067	9.27
763	7087	9.29
764	7085	9.27
765	7096	9.28
766	10058	13.13
767	7449	9.71
768	6863	8.94
769	7363	9.57
770	7118	9.24
771	7149	9.27
772	7151	9.26
773	7168	9.27
774	7169	9.26
775	7179	9.26
776	7187	9.26
777	7193	9.26
778	7288	9.37
779	11082	14.23
780	7765	9.96
781	6754	8.65
782	6775	8.66
783	6775	8.65
784	7043	8.98
785	6769	8.62
786	6772	8.62
787	6796	8.64
788	6808	8.64
789	6786	8.60
790	7747	9.81
791	6878	8.70
792	6861	8.66
793	6900	8.70
794	6894	8.68
795	6915	8.70
796	6928	8.70
797	6921	8.68
798	7187	9.01
799	6902	8.64
800	7648	9.56
801	6862	8.57
802	6852	8.54
803	6876	8.56
804	6880	8.56
805	6896	8.57
806	7506	9.31
807	6923	8.58
808	10095	12.49
809	9148	11.31
810	6925	8.55
811	6923	8.54
812	6928	8.53
813	6912	8.50
814	6934	8.52
815	6939	8.51
816	6951	8.52
817	6950	8.51
818	6955	8.50
819	6975	8.52
820	6995	8.53
821	9042	11.01
822	7346	8.94
823	7358	8.94
824	7702	9.35
825	8838	10.71
826	7528	9.11
827	7537	9.11
828	7544	9.11
829	7549	9.11
830	7560	9.11
831	7561	9.10
832	7562	9.09
833	7572	9.09
834	7590	9.10
835	7591	9.09
836	7598	9.09
837	7607	9.09
838	7619	9.09
839	7616	9.08
840	7620	9.07
841	7641	9.09
842	7642	9.08
843	7650	9.07
844	7648	9.06
845	7653	9.06
846	7662	9.06
847	7666	9.05
848	7684	9.06
849	7687	9.05
850	7689	9.05
851	7696	9.04
852	7702	9.04
853	7711	9.04
854	7712	9.03
855	7727	9.04
856	7728	9.03
857	7739	9.03
858	7883	9.19
859	7747	9.02
860	7760	9.02
861	7761	9.01
862	8209	9.52
863	7787	9.02
864	7975	9.23
865	7380	8.53
866	7378	8.52
867	7387	8.52
868	7386	8.51
869	7395	8.51
870	7400	8.51
871	7395	8.49
872	7424	8.51
873	7432	8.51
874	7416	8.49
875	8422	9.63
876	8206	9.37
877	7357	8.39
878	7351	8.37
879	7371	8.39
880	7363	8.37
881	7386	8.38
882	7381	8.37
883	7394	8.37
884	7399	8.37
885	7396	8.36
886	7413	8.37
887	7410	8.35
888	7417	8.35
889	8112	9.12
890	7475	8.40
891	7474	8.39
892	7480	8.39
893	7477	8.37
894	7508	8.40
895	7496	8.38
896	7499	8.37
897	7513	8.38
898	7516	8.37
899	7531	8.38
900	8109	9.01
901	7589	8.42
902	7599	8.42
903	7601	8.42
904	7599	8.41
905	7611	8.41
906	7598	8.39
907	7612	8.39
908	7718	8.50
909	7648	8.41
910	7652	8.41
911	7644	8.39
912	7660	8.40
913	14378	15.75
914	10675	11.68
915	8939	9.77
916	9318	10.17
917	7626	8.32
918	7615	8.30
919	7652	8.33
920	7662	8.33
921	7650	8.31
922	7672	8.32
923	7680	8.32
924	7666	8.30
925	7691	8.31
926	7978	8.62
927	7702	8.31
928	7707	8.30
929	7731	8.32
930	7718	8.30
931	7728	8.30
932	7744	8.31
933	7756	8.31
934	7730	8.28
935	7764	8.30
936	7765	8.30
937	7770	8.29
938	7778	8.29
939	7820	8.33
940	7800	8.30
941	8754	9.30
942	8306	8.82
943	8291	8.79
944	8316	8.81
945	8304	8.79
946	8316	8.79
947	8330	8.80
948	8340	8.80
949	8762	9.23
950	7853	8.27
951	7856	8.26
952	7864	8.26
953	8257	8.66
954	10615	11.13
955	9503	9.95
956	7960	8.33
957	7942	8.30
958	7962	8.31
959	7939	8.28
960	7975	8.31
961	7981	8.30
962	7988	8.30
963	7994	8.30
964	7977	8.27
965	8157	8.45
966	10170	10.53
967	8382	8.67
968	9496	9.81
969	8415	8.68
970	8425	8.69
971	8411	8.66
972	8420	8.66
973	8431	8.66
974	8423	8.65
975	8427	8.64
976	9891	10.13
977	8445	8.64
978	8518	8.71
979	8453	8.63
980	8475	8.65
981	8464	8.63
982	8472	8.63
983	8483	8.63
984	8492	8.63
985	8493	8.62
986	8504	8.62
987	8483	8.59
988	8498	8.60
989	9017	9.12
990	8256	8.34
991	10128	10.22
992	9631	9.71
993	8098	8.16
994	8104	8.15
995	8121	8.16
996	8103	8.14
997	8122	8.15
998	8130	8.15
999	8145	8.15
1000	10784	10.78
1001	9984	9.97
1002	8451	8.43
1003	8269	8.24
1004	8305	8.27
1005	10109	10.06
1006	8282	8.23
1007	8271	8.21
1008	8651	8.58
1009	8271	8.20
1010	8283	8.20
1011	8277	8.19
1012	8290	8.19
1013	8761	8.65
1014	8229	8.12
1015	8239	8.12
1016	8383	8.25
1017	8272	8.13
1018	8586	8.43
1019	8464	8.31
1020	8261	8.10
1021	8271	8.10
1022	8427	8.25
1023	9145	8.94
1024	8760	8.55
1025	9567	9.33
1026	9748	9.50
1027	8592	8.37
1028	8583	8.35
1029	8598	8.36
1030	8898	8.64
1031	8621	8.36
1032	8622	8.35
1033	8622	8.35
1034	8628	8.34
1035	8915	8.61
1036	9799	9.46
1037	8692	8.38
1038	8693	8.37
1039	8710	8.38
1040	8714	8.38
1041	8944	8.59
1042	8731	8.38
1043	8725	8.37
1044	8741	8.37
1045	8749	8.37
1046	8734	8.35
1047	8756	8.36
1048	8762	8.36
1049	9328	8.89
1050	8766	8.35
1051	8773	8.35
1052	9039	8.59
1053	9374	8.90
1054	8815	8.36
1055	8844	8.38
1056	8821	8.35
1057	8830	8.35
1058	8858	8.37
1059	8868	8.37
1060	8871	8.37
1061	8953	8.44
1062	11928	11.23
1063	9715	9.14
1064	8918	8.38
1065	8920	8.38
1066	8931	8.38
1067	8943	8.38
1068	9417	8.82
1069	8927	8.35
1070	8932	8.35
1071	8948	8.35
1072	10400	9.70
1073	8986	8.37
1074	10327	9.62
1075	9004	8.38
1076	8992	8.36
1077	8991	8.35
1078	9007	8.36
1079	8982	8.32
1080	9002	8.34
1081	9158	8.47
1082	9728	8.99
1083	16188	14.95
1084	9845	9.08
1085	9507	8.76
1086	9500	8.75
1087	9509	8.75
1088	9521	8.75
1089	9527	8.75
1090	9521	8.73
1091	9529	8.73
1092	9555	8.75
1093	9549	8.74
1094	9557	8.74
1095	9559	8.73
1096	9574	8.74
1097	9596	8.75
1098	9679	8.82
1099	10637	9.68
1100	9690	8.81
1101	9168	8.33
1102	9191	8.34
1103	9186	8.33
1104	9196	8.33
1105	9194	8.32
1106	9514	8.60
1107	9178	8.29
1108	9187	8.29
1109	9188	8.28
1110	9208	8.30
1111	9205	8.29
1112	9412	8.46
1113	9205	8.27
1114	9227	8.28
1115	9252	8.30
1116	12138	10.88
1117	11058	9.90
1118	9829	8.79
1119	9366	8.37
1120	9790	8.74
1121	9299	8.30
1122	9338	8.32
1123	9293	8.28
1124	9318	8.29
1125	9329	8.29
1126	9333	8.29
1127	9341	8.29
1128	9340	8.28
1129	9349	8.28
1130	9360	8.28
1131	9370	8.28
1132	9364	8.27
1133	9339	8.24
1134	9371	8.26
1135	9378	8.26
1136	9399	8.27
1137	9408	8.27
1138	9591	8.43
1139	9402	8.25
1140	9408	8.25
1141	9406	8.24
1142	10882	9.53
1143	9538	8.34
1144	9421	8.24
1145	9440	8.24
1146	9429	8.23
1147	9506	8.29
1148	11891	10.36
1149	10833	9.43
1150	9497	8.26
1151	9507	8.26
1152	9511	8.26
1153	9517	8.25
1154	9587	8.31
1155	9526	8.25
1156	9545	8.26
1157	9540	8.25
1158	9544	8.24
1159	9563	8.25
1160	9552	8.23
1161	9863	8.50
1162	9565	8.23
1163	11318	9.73
1164	10359	8.90
1165	10649	9.14
1166	9565	8.20
1167	9585	8.21
1168	9576	8.20
1169	10198	8.72
1170	9628	8.23
1171	9609	8.21
1172	9631	8.22
1173	9619	8.20
1174	10250	8.73
1175	10300	8.77
1176	13339	11.34
1177	9687	8.23
1178	9668	8.21
1179	9677	8.21
1180	9692	8.21
1181	9698	8.21
1182	9706	8.21
1183	10132	8.56
1184	9721	8.21
1185	9706	8.19
1186	9747	8.22
1187	12715	10.71
1188	11762	9.90
1189	9991	8.40
1190	11214	9.42
1191	10759	9.03
1192	9765	8.19
1193	9769	8.19
1194	9774	8.19
1195	9791	8.19
1196	9954	8.32
1197	9776	8.17
1198	9750	8.14
1199	9774	8.15
1200	9996	8.33
1201	9838	8.19
1202	9827	8.18
1203	9835	8.18
1204	9880	8.21
1205	9863	8.19
1206	9847	8.17
1207	9855	8.16
1208	9853	8.16
1209	9860	8.16
1210	9880	8.17
1211	9895	8.17
1212	9875	8.15
1213	10358	8.54
1214	10566	8.70
1215	10380	8.54
1216	10370	8.53
1217	10376	8.53
1218	10387	8.53
1219	10389	8.52
1220	11196	9.18
1221	10369	8.49
1222	10356	8.47
1223	10386	8.49
1224	10381	8.48
1225	10399	8.49
1226	11795	9.62
1227	11077	9.03
1228	10866	8.85
1229	10457	8.51
1230	10464	8.51
1231	10482	8.52
1232	10731	8.71
1233	10047	8.15
1234	10040	8.14
1235	10294	8.34
1236	10062	8.14
1237	10040	8.12
1238	10075	8.14
1239	10075	8.13
1240	10097	8.14
1241	10546	8.50
1242	10730	8.64
1243	10576	8.51
1244	10560	8.49
1245	10575	8.49
1246	10580	8.49
1247	12033	9.65
1248	10583	8.48
1249	10610	8.49
1250	10603	8.48
1251	10062	8.04
1252	10144	8.10
1253	16911	13.50
1254	14944	11.92
1255	13050	10.40
1256	10220	8.14
1257	10213	8.12
1258	10924	8.68
1259	10276	8.16
1260	10277	8.16
1261	10620	8.42
1262	10145	8.04
1263	10162	8.05
1264	10152	8.03
1265	10180	8.05
1266	10172	8.03
1267	10277	8.11
1268	10208	8.05
1269	16652	13.12
1270	12187	9.60
1271	10677	8.40
1272	10674	8.39
1273	10700	8.41
1274	10701	8.40
1275	10693	8.39
1276	10703	8.39
1277	10701	8.38
1278	10725	8.39
1279	10731	8.39
1280	10806	8.44
1281	11341	8.85
1282	10576	8.25
1283	10320	8.04
1284	10330	8.05
1285	12134	9.44
1286	12739	9.91
1287	10968	8.52
1288	11410	8.86
1289	11577	8.98
1290	10378	8.04
1291	10367	8.03
1292	10387	8.04
1293	10390	8.04
1294	10374	8.02
1295	10445	8.07
1296	10412	8.03
1297	10427	8.04
1298	10390	8.00
1299	10408	8.01
1300	11739	9.03
1301	10369	7.97
1302	10369	7.96
1303	10371	7.96
1304	10385	7.96
1305	10370	7.95
1306	10394	7.96
1307	10399	7.96
1308	11880	9.08
1309	11469	8.76
1310	10436	7.97
1311	10442	7.96
1312	10467	7.98
1313	10713	8.16
1314	10499	7.99
1315	10489	7.98
1316	10483	7.97
1317	11229	8.53
1318	10590	8.03
1319	11111	8.42
1320	11103	8.41
1321	11061	8.37
1322	11059	8.37
1323	11071	8.37
1324	11054	8.35
1325	11206	8.46
1326	11078	8.35
1327	11093	8.36
1328	11092	8.35
1329	11095	8.35
1330	11100	8.35
1331	11120	8.35
1332	11122	8.35
1333	11332	8.50
1334	11141	8.35
1335	11150	8.35
1336	11121	8.32
1337	11147	8.34
1338	11177	8.35
1339	11158	8.33
1340	11164	8.33
1341	12805	9.55
1342	11615	8.65
1343	11223	8.36
1344	14593	10.86
1345	10732	7.98
1346	10983	8.16
1347	10747	7.98
1348	10789	8.00
1349	11196	8.30
1350	12271	9.09
1351	11181	8.28
1352	10843	8.02
1353	10853	8.02
1354	10836	8.00
1355	10896	8.04
1356	10808	7.97
1357	10837	7.99
1358	10843	7.98
1359	10952	8.06
1360	10937	8.04
1361	10868	7.99
1362	10854	7.97
1363	10874	7.98
1364	12466	9.14
1365	10952	8.02
1366	15142	11.08
1367	12560	9.19
1368	11319	8.27
1369	11341	8.28
1370	11340	8.28
1371	11353	8.28
1372	11354	8.28
1373	11371	8.28
1374	11367	8.27
1375	11368	8.27
1376	11454	8.32
1377	11018	8.00
1378	12202	8.85
1379	12647	9.17
1380	13194	9.56
1381	12816	9.28
1382	14485	10.48
1383	10986	7.94
1384	11019	7.96
1385	11013	7.95
1386	11023	7.95
1387	11029	7.95
1388	11038	7.95
1389	11031	7.94
1390	11025	7.93
1391	11043	7.94
1392	11039	7.93
1393	11052	7.93
1394	11731	8.42
1395	12949	9.28
1396	11512	8.25
1397	11449	8.20
1398	11449	8.19
1399	11465	8.20
1400	12616	9.01
1401	11605	8.28
1402	11604	8.28
1403	11604	8.27
1404	11618	8.27
1405	11754	8.37
1406	11623	8.27
1407	12470	8.86
1408	13832	9.82
1409	13690	9.72
1410	11896	8.44
1411	11540	8.18
1412	11551	8.18
1413	11559	8.18
1414	11568	8.18
1415	11585	8.19
1416	11576	8.18
1417	11592	8.18
1418	11590	8.17
1419	11973	8.44
1420	11583	8.16
1421	11620	8.18
1422	11630	8.18
1423	11630	8.17
1424	11633	8.17
1425	11649	8.17
1426	12174	8.54
1427	11246	7.88
1428	11261	7.89
1429	11969	8.38
1430	11726	8.20
1431	11733	8.20
1432	11724	8.19
1433	11740	8.19
1434	11735	8.18
1435	12012	8.37
1436	11755	8.19
1437	12270	8.54
1438	11320	7.87
1439	11324	7.87
1440	11344	7.88
1441	11339	7.87
1442	11356	7.88
1443	11351	7.87
1444	11760	8.14
1445	11406	7.89
1446	11415	7.89
1447	11428	7.90
1448	11829	8.17
1449	12605	8.70
1450	12497	8.62
1451	11872	8.18
1452	11857	8.17
1453	11883	8.18
1454	12099	8.32
1455	11904	8.18
1456	11906	8.18
1457	11888	8.16
1458	11922	8.18
1459	11928	8.18
1460	12038	8.25
1461	15188	10.40
1462	12061	8.25
1463	11993	8.20
1464	12525	8.56
1465	11523	7.87
1466	12046	8.22
1467	12840	8.75
1468	13458	9.17
1469	11952	8.14
1470	13077	8.90
1471	12150	8.26
1472	11476	7.80
1473	11490	7.80
1474	11502	7.80
1475	11509	7.80
1476	11504	7.79
1477	11495	7.78
1478	11591	7.84
1479	11595	7.84
1480	11603	7.84
1481	11593	7.83
1482	11606	7.83
1483	11591	7.82
1484	11609	7.82
1485	11614	7.82
1486	11734	7.90
1487	11636	7.83
1488	11841	7.96
1489	13125	8.81
1490	11673	7.83
1491	11664	7.82
1492	12618	8.46
1493	11789	7.90
1494	13179	8.82
1495	11709	7.83
1496	11709	7.83
1497	11742	7.84
1498	11730	7.83
1499	11936	7.96
1500	13140	8.76
1501	11713	7.80
1502	11829	7.88
1503	11716	7.80
1504	11736	7.80
1505	12114	8.05
1506	11724	7.78
1507	11745	7.79
1508	11758	7.80
1509	11755	7.79
1510	11761	7.79
1511	11760	7.78
1512	11761	7.78
1513	11778	7.78
1514	11776	7.78
1515	11810	7.80
1516	11801	7.78
1517	15708	10.35
1518	12259	8.08
1519	12241	8.06
1520	12364	8.13
1521	12255	8.06
1522	12666	8.32
1523	12320	8.09
1524	12337	8.10
1525	12332	8.09
1526	12334	8.08
1527	12350	8.09
1528	12368	8.09
1529	12362	8.09
1530	12367	8.08
1531	12665	8.27
1532	11984	7.82
1533	12514	8.16
1534	11931	7.78
1535	11942	7.78
1536	12052	7.85
1537	11939	7.77
1538	11928	7.76
1539	11942	7.76
1540	11956	7.76
1541	11947	7.75
1542	11962	7.76
1543	11960	7.75
1544	11965	7.75
1545	11962	7.74
1546	12276	7.94
1547	11965	7.73
1548	14230	9.19
1549	15350	9.91
1550	12495	8.06
1551	12489	8.05
1552	12516	8.06
1553	12512	8.06
1554	12520	8.06
1555	13096	8.42
1556	13161	8.46
1557	12729	8.18
1558	15942	10.23
1559	12097	7.76
1560	12080	7.74
1561	12092	7.75
1562	12102	7.75
1563	12109	7.75
1564	12138	7.76
1565	12381	7.91
1566	12124	7.74
1567	12151	7.75
1568	12149	7.75
1569	12162	7.75
1570	12158	7.74
1571	12790	8.14
1572	12125	7.71
1573	12122	7.71
1574	12146	7.72
1575	12135	7.70
1576	12155	7.71
1577	12862	8.16
1578	13432	8.51
1579	15484	9.81
1580	13316	8.43
1581	13025	8.24
1582	12535	7.92
1583	12315	7.78
1584	12415	7.84
1585	12313	7.77
1586	13703	8.64
1587	13640	8.59
1588	13797	8.69
1589	12807	8.06
1590	12789	8.04
1591	12818	8.06
1592	12808	8.05
1593	12838	8.06
1594	12837	8.05
1595	12856	8.06
1596	12842	8.05
1597	12982	8.13
1598	14428	9.03
1599	12329	7.71
1600	12903	8.06
1601	12657	7.91
1602	12802	7.99
1603	13867	8.65
1604	13617	8.49
1605	13432	8.37
1606	14070	8.76
1607	13079	8.14
1608	12875	8.01
1609	12847	7.98
1610	12857	7.99
1611	12875	7.99
1612	12884	7.99
1613	12697	7.87
1614	12440	7.71
1615	12447	7.71
1616	12445	7.70
1617	13761	8.51
1618	12924	7.99
1619	13076	8.08
1620	12938	7.99
1621	13257	8.18
1622	12952	7.99
1623	12979	8.00
1624	12965	7.98
1625	12965	7.98
1626	12985	7.99
1627	12981	7.98
1628	12991	7.98
1629	12999	7.98
1630	13377	8.21
1631	12597	7.72
1632	14881	9.12
1633	12547	7.68
1634	12534	7.67
1635	12565	7.69
1636	12533	7.66
1637	12550	7.67
1638	12559	7.67
1639	12595	7.68
1640	12580	7.67
1641	12681	7.73
1642	12616	7.68
1643	12744	7.76
1644	13544	8.24
1645	12996	7.90
1646	13143	7.98
1647	13163	7.99
1648	13159	7.98
1649	13160	7.98
1650	13293	8.06
1651	13167	7.98
1652	13185	7.98
1653	13682	8.28
1654	14722	8.90
1655	18846	11.39
1656	13094	7.91
1657	13105	7.91
1658	13123	7.91
1659	13094	7.89
1660	13101	7.89
1661	13142	7.91
1662	13190	7.94
1663	13170	7.92
1664	13153	7.90
1665	13151	7.90
1666	13235	7.94
1667	13175	7.90
1668	13173	7.90
1669	13183	7.90
1670	13198	7.90
1671	13203	7.90
1672	13213	7.90
1673	13220	7.90
1674	13224	7.90
1675	14060	8.39
1676	12940	7.72
1677	12930	7.71
1678	12900	7.69
1679	12912	7.69
1680	15494	9.22
1681	15841	9.42
1682	16509	9.82
1683	13440	7.99
1684	14379	8.54
1685	12978	7.70
1686	12994	7.71
1687	12924	7.66
1688	12914	7.65
1689	12912	7.64
1690	15807	9.35
1691	13544	8.01
1692	12979	7.67
1693	13010	7.68
1694	12990	7.67
1695	12966	7.65
1696	12997	7.66
1697	13011	7.67
1698	13009	7.66
1699	13020	7.66
1700	13281	7.81
1701	13091	7.70
1702	13470	7.91
1703	13102	7.69
1704	13133	7.71
1705	13136	7.70
1706	15042	8.82
1707	15004	8.79
1708	13567	7.94
1709	13099	7.66
1710	13319	7.79
1711	13103	7.66
1712	13071	7.63
1713	13102	7.65
1714	13123	7.66
1715	13606	7.93
1716	13120	7.65
1717	13076	7.62
1718	13091	7.62
1719	13125	7.64
1720	13145	7.64
1721	13193	7.67
1722	13173	7.65
1723	13194	7.66
1724	13174	7.64
1725	13172	7.64
1726	13226	7.66
1727	13334	7.72
1728	13220	7.65
1729	13218	7.64
1730	13233	7.65
1731	13239	7.65
1732	13210	7.63
1733	15265	8.81
1734	13259	7.65
1735	14892	8.58
1736	15940	9.18
1737	13253	7.63
1738	13225	7.61
1739	13251	7.62
1740	13416	7.71
1741	13530	7.77
1742	13362	7.67
1743	13359	7.66
1744	13369	7.67
1745	13352	7.65
1746	13376	7.66
1747	13388	7.66
1748	13391	7.66
1749	13390	7.66
1750	14148	8.08
1751	14868	8.49
1752	18737	10.69
1753	13913	7.94
1754	13903	7.93
1755	14367	8.19
1756	14678	8.36
1757	13667	7.78
1758	14096	8.02
1759	13802	7.85
1760	13819	7.85
1761	13831	7.85
1762	13819	7.84
1763	13832	7.85
1764	13850	7.85
1765	13906	7.88
1766	13848	7.84
1767	13871	7.85
1768	13863	7.84
1769	14166	8.01
1770	13923	7.87
1771	13927	7.86
1772	15387	8.68
1773	13949	7.87
1774	13921	7.85
1775	13954	7.86
1776	13954	7.86
1777	13964	7.86
1778	14883	8.37
1779	16091	9.04
1780	13542	7.61
1781	14485	8.13
1782	13592	7.63
1783	13804	7.74
1784	13532	7.59
1785	13551	7.59
1786	13539	7.58
1787	13580	7.60
1788	13565	7.59
1789	13586	7.59
1790	13630	7.61
1791	13607	7.60
1792	13591	7.58
1793	13594	7.58
1794	15084	8.41
1795	13748	7.66
1796	13642	7.60
1797	13635	7.59
1798	14068	7.82
1799	13686	7.61
1800	14408	8.00
1801	13764	7.64
1802	13743	7.63
1803	16761	9.30
1804	14590	8.09
1805	14036	7.78
1806	13637	7.55
1807	13644	7.55
1808	13689	7.57
1809	13698	7.57
1810	13679	7.56
1811	13663	7.54
1812	13805	7.62
1813	13849	7.64
1814	13701	7.55
1815	13790	7.60
1816	13649	7.52
1817	13680	7.53
1818	13691	7.53
1819	13672	7.52
1820	13716	7.54
1821	13745	7.55
1822	15651	8.59
1823	14418	7.91
1824	13743	7.53
1825	13700	7.51
1826	14568	7.98
1827	15564	8.52
1828	14641	8.01
1829	14357	7.85
1830	13815	7.55
1831	13808	7.54
1832	14330	7.82
1833	13890	7.58
1834	13875	7.57
1835	13915	7.58
1836	13870	7.55
1837	13926	7.58
1838	13932	7.58
1839	14579	7.93
1840	14296	7.77
1841	14288	7.76
1842	14295	7.76
1843	15983	8.67
1844	16605	9.00
1845	16586	8.99
1846	16722	9.06
1847	16624	9.00
1848	17707	9.58
1849	21447	11.60
1850	14044	7.59
1851	14028	7.58
1852	16097	8.69
1853	16347	8.82
1854	16298	8.79
1855	16273	8.77
1856	16361	8.82
1857	15796	8.51
1858	14072	7.57
1859	14051	7.56
1860	14066	7.56
1861	15246	8.19
1862	16655	8.94
1863	14040	7.54
1864	14051	7.54
1865	14042	7.53
1866	14067	7.54
1867	14039	7.52
1868	14054	7.52
1869	14076	7.53
1870	14104	7.54
1871	17120	9.15
1872	16287	8.70
1873	14524	7.75
1874	14811	7.90
1875	14323	7.64
1876	14192	7.57
1877	14208	7.57
1878	14229	7.58
1879	14243	7.58
1880	14655	7.80
1881	14230	7.57
1882	14176	7.53
1883	14203	7.54
1884	14230	7.55
1885	14212	7.54
1886	14340	7.60
1887	14265	7.56
1888	15705	8.32
1889	14319	7.58
1890	14269	7.55
1891	14338	7.58
1892	14275	7.54
1893	14246	7.53
1894	14284	7.54
1895	14301	7.55
1896	16815	8.87
1897	14313	7.55
1898	14322	7.55
1899	14313	7.54
1900	15806	8.32
1901	14343	7.54
1902	14359	7.55
1903	18192	9.56
1904	14409	7.57
1905	14388	7.55
1906	14365	7.54
1907	14463	7.58
1908	14391	7.54
1909	14393	7.54
1910	14434	7.56
1911	14430	7.55
1912	14395	7.53
1913	14703	7.69
1914	14428	7.54
1915	14431	7.54
1916	14455	7.54
1917	16653	8.69
1918	17414	9.08
1919	14461	7.54
1920	14417	7.51
1921	14424	7.51
1922	14436	7.51
1923	14845	7.72
1924	14450	7.51
1925	14496	7.53
1926	14475	7.52
1927	14643	7.60
1928	14535	7.54
1929	14497	7.52
1930	14516	7.52
1931	15950	8.26
1932	14516	7.51
1933	14512	7.51
1934	14634	7.57
1935	14535	7.51
1936	14565	7.52
1937	14545	7.51
1938	14535	7.50
1939	14567	7.51
1940	14578	7.51
1941	14577	7.51
1942	14574	7.50
1943	16269	8.37
1944	14502	7.46
1945	15193	7.81
1946	18760	9.64
1947	19120	9.82
1948	15079	7.74
1949	15730	8.07
1950	14817	7.60
1951	14667	7.52
1952	14663	7.51
1953	14973	7.67
1954	14685	7.52
1955	14704	7.52
1956	15959	8.16
1957	14642	7.48
1958	14646	7.48
1959	14682	7.49
1960	16921	8.63
1961	17761	9.06
1962	14903	7.60
1963	19465	9.92
1964	16558	8.43
1965	14749	7.51
1966	14625	7.44
1967	14661	7.45
1968	14651	7.44
1969	15007	7.62
1970	15293	7.76
1971	14785	7.50
1972	14771	7.49
1973	14795	7.50
1974	15023	7.61
1975	14837	7.51
1976	14767	7.47
1977	14829	7.50
1978	14803	7.48
1979	14811	7.48
1980	14829	7.49
1981	14796	7.47
1982	15553	7.85
1983	15828	7.98
1984	16904	8.52
1985	15314	7.71
1986	15466	7.79
1987	15342	7.72
1988	15573	7.83
1989	14858	7.47
1990	14938	7.51
1991	14875	7.47
1992	14885	7.47
1993	14889	7.47
1994	14927	7.49
1995	15064	7.55
1996	16634	8.33
1997	14951	7.49
1998	14957	7.49
1999	14962	7.48
2000	15339	7.67
2001	15527	7.76
2002	15410	7.70
2003	15406	7.69
2004	15571	7.77
2005	17463	8.71
2006	16147	8.05
2007	15395	7.67
2008	15430	7.68
2009	15419	7.67
2010	15435	7.68
2011	15416	7.67
2012	15707	7.81
2013	15490	7.69
2014	15484	7.69
2015	15497	7.69
2016	15534	7.71
2017	16496	8.18
2018	15521	7.69
2019	15595	7.72
2020	15519	7.68
2021	17550	8.68
2022	16420	8.12
2023	15579	7.70
2024	15091	7.46
2025	23078	11.40
2026	17042	8.41
2027	16179	7.98
2028	15213	7.50
2029	15553	7.67
2030	15651	7.71
2031	15792	7.78
2032	16169	7.96
2033	15184	7.47
2034	15148	7.45
2035	15935	7.83
2036	15635	7.68
2037	15946	7.83
2038	15615	7.66
2039	15628	7.66
2040	15641	7.67
2041	15666	7.68
2042	15782	7.73
2043	16141	7.90
2044	17750	8.68
2045	21058	10.30
2046	15695	7.67
2047	17797	8.69
2048	18773	9.17
2049	20759	10.13
2050	15456	7.54
2051	15445	7.53
2052	16374	7.98
2053	15573	7.59
2054	16354	7.96
2055	15567	7.58
2056	15569	7.57
2057	15551	7.56
2058	18120	8.80
2059	15619	7.59
2060	15656	7.60
2061	15650	7.59
2062	16034	7.78
2063	15691	7.61
2064	15672	7.59
2065	15679	7.59
2066	18826	9.11
2067	17207	8.32
2068	16189	7.83
2069	16298	7.88
2070	16337	7.89
2071	16354	7.90
2072	16342	7.89
2073	16347	7.89
2074	16355	7.89
2075	16365	7.89
2076	16359	7.88
2077	16384	7.89
2078	16552	7.97
2079	16395	7.89
2080	16415	7.89
2081	16427	7.89
2082	16501	7.93
2083	16420	7.88
2084	16437	7.89
2085	17236	8.27
2086	16657	7.99
2087	19256	9.23
2088	16408	7.86
2089	17080	8.18
2090	15796	7.56
2091	15828	7.57
2092	15835	7.57
2093	15838	7.57
2094	15844	7.57
2095	17062	8.14
2096	15953	7.61
2097	15948	7.61
2098	16140	7.69
2099	15912	7.58
2100	17998	8.57
2101	15949	7.59
2102	15945	7.59
2103	15958	7.59
2104	15968	7.59
2105	19610	9.32
2106	16574	7.87
2107	16599	7.88
2108	16605	7.88
2109	16616	7.88
2110	16726	7.93
2111	16805	7.96
2112	16657	7.89
2113	16663	7.89
2114	16673	7.89
2115	17293	8.18
2116	16680	7.88
2117	16836	7.95
2118	16681	7.88
2119	16705	7.88
2120	16762	7.91
2121	16693	7.87
2122	16712	7.88
2123	16710	7.87
2124	16722	7.87
2125	16711	7.86
2126	16726	7.87
2127	16755	7.88
2128	16746	7.87
2129	16752	7.87
2130	16774	7.88
2131	17079	8.01
2132	19706	9.24
2133	16747	7.85
2134	16736	7.84
2135	16888	7.91
2136	16767	7.85
2137	16771	7.85
2138	16747	7.83
2139	16775	7.84
2140	16767	7.84
2141	17698	8.27
2142	20020	9.35
2143	21010	9.80
2144	16781	7.83
2145	17082	7.96
2146	16290	7.59
2147	16785	7.82
2148	17566	8.18
2149	19763	9.20
2150	17641	8.21
2151	17091	7.95
2152	16869	7.84
2153	16907	7.85
2154	17040	7.91
2155	17148	7.96
2156	17060	7.91
2157	17323	8.03
2158	17507	8.11
2159	16600	7.69
2160	16597	7.68
2161	16590	7.68
2162	16583	7.67
2163	16679	7.71
2164	17423	8.05
2165	16776	7.75
2166	16280	7.52
2167	19595	9.04
2168	17800	8.21
2169	17196	7.93
2170	17061	7.86
2171	16340	7.53
2172	16375	7.54
2173	16377	7.54
2174	16377	7.53
2175	17065	7.85
2176	16375	7.53
2177	16384	7.53
2178	16746	7.69
2179	16422	7.54
2180	17944	8.23
2181	16454	7.54
2182	17071	7.82
2183	16471	7.55
2184	16450	7.53
2185	16458	7.53
2186	16414	7.51
2187	16519	7.55
2188	21345	9.76
2189	17375	7.94
2190	19142	8.74
2191	17064	7.79
2192	17056	7.78
2193	17057	7.78
2194	17084	7.79
2195	16547	7.54
2196	16746	7.63
2197	16584	7.55
2198	16586	7.55
2199	16610	7.55
2200	16860	7.66
2201	16510	7.50
2202	17206	7.81
2203	16597	7.53
2204	16593	7.53
2205	16598	7.53
2206	17387	7.88
2207	17176	7.78
2208	17182	7.78
2209	17187	7.78
2210	19109	8.65
2211	16594	7.51
2212	16574	7.49
2213	16596	7.50
2214	16582	7.49
2215	16960	7.66
2216	16655	7.52
2217	16648	7.51
2218	16727	7.54
2219	18111	8.16
2220	16744	7.54
2221	26735	12.04
2222	27757	12.49
2223	27902	12.55
2224	19798	8.90
2225	17410	7.82
2226	18874	8.48
2227	17794	7.99
2228	17618	7.91
2229	16936	7.60
2230	16946	7.60
2231	16932	7.59
2232	16872	7.56
2233	17569	7.87
2234	25894	11.59
2235	29487	13.19
2236	28346	12.68
2237	28534	12.76
2238	20153	9.00
2239	20127	8.99
2240	20231	9.03
2241	25883	11.55
2242	21261	9.48
2243	22234	9.91
2244	20205	9.00
2245	20190	8.99
2246	20218	9.00
2247	20335	9.05
2248	20231	9.00
2249	20289	9.02
2250	20282	9.01
2251	19011	8.45
2252	17475	7.76
2253	18911	8.39
2254	17466	7.75
2255	17607	7.81
2256	17643	7.82
2257	17518	7.76
2258	17499	7.75
2259	19912	8.81
2260	19174	8.48
2261	16938	7.49
2262	16921	7.48
2263	17246	7.62
2264	21527	9.51
2265	18240	8.05
2266	17009	7.51
2267	17007	7.50
2268	17029	7.51
2269	18305	8.07
2270	17402	7.67
2271	17040	7.50
2272	17035	7.50
2273	17054	7.50
2274	17832	7.84
2275	17695	7.78
2276	18215	8.00
2277	22014	9.67
2278	19571	8.59
2279	17657	7.75
2280	18619	8.17
2281	17095	7.49
2282	17110	7.50
2283	17106	7.49
2284	17087	7.48
2285	17565	7.69
2286	17420	7.62
2287	17142	7.50
2288	17131	7.49
2289	19556	8.54
2290	17232	7.52
2291	18474	8.06
2292	17175	7.49
2293	17205	7.50
2294	17172	7.49
2295	18688	8.14
2296	19103	8.32
2297	17806	7.75
2298	17791	7.74
2299	19629	8.54
2300	20093	8.74
2301	17203	7.48
2302	17327	7.53
2303	17195	7.47
2304	17192	7.46
2305	17205	7.46
2306	17229	7.47
2307	17212	7.46
2308	17335	7.51
2309	17218	7.46
2310	17227	7.46
2311	17223	7.45
2312	19686	8.51
2313	19636	8.49
2314	18612	8.04
2315	17765	7.67
2316	17252	7.45
2317	17777	7.67
2318	17427	7.52
2319	17437	7.52
2320	17418	7.51
2321	17459	7.52
2322	17453	7.52
2323	17461	7.52
2324	17475	7.52
2325	17517	7.53
2326	17869	7.68
2327	17452	7.50
2328	17424	7.48
2329	17435	7.49
2330	17453	7.49
2331	17443	7.48
2332	17989	7.71
2333	17495	7.50
2334	17906	7.67
2335	17506	7.50
2336	17889	7.66
2337	17950	7.68
2338	18562	7.94
2339	24573	10.51
2340	18086	7.73
2341	18050	7.71
2342	18096	7.73
2343	18260	7.79
2344	18052	7.70
2345	18082	7.71
2346	18088	7.71
2347	18210	7.76
2348	18107	7.71
2349	18119	7.71
2350	18084	7.70
2351	22889	9.74
2352	19971	8.49
2353	21556	9.16
2354	22479	9.55
2355	17644	7.49
2356	17607	7.47
2357	17649	7.49
2358	18348	7.78
2359	18193	7.71
2360	18205	7.71
2361	18216	7.72
2362	18208	7.71
2363	18221	7.71
2364	18219	7.71
2365	20627	8.72
2366	18586	7.86
2367	18229	7.70
2368	18398	7.77
2369	19885	8.39
2370	17892	7.55
2371	24391	10.29
2372	22302	9.40
2373	17779	7.49
2374	17769	7.48
2375	17911	7.54
2376	17736	7.46
2377	17768	7.47
2378	17737	7.46
2379	20147	8.47
2380	17752	7.46
2381	17730	7.45
2382	18141	7.62
2383	17802	7.47
2384	17956	7.53
2385	17840	7.48
2386	17840	7.48
2387	18135	7.60
2388	17858	7.48
2389	17842	7.47
2390	21338	8.93
2391	18418	7.70
2392	18445	7.71
2393	18454	7.71
2394	18447	7.71
2395	18443	7.70
2396	18448	7.70
2397	19554	8.16
2398	19171	7.99
2399	17866	7.45
2400	18184	7.58
2401	18189	7.58
2402	17882	7.44
2403	17893	7.45
2404	17923	7.46
2405	19794	8.23
2406	18527	7.70
2407	17932	7.45
2408	19374	8.05
2409	17936	7.45
2410	17939	7.44
2411	17922	7.43
2412	18070	7.49
2413	17943	7.44
2414	18192	7.54
2415	17991	7.45
2416	18004	7.45
2417	18000	7.45
2418	18194	7.52
2419	17995	7.44
2420	18027	7.45
2421	17994	7.43
2422	18016	7.44
2423	23685	9.78
2424	18658	7.70
2425	18643	7.69
2426	18617	7.67
2427	18636	7.68
2428	18618	7.67
2429	18674	7.69
2430	22853	9.40
2431	18644	7.67
2432	18660	7.67
2433	18676	7.68
2434	18680	7.67
2435	18705	7.68
2436	19090	7.84
2437	21034	8.63
2438	18722	7.68
2439	18829	7.72
2440	18838	7.72
2441	20632	8.45
2442	21470	8.79
2443	19104	7.82
2444	18280	7.48
2445	18264	7.47
2446	18266	7.47
2447	18300	7.48
2448	18295	7.47
2449	18432	7.53
2450	18290	7.47
2451	18319	7.47
2452	18625	7.60
2453	18230	7.43
2454	19683	8.02
2455	18377	7.49
2456	18236	7.43
2457	18239	7.42
2458	18257	7.43
2459	18279	7.43
2460	18247	7.42
2461	21766	8.84
2462	18307	7.44
2463	18313	7.44
2464	18312	7.43
2465	18417	7.47
2466	18298	7.42
2467	18304	7.42
2468	18294	7.41
2469	18285	7.41
2470	18304	7.41
2471	18312	7.41
2472	18313	7.41
2473	18331	7.41
2474	18469	7.47
2475	18352	7.41
2476	19817	8.00
2477	19014	7.68
2478	19382	7.82
2479	19242	7.76
2480	18952	7.64
2481	18963	7.64
2482	18969	7.64
2483	18983	7.65
2484	18977	7.64
2485	18977	7.64
2486	19819	7.97
2487	19016	7.65
2488	19010	7.64
2489	19007	7.64
2490	18938	7.61
2491	18949	7.61
2492	21089	8.46
2493	19817	7.95
2494	19077	7.65
2495	19109	7.66
2496	19121	7.66
2497	19109	7.65
2498	19116	7.65
2499	19377	7.75
2500	18843	7.54
2501	18609	7.44
2502	18635	7.45
2503	18621	7.44
2504	18660	7.45
2505	18645	7.44
2506	18635	7.44
2507	19026	7.59
2508	18659	7.44
2509	18642	7.43
2510	18988	7.56
2511	19022	7.58
2512	21815	8.68
2513	21024	8.37
2514	20775	8.26
2515	18608	7.40
2516	18759	7.46
2517	18602	7.39
2518	18617	7.39
2519	18588	7.38
2520	18690	7.42
2521	18612	7.38
2522	18652	7.40
2523	20089	7.96
2524	18864	7.47
2525	20624	8.17
2526	20224	8.01
2527	18757	7.42
2528	20006	7.91
2529	20617	8.15
2530	19501	7.71
2531	19345	7.64
2532	19891	7.86
2533	18770	7.41
2534	18753	7.40
2535	19795	7.81
2536	26521	10.46
2537	19296	7.61
2538	19309	7.61
2539	19314	7.61
2540	19295	7.60
2541	19318	7.60
2542	19336	7.61
2543	19546	7.69
2544	18788	7.39
2545	20633	8.11
2546	20184	7.93
2547	21326	8.37
2548	20254	7.95
2549	19462	7.64
2550	18951	7.43
2551	18911	7.41
2552	18910	7.41
2553	19074	7.47
2554	18919	7.41
2555	20360	7.97
2556	18899	7.39
2557	23794	9.31
2558	19694	7.70
2559	19427	7.59
2560	19440	7.59
2561	19698	7.69
2562	19453	7.59
2563	19454	7.59
2564	19461	7.59
2565	19591	7.64
2566	19480	7.59
2567	19540	7.61
2568	19819	7.72
2569	19629	7.64
2570	19650	7.65
2571	19647	7.64
2572	19571	7.61
2573	19622	7.63
2574	19632	7.63
2575	19584	7.61
2576	19677	7.64
2577	19657	7.63
2578	19662	7.63
2579	19633	7.61
2580	19632	7.61
2581	19627	7.60
2582	19662	7.62
2583	19928	7.72
2584	19679	7.62
2585	21550	8.34
2586	20797	8.04
2587	19657	7.60
2588	19660	7.60
2589	19908	7.69
2590	19575	7.56
2591	19570	7.55
2592	19550	7.54
2593	19557	7.54
2594	19577	7.55
2595	19662	7.58
2596	22191	8.55
2597	20893	8.05
2598	20010	7.70
2599	19699	7.58
2600	21201	8.15
2601	19188	7.38
2602	19220	7.39
2603	19212	7.38
2604	19222	7.38
2605	19230	7.38
2606	20044	7.69
2607	19766	7.58
2608	19745	7.57
2609	20149	7.72
2610	19763	7.57
2611	19753	7.57
2612	19777	7.57
2613	19788	7.57
2614	19771	7.56
2615	20055	7.67
2616	23400	8.94
2617	19925	7.61
2618	20469	7.82
2619	19915	7.60
2620	19875	7.59
2621	19889	7.59
2622	19894	7.59
2623	20128	7.67
2624	19834	7.56
2625	19818	7.55
2626	22092	8.41
2627	19363	7.37
2628	24506	9.32
2629	25086	9.54
2630	19384	7.37
2631	19392	7.37
2632	19380	7.36
2633	19707	7.48
2634	21948	8.33
2635	23085	8.76
2636	19938	7.56
2637	20827	7.90
2638	19407	7.36
2639	19415	7.36
2640	19443	7.36
2641	19428	7.36
2642	19420	7.35
2643	19602	7.42
2644	23939	9.05
2645	21920	8.29
2646	22214	8.40
2647	19560	7.39
2648	20687	7.81
2649	19515	7.37
2650	21341	8.05
2651	19583	7.39
2652	19579	7.38
2653	19589	7.38
2654	19608	7.39
2655	19594	7.38
2656	19723	7.43
2657	19616	7.38
2658	19602	7.37
2659	20351	7.65
2660	19614	7.37
2661	22590	8.49
2662	21037	7.90
2663	20162	7.57
2664	20457	7.68
2665	20122	7.55
2666	21561	8.09
2667	20425	7.66
2668	20437	7.66
2669	19692	7.38
2670	19687	7.37
2671	21090	7.90
2672	19648	7.35
2673	19660	7.36
2674	19736	7.38
2675	19603	7.33
2676	19640	7.34
2677	19660	7.34
2678	20689	7.73
2679	20149	7.52
2680	20143	7.52
2681	20147	7.51
2682	21018	7.84
2683	19743	7.36
2684	19744	7.36
2685	19750	7.36
2686	19742	7.35
2687	19949	7.42
2688	19814	7.37
2689	19812	7.37
2690	19827	7.37
2691	19819	7.36
2692	23785	8.84
2693	23076	8.57
2694	23079	8.57
2695	23064	8.56
2696	23058	8.55
2697	23801	8.82
2698	23514	8.72
2699	19894	7.37
2700	21278	7.88
2701	20470	7.58
2702	21635	8.01
2703	19856	7.35
2704	22033	8.15
2705	20738	7.67
2706	20425	7.55
2707	20437	7.55
2708	20467	7.56
2709	20555	7.59
2710	23668	8.73
2711	19877	7.33
2712	19886	7.33
2713	19880	7.33
2714	21019	7.74
2715	20004	7.37
2716	20765	7.65
2717	20067	7.39
2718	20039	7.37
2719	20062	7.38
2720	20035	7.37
2721	20042	7.37
2722	20069	7.37
2723	20064	7.37
2724	20085	7.37
2725	20427	7.50
2726	20036	7.35
2727	20046	7.35
2728	20051	7.35
2729	20083	7.36
2730	20053	7.35
2731	24159	8.85
2732	21417	7.84
2733	27628	10.11
2734	20619	7.54
2735	20624	7.54
2736	20608	7.53
2737	20668	7.55
2738	20660	7.55
2739	20970	7.66
2740	20542	7.50
2741	21628	7.89
2742	21878	7.98
2743	22329	8.14
2744	20188	7.36
2745	20211	7.36
2746	20213	7.36
2747	21023	7.65
2748	20203	7.35
2749	20301	7.38
2750	20164	7.33
2751	20401	7.42
2752	20202	7.34
2753	20184	7.33
2754	20209	7.34
2755	20219	7.34
2756	20218	7.34
2757	20214	7.33
2758	20226	7.33
2759	20899	7.57
2760	20326	7.36
2761	20336	7.37
2762	21299	7.71
2763	20885	7.56
2764	23894	8.64
2765	20265	7.33
2766	20235	7.32
2767	20237	7.31
2768	20282	7.33
2769	20253	7.31
2770	20244	7.31
2771	21402	7.72
2772	20775	7.49
2773	22806	8.22
2774	20330	7.33
2775	20336	7.33
2776	20339	7.33
2777	20349	7.33
2778	20581	7.41
2779	20633	7.42
2780	20304	7.30
2781	20209	7.27
2782	21497	7.73
2783	22061	7.93
2784	20326	7.30
2785	20328	7.30
2786	20314	7.29
2787	20330	7.29
2788	21983	7.88
2789	22854	8.19
2790	20982	7.52
2791	20991	7.52
2792	20995	7.52
2793	21008	7.52
2794	21014	7.52
2795	21476	7.68
2796	21102	7.55
2797	21035	7.52
2798	22484	8.04
2799	21055	7.52
2800	21541	7.69
2801	20478	7.31
2802	20631	7.36
2803	20482	7.31
2804	22877	8.16
2805	24212	8.63
2806	21449	7.64
2807	20628	7.35
2808	20610	7.34
2809	20923	7.45
2810	21066	7.50
2811	20574	7.32
2812	20584	7.32
2813	20574	7.31
2814	20593	7.32
2815	22064	7.84
2816	22055	7.83
2817	21216	7.53
2818	21119	7.49
2819	23203	8.23
2820	20971	7.44
2821	20693	7.34
2822	20696	7.33
2823	20684	7.33
2824	20711	7.33
2825	20722	7.34
2826	21622	7.65
2827	20730	7.33
2828	20755	7.34
2829	20649	7.30
2830	20670	7.30
2831	20667	7.30
2832	23726	8.38
2833	28745	10.15
2834	21146	7.46
2835	25183	8.88
2836	22895	8.07
2837	21950	7.74
2838	21243	7.49
2839	21227	7.48
2840	21240	7.48
2841	22434	7.90
2842	21139	7.44
2843	23062	8.11
2844	22912	8.06
2845	21394	7.52
2846	21418	7.53
2847	21381	7.51
2848	21377	7.51
2849	22207	7.79
2850	23281	8.17
2851	22235	7.80
2852	20703	7.26
2853	20732	7.27
2854	20776	7.28
2855	20783	7.28
2856	23111	8.09
2857	20870	7.30
2858	20874	7.30
2859	20941	7.32
2860	22274	7.79
2861	20831	7.28
2862	20913	7.31
2863	23884	8.34
2864	22250	7.77
2865	20843	7.28
2866	21109	7.37
2867	20962	7.31
2868	20910	7.29
2869	20905	7.29
2870	20922	7.29
2871	21693	7.56
2872	21528	7.50
2873	22968	7.99
2874	21911	7.62
2875	21956	7.64
2876	21549	7.49
2877	21571	7.50
2878	21757	7.56
2879	21598	7.50
2880	21600	7.50
2881	21609	7.50
2882	21671	7.52
2883	21604	7.49
2884	21586	7.48
2885	21605	7.49
2886	21610	7.49
2887	21619	7.49
2888	21647	7.50
2889	21695	7.51
2890	21643	7.49
2891	21754	7.52
2892	21645	7.48
2893	21934	7.58
2894	21660	7.48
2895	21674	7.49
2896	21677	7.49
2897	22758	7.86
2898	21141	7.30
2899	25381	8.76
2900	21603	7.45
2901	21054	7.26
2902	21031	7.25
2903	21064	7.26
2904	21118	7.27
2905	21131	7.27
2906	21141	7.27
2907	21168	7.28
2908	21171	7.28
2909	22626	7.78
2910	21087	7.25
2911	33695	11.58
2912	26950	9.25
2913	22597	7.76
2914	21735	7.46
2915	21767	7.47
2916	22036	7.56
2917	22171	7.60
2918	22163	7.60
2919	21808	7.47
2920	21727	7.44
2921	21673	7.42
2922	21725	7.43
2923	21618	7.40
2924	21691	7.42
2925	21812	7.46
2926	24760	8.46
2927	22587	7.72
2928	21874	7.47
2929	21929	7.49
2930	22882	7.81
2931	25590	8.73
2932	21968	7.49
2933	22249	7.59
2934	21422	7.30
2935	21302	7.26
2936	21298	7.25
2937	21288	7.25
2938	21297	7.25
2939	21556	7.33
2940	22859	7.78
2941	24547	8.35
2942	29602	10.06
2943	22932	7.79
2944	22348	7.59
2945	21944	7.45
2946	21934	7.45
2947	21949	7.45
2948	21953	7.45
2949	21968	7.45
2950	22222	7.53
2951	21962	7.44
2952	23775	8.05
2953	21529	7.29
2954	21533	7.29
2955	21508	7.28
2956	21531	7.28
2957	22324	7.55
2958	21573	7.29
2959	21529	7.28
2960	21875	7.39
2961	22289	7.53
2962	21538	7.27
2963	21525	7.26
2964	22717	7.66
2965	21645	7.30
2966	21664	7.30
2967	21679	7.31
2968	21665	7.30
2969	21672	7.30
2970	21781	7.33
2971	21718	7.31
2972	21780	7.33
2973	21734	7.31
2974	21775	7.32
2975	21711	7.30
2976	21726	7.30
2977	21741	7.30
2978	21735	7.30
2979	23973	8.05
2980	23624	7.93
2981	21636	7.26
2982	23998	8.05
2983	22292	7.47
2984	22273	7.46
2985	24281	8.13
2986	24537	8.22
2987	21755	7.28
2988	21769	7.29
2989	21787	7.29
2990	22160	7.41
2991	22072	7.38
2992	21911	7.32
2993	25188	8.42
2994	21869	7.30
2995	22106	7.38
2996	22092	7.37
2997	22046	7.36
2998	22390	7.47
2999	22051	7.35
3000	23538	7.85
3001	22066	7.35
3002	22426	7.47
3003	21979	7.32
3004	22624	7.53
3005	23902	7.95
3006	23993	7.98
3007	22071	7.34
3008	22161	7.37
3009	22433	7.46
3010	22158	7.36
3011	22806	7.57
3012	22507	7.47
3013	21920	7.28
3014	25980	8.62
3015	26945	8.94
3016	22063	7.32
3017	22196	7.36
3018	22013	7.29
3019	22184	7.35
3020	22794	7.55
3021	21984	7.28
3022	22886	7.57
3023	22277	7.37
3024	22048	7.29
3025	22922	7.58
3026	22255	7.35
3027	22010	7.27
3028	22248	7.35
3029	24460	8.08
3030	31460	10.38
3031	24185	7.98
3032	22052	7.27
3033	22041	7.27
3034	22394	7.38
3035	22079	7.27
3036	22053	7.26
3037	22085	7.27
3038	23683	7.80
3039	22076	7.26
3040	22080	7.26
3041	22824	7.51
3042	24090	7.92
3043	24625	8.09
3044	24744	8.13
3045	22350	7.34
3046	22132	7.27
3047	22120	7.26
3048	22062	7.24
3049	23792	7.80
3050	22145	7.26
3051	23066	7.56
3052	22668	7.43
3053	22853	7.49
3054	22652	7.42
3055	22697	7.43
3056	22682	7.42
3057	22648	7.41
3058	22594	7.39
3059	22590	7.38
3060	22225	7.26
3061	22198	7.25
3062	22227	7.26
3063	22378	7.31
3064	22223	7.25
3065	22259	7.26
3066	22255	7.26
3067	22810	7.44
3068	22835	7.44
3069	23144	7.54
3070	22771	7.42
3071	22246	7.24
3072	22248	7.24
3073	22212	7.23
3074	22201	7.22
3075	22700	7.38
3076	22246	7.23
3077	22255	7.23
3078	22932	7.45
3079	22350	7.26
3080	22345	7.25
3081	22362	7.26
3082	22363	7.26
3083	23810	7.72
3084	25591	8.30
3085	22249	7.21
3086	24817	8.04
3087	27442	8.89
3088	23773	7.70
3089	22295	7.22
3090	22320	7.22
3091	22304	7.22
3092	22476	7.27
3093	22547	7.29
3094	22331	7.22
3095	22331	7.22
3096	22360	7.22
3097	24074	7.77
3098	22366	7.22
3099	22850	7.37
3100	22673	7.31
3101	22421	7.23
3102	22405	7.22
3103	23378	7.53
3104	22416	7.22
3105	22415	7.22
3106	22386	7.21
3107	22374	7.20
3108	22414	7.21
3109	26546	8.54
3110	22548	7.25
3111	22563	7.25
3112	22554	7.25
3113	23138	7.43
3114	23904	7.68
3115	30448	9.77
3116	24520	7.87
3117	22645	7.26
3118	22666	7.27
3119	22467	7.20
3120	22790	7.30
3121	22532	7.22
3122	22567	7.23
3123	22647	7.25
3124	24082	7.71
3125	22524	7.21
3126	22565	7.22
3127	22961	7.34
3128	22664	7.25
3129	25796	8.24
3130	30598	9.78
3131	22630	7.23
3132	22611	7.22
3133	23056	7.36
3134	24418	7.79
3135	24722	7.89
3136	22752	7.26
3137	22778	7.26
3138	22717	7.24
3139	22730	7.24
3140	23180	7.38
3141	22718	7.23
3142	22708	7.23
3143	25079	7.98
3144	24739	7.87
3145	23629	7.51
3146	23301	7.41
3147	24926	7.92
3148	23048	7.32
3149	22817	7.25
3150	22834	7.25
3151	22818	7.24
3152	22923	7.27
3153	23706	7.52
3154	23245	7.37
3155	23843	7.56
3156	22869	7.25
3157	22874	7.25
3158	26789	8.48
3159	23630	7.48
3160	22881	7.24
3161	23958	7.58
3162	23860	7.55
3163	23950	7.57
3164	22786	7.20
3165	22769	7.19
3166	22726	7.18
3167	22758	7.19
3168	22939	7.24
3169	23740	7.49
3170	22799	7.19
3171	22847	7.20
3172	22811	7.19
3173	22824	7.19
3174	22797	7.18
3175	22801	7.18
3176	22826	7.19
3177	23421	7.37
3178	23019	7.24
3179	22877	7.20
3180	22869	7.19
3181	22883	7.19
3182	23222	7.30
3183	22921	7.20
3184	23906	7.51
3185	24474	7.68
3186	23068	7.24
3187	23830	7.48
3188	22962	7.20
3189	22970	7.20
3190	22915	7.18
3191	23898	7.49
3192	23578	7.39
3193	23584	7.39
3194	23596	7.39
3195	24027	7.52
3196	23626	7.39
3197	23605	7.38
3198	24942	7.80
3199	25762	8.05
3200	24215	7.57
3201	23099	7.22
3202	23076	7.21
3203	23101	7.21
3204	23537	7.35
3205	23161	7.23
3206	23155	7.22
3207	23240	7.25
3208	25954	8.09
3209	24273	7.56
3210	23167	7.22
3211	23180	7.22
3212	24667	7.68
3213	26364	8.21
3214	24189	7.53
3215	23148	7.20
3216	23128	7.19
3217	23249	7.23
3218	23143	7.19
3219	23127	7.18
3220	24328	7.56
3221	25260	7.84
3222	23791	7.38
3223	24152	7.49
3224	23876	7.41
3225	24277	7.53
3226	23220	7.20
3227	23334	7.23
3228	24780	7.68
3229	31572	9.78
3230	23889	7.40
3231	23887	7.39
3232	23918	7.40
3233	24487	7.57
3234	23329	7.21
3235	23338	7.21
3236	24014	7.42
3237	23348	7.21
3238	23284	7.19
3239	31863	9.84
3240	28737	8.87
3241	24059	7.42
3242	23426	7.23
3243	23469	7.24
3244	23799	7.34
3245	23454	7.23
3246	23479	7.23
3247	23452	7.22
3248	23707	7.30
3249	23487	7.23
3250	23479	7.22
3251	23489	7.23
3252	24008	7.38
3253	24055	7.39
3254	23968	7.37
3255	23978	7.37
3256	23977	7.36
3257	23972	7.36
3258	26870	8.25
3259	24517	7.52
3260	24032	7.37
3261	24068	7.38
3262	24353	7.47
3263	24078	7.38
3264	24080	7.38
3265	24089	7.38
3266	25766	7.89
3267	24630	7.54
3268	27837	8.52
3269	27578	8.44
3270	23531	7.20
3271	23490	7.18
3272	23602	7.21
3273	23869	7.29
3274	24145	7.37
3275	24159	7.38
3276	24171	7.38
3277	24181	7.38
3278	24306	7.41
3279	24179	7.37
3280	24251	7.39
3281	24224	7.38
3282	26842	8.18
3283	24205	7.37
3284	24503	7.46
3285	23715	7.22
3286	23962	7.29
3287	23716	7.22
3288	23810	7.24
3289	23745	7.22
3290	24095	7.32
3291	25143	7.64
3292	24494	7.44
3293	26183	7.95
3294	24260	7.36
3295	24768	7.52
3296	23721	7.20
3297	23748	7.20
3298	23853	7.23
3299	23739	7.20
3300	24503	7.43
3301	26111	7.91
3302	23764	7.20
3303	23769	7.20
3304	23780	7.20
3305	23785	7.20
3306	28373	8.58
3307	24986	7.56
3308	24276	7.34
3309	24285	7.34
3310	24341	7.35
3311	24316	7.34
3312	24343	7.35
3313	24657	7.44
3314	24267	7.32
3315	24297	7.33
3316	24249	7.31
3317	24513	7.39
3318	24277	7.32
3319	24650	7.43
3320	26456	7.97
3321	23919	7.20
3322	24239	7.30
3323	23874	7.18
3324	26246	7.90
3325	24227	7.29
3326	23747	7.14
3327	30861	9.28
3328	26025	7.82
3329	24510	7.36
3330	24861	7.47
3331	23972	7.20
3332	27389	8.22
3333	30967	9.29
3334	25127	7.54
3335	23980	7.19
3336	23962	7.18
3337	23960	7.18
3338	23977	7.18
3339	24305	7.28
3340	25234	7.56
3341	24036	7.19
3342	23961	7.17
3343	23943	7.16
3344	24195	7.24
3345	25163	7.52
3346	24659	7.37
3347	24651	7.37
3348	24788	7.40
3349	23978	7.16
3350	23980	7.16
3351	23996	7.16
3352	24008	7.16
3353	24708	7.37
3354	26247	7.83
3355	24123	7.19
3356	24202	7.21
3357	24089	7.18
3358	24077	7.17
3359	26127	7.78
3360	27389	8.15
3361	25686	7.64
3362	24226	7.21
3363	24190	7.19
3364	25245	7.50
3365	24776	7.36
3366	24734	7.35
3367	24747	7.35
3368	26196	7.78
3369	25618	7.60
3370	24774	7.35
3371	24783	7.35
3372	24787	7.35
3373	24790	7.35
3374	24770	7.34
3375	24907	7.38
3376	26064	7.72
3377	26149	7.74
3378	25771	7.63
3379	24902	7.37
3380	24923	7.37
3381	25023	7.40
3382	24901	7.36
3383	24914	7.36
3384	25044	7.40
3385	27669	8.17
3386	24906	7.36
3387	25515	7.53
3388	24460	7.22
3389	24470	7.22
3390	24489	7.22
3391	24712	7.29
3392	24470	7.21
3393	25017	7.37
3394	26456	7.79
3395	25048	7.38
3396	25006	7.36
3397	25033	7.37
3398	25032	7.37
3399	25229	7.42
3400	24801	7.29
3401	25412	7.47
3402	24341	7.15
3403	24314	7.14
3404	24339	7.15
3405	24342	7.15
3406	24332	7.14
3407	24822	7.29
3408	24406	7.16
3409	25134	7.37
3410	24591	7.21
3411	24859	7.29
3412	25952	7.61
3413	26145	7.66
3414	24615	7.21
3415	24607	7.21
3416	24507	7.17
3417	25149	7.36
3418	24675	7.22
3419	24603	7.20
3420	24592	7.19
3421	26575	7.77
3422	24574	7.18
3423	24562	7.18
3424	25142	7.34
3425	27341	7.98
3426	26408	7.71
3427	34008	9.92
3428	25132	7.33
3429	25127	7.33
3430	25281	7.37
3431	25403	7.40
3432	25121	7.32
3433	24610	7.17
3434	24661	7.18
3435	24601	7.16
3436	24627	7.17
3437	27744	8.07
3438	29348	8.54
3439	25387	7.38
3440	24647	7.16
3441	24916	7.24
3442	24772	7.20
3443	24466	7.11
3444	24491	7.11
3445	24496	7.11
3446	25674	7.45
3447	26261	7.62
3448	24750	7.18
3449	27809	8.06
3450	27410	7.94
3451	26049	7.55
3452	24821	7.19
3453	24824	7.19
3454	24811	7.18
3455	24834	7.19
3456	25255	7.31
3457	25308	7.32
3458	26916	7.78
3459	25391	7.34
3460	25338	7.32
3461	25370	7.33
3462	25436	7.35
3463	25368	7.33
3464	25709	7.42
3465	24836	7.17
3466	24805	7.16
3467	26026	7.51
3468	24930	7.19
3469	24861	7.17
3470	26236	7.56
3471	25965	7.48
3472	24840	7.15
3473	24857	7.16
3474	24819	7.14
3475	24882	7.16
3476	30548	8.79
3477	25210	7.25
3478	24877	7.15
3479	24902	7.16
3480	25974	7.46
3481	24982	7.18
3482	24985	7.18
3483	25050	7.19
3484	24984	7.17
3485	24989	7.17
3486	25005	7.17
3487	26708	7.66
3488	27532	7.89
3489	24992	7.16
3490	24983	7.16
3491	25016	7.17
3492	25027	7.17
3493	25577	7.32
3494	25134	7.19
3495	25990	7.44
3496	25047	7.16
3497	25038	7.16
3498	25030	7.16
3499	25527	7.30
3500	25241	7.21
3501	25061	7.16
3502	25055	7.15
3503	25645	7.32
3504	25641	7.32
3505	25629	7.31
3506	25677	7.32
3507	25669	7.32
3508	25676	7.32
3509	25690	7.32
3510	25695	7.32
3511	25697	7.32
3512	25745	7.33
3513	25732	7.32
3514	25724	7.32
3515	25725	7.32
3516	28009	7.97
3517	25752	7.32
3518	25780	7.33
3519	26085	7.41
3520	25812	7.33
3521	25890	7.35
3522	25893	7.35
3523	25822	7.33
3524	25808	7.32
3525	25763	7.31
3526	35791	10.15
3527	30139	8.55
3528	26381	7.48
3529	26282	7.45
3530	27936	7.91
3531	26240	7.43
3532	26370	7.47
3533	27463	7.77
3534	27379	7.75
3535	26385	7.46
3536	26486	7.49
3537	26855	7.59
3538	32978	9.32
3539	31622	8.94
3540	25366	7.17
3541	25491	7.20
3542	25633	7.24
3543	25219	7.12
3544	25221	7.12
3545	25199	7.11
3546	25218	7.11
3547	25260	7.12
3548	27325	7.70
3549	25440	7.17
3550	25346	7.14
3551	25376	7.15
3552	26447	7.45
3553	26955	7.59
3554	29273	8.24
3555	25954	7.30
3556	26207	7.37
3557	25959	7.30
3558	25991	7.30
3559	26091	7.33
3560	25948	7.29
3561	25484	7.16
3562	27639	7.76
3563	26811	7.52
3564	27002	7.58
3565	26009	7.30
3566	25992	7.29
3567	26054	7.30
3568	25994	7.29
3569	26008	7.29
3570	26336	7.38
3571	26117	7.31
3572	26109	7.31
3573	26076	7.30
3574	26084	7.30
3575	26104	7.30
3576	26101	7.30
3577	33598	9.39
3578	29792	8.33
3579	30279	8.46
3580	29672	8.29
3581	32167	8.98
3582	31525	8.80
3583	25692	7.17
3584	25696	7.17
3585	25695	7.17
3586	25712	7.17
3587	28312	7.89
3588	26344	7.34
3589	25807	7.19
3590	25866	7.21
3591	26818	7.47
3592	28675	7.98
3593	25734	7.16
3594	25752	7.17
3595	25847	7.19
3596	25983	7.23
3597	25792	7.17
3598	25791	7.17
3599	28601	7.95
3600	35914	9.98
3601	25671	7.13
3602	25715	7.14
3603	26731	7.42
3604	27078	7.51
3605	26332	7.30
3606	26368	7.31
3607	26290	7.29
3608	26322	7.30
3609	26692	7.40
3610	26279	7.28
3611	27201	7.53
3612	28759	7.96
3613	25951	7.18
3614	25921	7.17
3615	25885	7.16
3616	26890	7.44
3617	25811	7.14
3618	25746	7.12
3619	27202	7.52
3620	25717	7.10
3621	26655	7.36
3622	25801	7.12
3623	25807	7.12
3624	26502	7.31
3625	33048	9.12
3626	28619	7.89
3627	26680	7.36
3628	26487	7.30
3629	26494	7.30
3630	28279	7.79
3631	26799	7.38
3632	26646	7.34
3633	26597	7.32
3634	26559	7.31
3635	27293	7.51
3636	30694	8.44
3637	29899	8.22
3638	26783	7.36
3639	26586	7.31
3640	26578	7.30
3641	26609	7.31
3642	26947	7.40
3643	26566	7.29
3644	26829	7.36
3645	28051	7.70
3646	26486	7.26
3647	27644	7.58
3648	26089	7.15
3649	26429	7.24
3650	26532	7.27
3651	26077	7.14
3652	26308	7.20
3653	26086	7.14
3654	26102	7.14
3655	26584	7.27
3656	26498	7.25
3657	26501	7.25
3658	26499	7.24
3659	26513	7.25
3660	26517	7.25
3661	26542	7.25
3662	26577	7.26
3663	26571	7.25
3664	26962	7.36
3665	26571	7.25
3666	26588	7.25
3667	26583	7.25
3668	26665	7.27
3669	26806	7.31
3670	28760	7.84
3671	33749	9.19
3672	28500	7.76
3673	27225	7.41
3674	26242	7.14
3675	26342	7.17
3676	26174	7.12
3677	26175	7.12
3678	26360	7.17
3679	27196	7.39
3680	27775	7.55
3681	26300	7.14
3682	26406	7.17
3683	26319	7.15
3684	26265	7.13
3685	26260	7.13
3686	26262	7.12
3687	26299	7.13
3688	26265	7.12
3689	26458	7.17
3690	26401	7.15
3691	28526	7.73
3692	27088	7.34
3693	26511	7.18
3694	26368	7.14
3695	27851	7.54
3696	28599	7.74
3697	28504	7.71
3698	27072	7.32
3699	26996	7.30
3700	26680	7.21
3701	26678	7.21
3702	26438	7.14
3703	26431	7.14
3704	27867	7.52
3705	26435	7.13
3706	26423	7.13
3707	27394	7.39
3708	27207	7.34
3709	27029	7.29
3710	26503	7.14
3711	27249	7.34
3712	26992	7.27
3713	30688	8.27
3714	27067	7.29
3715	27070	7.29
3716	27198	7.32
3717	27063	7.28
3718	27080	7.28
3719	27206	7.32
3720	29020	7.80
3721	29563	7.94
3722	26640	7.16
3723	26544	7.13
3724	26653	7.16
3725	32965	8.85
3726	26565	7.13
3727	26509	7.11
3728	26440	7.09
3729	26435	7.09
3730	26437	7.09
3731	27219	7.30
3732	36032	9.65
3733	29176	7.82
3734	26561	7.11
3735	26530	7.10
3736	26689	7.14
3737	26518	7.10
3738	26902	7.20
3739	26553	7.10
3740	26587	7.11
3741	28008	7.49
3742	26790	7.16
3743	26544	7.09
3744	26514	7.08
3745	27866	7.44
3746	26812	7.16
3747	27282	7.28
3748	26788	7.15
3749	27040	7.21
3750	27372	7.30
3751	27444	7.32
3752	27581	7.35
3753	27340	7.28
3754	27327	7.28
3755	29991	7.99
3756	26753	7.12
3757	26740	7.12
3758	27105	7.21
3759	27216	7.24
3760	26788	7.12
3761	26813	7.13
3762	26822	7.13
3763	26834	7.13
3764	26843	7.13
3765	27098	7.20
3766	26881	7.14
3767	26805	7.12
3768	28786	7.64
3769	27428	7.28
3770	26765	7.10
3771	26763	7.10
3772	26774	7.10
3773	26765	7.09
3774	26839	7.11
3775	26940	7.14
3776	29373	7.78
3777	28171	7.46
3778	26919	7.13
3779	28716	7.60
3780	28525	7.55
3781	27194	7.19
3782	27446	7.26
3783	29280	7.74
3784	28099	7.43
3785	27426	7.25
3786	27486	7.26
3787	28909	7.63
3788	27508	7.26
3789	27510	7.26
3790	27623	7.29
3791	27150	7.16
3792	27153	7.16
3793	27508	7.25
3794	26932	7.10
3795	26918	7.09
3796	26933	7.10
3797	26876	7.08
3798	28634	7.54
3799	27677	7.29
3800	28008	7.37
3801	27577	7.26
3802	27595	7.26
3803	27579	7.25
3804	27573	7.25
3805	27614	7.26
3806	27605	7.25
3807	27952	7.34
3808	27588	7.24
3809	27613	7.25
3810	27931	7.33
3811	27609	7.24
3812	27736	7.28
3813	27673	7.26
3814	27712	7.27
3815	27729	7.27
3816	27706	7.26
3817	27812	7.29
3818	27050	7.08
3819	30142	7.89
3820	28322	7.41
3821	28103	7.35
3822	27221	7.12
3823	27209	7.12
3824	36438	9.53
3825	27763	7.26
3826	29970	7.83
3827	33484	8.75
3828	29224	7.63
3829	27896	7.29
3830	27800	7.26
3831	27872	7.28
3832	27795	7.25
3833	28710	7.49
3834	27808	7.25
3835	29318	7.64
3836	27841	7.26
3837	27885	7.27
3838	27833	7.25
3839	29706	7.74
3840	30169	7.86
3841	27892	7.26
3842	27910	7.26
3843	27892	7.26
3844	27897	7.26
3845	28899	7.52
3846	27281	7.09
3847	28728	7.47
3848	27742	7.21
3849	29515	7.67
3850	44909	11.66
3851	27899	7.24
3852	27665	7.18
3853	27378	7.11
3854	27598	7.16
3855	27355	7.10
3856	27665	7.17
3857	27403	7.10
3858	27402	7.10
3859	27407	7.10
3860	28603	7.41
3861	28930	7.49
3862	27342	7.08
3863	27538	7.13
3864	27603	7.14
3865	27406	7.09
3866	27402	7.09
3867	27492	7.11
3868	27831	7.20
3869	27416	7.09
3870	27419	7.09
3871	27416	7.08
3872	27753	7.17
3873	29820	7.70
3874	29612	7.64
3875	27489	7.09
3876	27588	7.12
3877	27544	7.10
3878	27472	7.08
3879	27501	7.09
3880	27933	7.20
3881	27748	7.15
3882	28752	7.41
3883	28083	7.23
3884	28099	7.23
3885	28070	7.23
3886	28165	7.25
3887	31554	8.12
3888	28181	7.25
3889	28196	7.25
3890	28492	7.32
3891	28201	7.25
3892	28217	7.25
3893	28181	7.24
3894	27930	7.17
3895	27724	7.12
3896	28899	7.42
3897	27566	7.07
3898	27603	7.08
3899	27735	7.11
3900	29253	7.50
3901	28266	7.25
3902	31889	8.17
3903	27831	7.13
3904	27805	7.12
3905	27637	7.08
3906	27673	7.08
3907	31349	8.02
3908	30362	7.77
3909	27628	7.07
3910	27626	7.07
3911	27632	7.07
3912	27643	7.07
3913	27643	7.06
3914	27672	7.07
3915	28673	7.32
3916	28323	7.23
3917	28330	7.23
3918	28667	7.32
3919	28551	7.29
3920	28392	7.24
3921	28417	7.25
3922	30965	7.90
3923	32101	8.18
3924	27788	7.08
3925	27799	7.08
3926	28852	7.35
3927	28453	7.25
3928	28604	7.28
3929	30749	7.83
3930	32783	8.34
3931	29053	7.39
3932	28098	7.15
3933	34073	8.66
3934	28890	7.34
3935	27895	7.09
3936	27991	7.11
3937	28528	7.25
3938	28364	7.20
3939	29188	7.41
3940	29796	7.56
3941	28694	7.28
3942	30490	7.73
3943	28637	7.26
3944	29299	7.43
3945	28992	7.35
3946	28954	7.34
3947	28570	7.24
3948	28525	7.23
3949	28793	7.29
3950	28577	7.23
3951	28587	7.24
3952	28591	7.23
3953	28766	7.28
3954	28602	7.23
3955	28692	7.25
3956	28778	7.27
3957	28250	7.14
3958	28438	7.18
3959	28489	7.20
3960	28055	7.08
3961	28216	7.12
3962	28064	7.08
3963	31931	8.06
3964	28597	7.21
3965	30365	7.66
3966	31335	7.90
3967	28429	7.17
3968	28183	7.10
3969	28209	7.11
3970	28230	7.11
3971	28174	7.09
3972	28524	7.18
3973	29160	7.34
3974	30417	7.65
3975	33503	8.43
3976	28287	7.11
3977	28370	7.13
3978	29225	7.35
3979	28986	7.28
3980	28372	7.13
3981	28193	7.08
3982	31060	7.80
3983	30059	7.55
3984	31186	7.83
3985	31578	7.92
3986	29620	7.43
3987	28128	7.05
3988	28123	7.05
3989	28143	7.06
3990	29371	7.36
3991	28466	7.13
3992	30042	7.53
3993	28653	7.18
3994	28712	7.19
3995	29075	7.28
3996	28292	7.08
3997	28148	7.04
3998	31537	7.89
3999	28386	7.10
4000	28635	7.16
