N	Total Time	Average CPE
1	177	177.00
2	170	85.00
3	195	65.00
4	210	52.50
5	230	46.00
6	254	42.33
7	272	38.86
8	219	27.38
9	189	21.00
10	194	19.40
11	205	18.64
12	214	17.83
13	224	17.23
14	233	16.64
15	273	18.20
16	418	26.12
17	657	38.65
18	564	31.33
19	539	28.37
20	507	25.35
21	518	24.67
22	540	24.55
23	544	23.65
24	553	23.04
25	563	22.52
26	572	22.00
27	585	21.67
28	593	21.18
29	601	20.72
30	639	21.30
31	644	20.77
32	659	20.59
33	951	28.82
34	942	27.71
35	946	27.03
36	955	26.53
37	963	26.03
38	974	25.63
39	995	25.51
40	1018	25.45
41	1028	25.07
42	1040	24.76
43	1049	24.40
44	1058	24.05
45	1075	23.89
46	1098	23.87
47	1115	23.72
48	1121	23.35
49	1133	23.12
50	1142	22.84
51	1153	22.61
52	1148	22.08
53	1174	22.15
54	1187	21.98
55	1195	21.73
56	1204	21.50
57	1213	21.28
58	1224	21.10
59	1232	20.88
60	1244	20.73
61	1254	20.56
62	1263	20.37
63	1265	20.08
64	1270	19.84
65	1595	24.54
66	1583	23.98
67	1583	23.63
68	1628	23.94
69	1608	23.30
70	1621	23.16
71	2200	30.99
72	1591	22.10
73	1592	21.81
74	1614	21.81
75	1611	21.48
76	1629	21.43
77	1668	21.66
78	1675	21.47
79	1677	21.23
80	1695	21.19
81	1690	20.86
82	1709	20.84
83	1717	20.69
84	1729	20.58
85	1737	20.44
86	1750	20.35
87	2314	26.60
88	1714	19.48
89	1728	19.42
90	1739	19.32
91	1749	19.22
92	1922	20.89
93	2693	28.96
94	1801	19.16
95	1782	18.76
96	1782	18.56
97	1798	18.54
98	1810	18.47
99	1816	18.34
100	3822	38.22
101	1825	18.07
102	1835	17.99
103	1841	17.87
104	1849	17.78
105	1856	17.68
106	1866	17.60
107	2442	22.82
108	1870	17.31
109	1895	17.39
110	1904	17.31
111	1910	17.21
112	1922	17.16
113	1930	17.08
114	1939	17.01
115	1957	17.02
116	1960	16.90
117	1970	16.84
118	1976	16.75
119	1991	16.73
120	1994	16.62
121	2006	16.58
122	2018	16.54
123	2026	16.47
124	2033	16.40
125	2044	16.35
126	2056	16.32
127	2065	16.26
128	2075	16.21
129	2896	22.45
130	2363	18.18
131	2367	18.07
132	2576	19.52
133	2355	17.71
134	2354	17.57
135	2374	17.59
136	2383	17.52
137	2393	17.47
138	4477	32.44
139	4104	29.53
140	3021	21.58
141	3946	27.99
142	3885	27.36
143	2505	17.52
144	3517	24.42
145	3541	24.42
146	2448	16.77
147	3634	24.72
148	2543	17.18
149	2545	17.08
150	2558	17.05
151	2564	16.98
152	2577	16.95
153	2585	16.90
154	2597	16.86
155	2603	16.79
156	2611	16.74
157	2621	16.69
158	2636	16.68
159	2637	16.58
160	3920	24.50
161	2575	15.99
162	2583	15.94
163	2593	15.91
164	2605	15.88
165	2618	15.87
166	2626	15.82
167	2643	15.83
168	3422	20.37
169	2818	16.67
170	2727	16.04
171	2732	15.98
172	2748	15.98
173	2750	15.90
174	3727	21.42
175	4161	23.78
176	2726	15.49
177	2736	15.46
178	3296	18.52
179	2877	16.07
180	2834	15.74
181	2849	15.74
182	2855	15.69
183	2864	15.65
184	2927	15.91
185	2979	16.10
186	2926	15.73
187	3503	18.73
188	3002	15.97
189	3457	18.29
190	3280	17.26
191	2932	15.35
192	2967	15.45
193	3003	15.56
194	3045	15.70
195	3064	15.71
196	3053	15.58
197	3070	15.58
198	3058	15.44
199	3082	15.49
200	3410	17.05
201	3109	15.47
202	3101	15.35
203	3096	15.25
204	3124	15.31
205	3114	15.19
206	3130	15.19
207	3131	15.13
208	3154	15.16
209	3148	15.06
210	3157	15.03
211	3187	15.10
212	3176	14.98
213	3187	14.96
214	12819	59.90
215	6161	28.66
216	7750	35.88
217	4788	22.06
218	3286	15.07
219	3262	14.89
220	3278	14.90
221	3271	14.80
222	3290	14.82
223	3288	14.74
224	3301	14.74
225	3306	14.69
226	3319	14.69
227	3943	17.37
228	3769	16.53
229	3907	17.06
230	3356	14.59
231	3360	14.55
232	3391	14.62
233	3379	14.50
234	3391	14.49
235	3398	14.46
236	3423	14.50
237	3417	14.42
238	3428	14.40
239	3446	14.42
240	3444	14.35
241	3464	14.37
242	4938	20.40
243	3564	14.67
244	3570	14.63
245	3575	14.59
246	3583	14.57
247	3599	14.57
248	3605	14.54
249	3608	14.49
250	3626	14.50
251	3633	14.47
252	3643	14.46
253	3655	14.45
254	3665	14.43
255	3675	14.41
256	5171	20.20
257	5983	23.28
258	6030	23.37
259	3980	15.37
260	4583	17.63
261	3943	15.11
262	3915	14.94
263	3968	15.09
264	3967	15.03
265	3978	15.01
266	4609	17.33
267	4997	18.72
268	4737	17.68
269	4924	18.30
270	5641	20.89
271	6355	23.45
272	5711	21.00
273	4079	14.94
274	4052	14.79
275	4060	14.76
276	4072	14.75
277	4078	14.72
278	4361	15.69
279	4098	14.69
280	4106	14.66
281	4149	14.77
282	4166	14.77
283	5549	19.61
284	5443	19.17
285	5518	19.36
286	5414	18.93
287	5521	19.24
288	5752	19.97
289	5841	20.21
290	6399	22.07
291	6781	23.30
292	6554	22.45
293	11314	38.61
294	9630	32.76
295	5636	19.11
296	6133	20.72
297	4375	14.73
298	4434	14.88
299	4380	14.65
300	5089	16.96
301	4399	14.61
302	5700	18.87
303	4304	14.20
304	4349	14.31
305	4364	14.31
306	4356	14.24
307	4381	14.27
308	4390	14.25
309	4771	15.44
310	5463	17.62
311	6498	20.89
312	6783	21.74
313	6025	19.25
314	4639	14.77
315	4475	14.21
316	4459	14.11
317	4459	14.07
318	4463	14.03
319	4479	14.04
320	4485	14.02
321	5069	15.79
322	4558	14.16
323	4601	14.24
324	4974	15.35
325	4932	15.18
326	4861	14.91
327	4840	14.80
328	4912	14.98
329	4841	14.71
330	4819	14.60
331	4614	13.94
332	4631	13.95
333	4640	13.93
334	4655	13.94
335	4667	13.93
336	4664	13.88
337	4678	13.88
338	4687	13.87
339	4697	13.86
340	8031	23.62
341	4702	13.79
342	4692	13.72
343	4719	13.76
344	4738	13.77
345	4742	13.74
346	4753	13.74
347	7082	20.41
348	7071	20.32
349	4778	13.69
350	7087	20.25
351	7599	21.65
352	8571	24.35
353	8865	25.11
354	4802	13.56
355	4811	13.55
356	4819	13.54
357	4829	13.53
358	4863	13.58
359	5179	14.43
360	4880	13.56
361	4898	13.57
362	4905	13.55
363	4917	13.55
364	4911	13.49
365	5626	15.41
366	6425	17.55
367	6353	17.31
368	5092	13.84
369	5159	13.98
370	5313	14.36
371	5333	14.37
372	5301	14.25
373	5549	14.88
374	5252	14.04
375	5304	14.14
376	5207	13.85
377	17221	45.68
378	5022	13.29
379	5015	13.23
380	5049	13.29
381	5060	13.28
382	5080	13.30
383	5073	13.25
384	5079	13.23
385	5089	13.22
386	5102	13.22
387	5111	13.21
388	7843	20.21
389	5962	15.33
390	7450	19.10
391	6223	15.92
392	5147	13.13
393	5175	13.17
394	5184	13.16
395	5190	13.14
396	5179	13.08
397	5537	13.95
398	5163	12.97
399	5176	12.97
400	5653	14.13
401	5180	12.92
402	5197	12.93
403	5200	12.90
404	5215	12.91
405	5222	12.89
406	5232	12.89
407	5238	12.87
408	5267	12.91
409	5265	12.87
410	5284	12.89
411	5311	12.92
412	5308	12.88
413	5324	12.89
414	5327	12.87
415	5336	12.86
416	5350	12.86
417	5361	12.86
418	5369	12.84
419	5378	12.84
420	5388	12.83
421	5769	13.70
422	5698	13.50
423	5454	12.89
424	5430	12.81
425	6438	15.15
426	9383	22.03
427	7005	16.41
428	28714	67.09
429	9047	21.09
430	6552	15.24
431	391824	909.10
432	9345	21.63
433	9227	21.31
434	9231	21.27
435	8999	20.69
436	8862	20.33
437	15405	35.25
438	7758	17.71
439	5674	12.92
440	5673	12.89
441	5660	12.83
442	5677	12.84
443	5689	12.84
444	5712	12.86
445	5738	12.89
446	7023	15.75
447	7492	16.76
448	17048	38.05
449	7362	16.40
450	5750	12.78
451	5761	12.77
452	5786	12.80
453	6649	14.68
454	6515	14.35
455	5841	12.84
456	6082	13.34
457	5857	12.82
458	15769	34.43
459	9560	20.83
460	10190	22.15
461	15090	32.73
462	8772	18.99
463	9329	20.15
464	9286	20.01
465	13781	29.64
466	5864	12.58
467	6074	13.01
468	5897	12.60
469	5902	12.58
470	6107	12.99
471	5949	12.63
472	8414	17.83
473	13250	28.01
474	14208	29.97
475	10041	21.14
476	9418	19.79
477	12272	25.73
478	9575	20.03
479	9553	19.94
480	9524	19.84
481	9575	19.91
482	9576	19.87
483	9542	19.76
484	9590	19.81
485	9671	19.94
486	9685	19.93
487	9668	19.85
488	7475	15.32
489	7326	14.98
490	8907	18.18
491	10881	22.16
492	7813	15.88
493	106404	215.83
494	25486	51.59
495	73483	148.45
496	10270	20.71
497	13288	26.74
498	13007	26.12
499	9574	19.19
500	10042	20.08
501	10273	20.50
502	9611	19.15
503	10048	19.98
504	8361	16.59
505	6707	13.28
506	6275	12.40
507	6286	12.40
508	6301	12.40
509	6330	12.44
510	6342	12.44
511	6345	12.42
512	6359	12.42
513	6981	13.61
514	10594	20.61
515	8163	15.85
516	7481	14.50
517	9406	18.19
518	10057	19.42
519	9569	18.44
520	9410	18.10
521	8670	16.64
522	8716	16.70
523	12031	23.00
524	9501	18.13
525	6904	13.15
526	6958	13.23
527	7147	13.56
528	10281	19.47
529	11885	22.47
530	167097	315.28
531	53833	101.38
532	33176	62.36
533	12734	23.89
534	11137	20.86
535	18005	33.65
536	43809	81.73
537	11694	21.78
538	11894	22.11
539	11601	21.52
540	13659	25.29
541	14191	26.23
542	11672	21.54
543	15744	28.99
544	14629	26.89
545	12474	22.89
546	11211	20.53
547	11481	20.99
548	11080	20.22
549	11519	20.98
550	11569	21.03
551	11110	20.16
552	11721	21.23
553	11327	20.48
554	12168	21.96
555	12314	22.19
556	11871	21.35
557	12547	22.53
558	11000	19.71
559	11364	20.33
560	11643	20.79
561	12002	21.39
562	15064	26.80
563	10346	18.38
564	10283	18.23
565	9472	16.76
566	11012	19.46
567	11826	20.86
568	11742	20.67
569	15094	26.53
570	12355	21.68
571	12752	22.33
572	9900	17.31
573	16267	28.39
574	14821	25.82
575	12054	20.96
576	11947	20.74
577	11934	20.68
578	12617	21.83
579	11317	19.55
580	11643	20.07
581	12626	21.73
582	12526	21.52
583	12117	20.78
584	11977	20.51
585	12079	20.65
586	12033	20.53
587	11912	20.29
588	11998	20.40
589	12019	20.41
590	11902	20.17
591	11995	20.30
592	12400	20.95
593	12892	21.74
594	11591	19.51
595	11873	19.95
596	18195	30.53
597	29432	49.30
598	21644	36.19
599	12314	20.56
600	12459	20.77
601	13028	21.68
602	12206	20.28
603	12628	20.94
604	12956	21.45
605	14155	23.40
606	29085	48.00
607	11602	19.11
608	11599	19.08
609	12825	21.06
610	13028	21.36
611	11347	18.57
612	7809	12.76
613	7678	12.53
614	8651	14.09
615	7632	12.41
616	10189	16.54
617	10228	16.58
618	11341	18.35
619	12104	19.55
620	10013	16.15
621	10136	16.32
622	10930	17.57
623	9945	15.96
624	7694	12.33
625	7720	12.35
626	7974	12.74
627	7931	12.65
628	8831	14.06
629	13894	22.09
630	12048	19.12
631	13908	22.04
632	9434	14.93
633	7901	12.48
634	7893	12.45
635	7912	12.46
636	7923	12.46
637	7926	12.44
638	7939	12.44
639	7950	12.44
640	8368	13.07
641	7944	12.39
642	7954	12.39
643	7961	12.38
644	7941	12.33
645	7958	12.34
646	7986	12.36
647	17190	26.57
648	11500	17.75
649	8007	12.34
650	9853	15.16
651	8600	13.21
652	8011	12.29
653	8025	12.29
654	8045	12.30
655	8047	12.29
656	8053	12.28
657	8071	12.28
658	8723	13.26
659	13070	19.83
660	12706	19.25
661	12575	19.02
662	12539	18.94
663	12522	18.89
664	12346	18.59
665	12266	18.45
666	12589	18.90
667	12828	19.23
668	12895	19.30
669	14163	21.17
670	14239	21.25
671	12488	18.61
672	14813	22.04
673	15121	22.47
674	12628	18.74
675	12603	18.67
676	12566	18.59
677	12647	18.68
678	12821	18.91
679	12714	18.72
680	12847	18.89
681	13051	19.16
682	12314	18.06
683	12691	18.58
684	12555	18.36
685	12421	18.13
686	12424	18.11
687	12666	18.44
688	12374	17.99
689	12463	18.09
690	13702	19.86
691	12385	17.92
692	12419	17.95
693	12587	18.16
694	12622	18.19
695	12400	17.84
696	12381	17.79
697	12444	17.85
698	12315	17.64
699	12342	17.66
700	12579	17.97
701	14586	20.81
702	14989	21.35
703	11976	17.04
704	9804	13.93
705	8489	12.04
706	8489	12.02
707	9943	14.06
708	8628	12.19
709	8641	12.19
710	8659	12.20
711	9151	12.87
712	8743	12.28
713	8685	12.18
714	8697	12.18
715	8702	12.17
716	8712	12.17
717	8722	12.16
718	8742	12.18
719	8771	12.20
720	8956	12.44
721	8766	12.16
722	8773	12.15
723	8783	12.15
724	10392	14.35
725	8740	12.06
726	9370	12.91
727	8700	11.97
728	8728	11.99
729	8745	12.00
730	8752	11.99
731	8760	11.98
732	8763	11.97
733	8775	11.97
734	12724	17.34
735	12441	16.93
736	13532	18.39
737	11777	15.98
738	12674	17.17
739	13412	18.15
740	12971	17.53
741	13855	18.70
742	13329	17.96
743	14523	19.55
744	13181	17.72
745	12734	17.09
746	12902	17.29
747	12656	16.94
748	13042	17.44
749	13334	17.80
750	13197	17.60
751	12133	16.16
752	13004	17.29
753	11456	15.21
754	11099	14.72
755	11450	15.17
756	12536	16.58
757	13268	17.53
758	13810	18.22
759	13836	18.23
760	13178	17.34
761	13499	17.74
762	12934	16.97
763	11931	15.64
764	12295	16.09
765	12592	16.46
766	13230	17.27
767	11849	15.45
768	12538	16.33
769	12610	16.40
770	12501	16.24
771	13388	17.36
772	13764	17.83
773	13216	17.10
774	14597	18.86
775	14021	18.09
776	14768	19.03
777	20166	25.95
778	13555	17.42
779	13559	17.41
780	13401	17.18
781	13484	17.27
782	13628	17.43
783	13552	17.31
784	13696	17.47
785	13334	16.99
786	13760	17.51
787	13621	17.31
788	13759	17.46
789	13196	16.72
790	13303	16.84
791	13381	16.92
792	12749	16.10
793	12664	15.97
794	12699	15.99
795	12544	15.78
796	11679	14.67
797	12627	15.84
798	13116	16.44
799	20238	25.33
800	11298	14.12
801	9352	11.68
802	9386	11.70
803	9413	11.72
804	9386	11.67
805	15362	19.08
806	13089	16.24
807	13328	16.52
808	9665	11.96
809	9529	11.78
810	11435	14.12
811	9927	12.24
812	10512	12.95
813	9571	11.77
814	9583	11.77
815	9577	11.75
816	10925	13.39
817	9617	11.77
818	9633	11.78
819	9646	11.78
820	10098	12.31
821	10343	12.60
822	9701	11.80
823	10029	12.19
824	9657	11.72
825	10123	12.27
826	9656	11.69
827	13605	16.45
828	13596	16.42
829	13391	16.15
830	13197	15.90
831	13344	16.06
832	13338	16.03
833	12521	15.03
834	13981	16.76
835	13461	16.12
836	12269	14.68
837	13045	15.59
838	13048	15.57
839	13339	15.90
840	14351	17.08
841	14687	17.46
842	14181	16.84
843	13843	16.42
844	14089	16.69
845	13283	15.72
846	14103	16.67
847	13698	16.17
848	11479	13.54
849	56707	66.79
850	15556	18.30
851	13346	15.68
852	13659	16.03
853	13196	15.47
854	13112	15.35
855	12695	14.85
856	13068	15.27
857	13918	16.24
858	12286	14.32
859	15589	18.15
860	15976	18.58
861	14437	16.77
862	14094	16.35
863	13975	16.19
864	13691	15.85
865	14116	16.32
866	12589	14.54
867	14659	16.91
868	16420	18.92
869	16636	19.14
870	63941	73.50
871	14716	16.90
872	13736	15.75
873	13287	15.22
874	13383	15.31
875	13256	15.15
876	14817	16.91
877	13963	15.92
878	13811	15.73
879	14131	16.08
880	13203	15.00
881	13889	15.77
882	13465	15.27
883	12780	14.47
884	13198	14.93
885	12840	14.51
886	13269	14.98
887	14356	16.18
888	13525	15.23
889	13781	15.50
890	13993	15.72
891	14100	15.82
892	14447	16.20
893	13715	15.36
894	14745	16.49
895	10360	11.58
896	10801	12.05
897	10476	11.68
898	15263	17.00
899	12230	13.60
900	12127	13.47
901	10842	12.03
902	11246	12.47
903	10302	11.41
904	10309	11.40
905	10322	11.41
906	10312	11.38
907	10336	11.40
908	10343	11.39
909	10347	11.38
910	10367	11.39
911	10381	11.40
912	10396	11.40
913	10422	11.42
914	10418	11.40
915	13628	14.89
916	13837	15.11
917	10566	11.52
918	10572	11.52
919	12436	13.53
920	13228	14.38
921	14635	15.89
922	13673	14.83
923	13864	15.02
924	13721	14.85
925	13189	14.26
926	14621	15.79
927	13594	14.66
928	14443	15.56
929	15394	16.57
930	14453	15.54
931	16326	17.54
932	16369	17.56
933	15806	16.94
934	15633	16.74
935	15430	16.50
936	16718	17.86
937	14425	15.39
938	14509	15.47
939	14838	15.80
940	15573	16.57
941	14829	15.76
942	23950	25.42
943	15824	16.78
944	15894	16.84
945	15039	15.91
946	14655	15.49
947	14866	15.70
948	14978	15.80
949	14880	15.68
950	15219	16.02
951	14140	14.87
952	14794	15.54
953	15106	15.85
954	15739	16.50
955	14192	14.86
956	16524	17.28
957	19139	20.00
958	15203	15.87
959	16190	16.88
960	17722	18.46
961	20053	20.87
962	15688	16.31
963	16335	16.96
964	15728	16.32
965	15938	16.52
966	15825	16.38
967	16133	16.68
968	16522	17.07
969	13735	14.17
970	16125	16.62
971	15332	15.79
972	15212	15.65
973	14935	15.35
974	14612	15.00
975	15020	15.41
976	15301	15.68
977	15022	15.38
978	14084	14.40
979	15059	15.38
980	13969	14.25
981	11019	11.23
982	15788	16.08
983	15225	15.49
984	16780	17.05
985	12191	12.38
986	12643	12.82
987	11669	11.82
988	11165	11.30
989	11191	11.32
990	11210	11.32
991	11395	11.50
992	11197	11.29
993	11200	11.28
994	11174	11.24
995	11223	11.28
996	11228	11.27
997	13318	13.36
998	12081	12.11
999	11274	11.29
1000	13297	13.30
1001	11118	11.11
1002	11124	11.10
1003	12442	12.40
1004	11256	11.21
1005	11247	11.19
1006	11186	11.12
1007	11192	11.11
1008	11197	11.11
1009	11212	11.11
1010	12289	12.17
1011	11226	11.10
1012	11224	11.09
1013	11242	11.10
1014	11244	11.09
1015	11235	11.07
1016	11261	11.08
1017	11268	11.08
1018	11274	11.07
1019	12230	12.00
1020	16927	16.60
1021	13837	13.55
1022	11564	11.32
1023	11575	11.31
1024	11587	11.32
1025	12964	12.65
1026	12139	11.83
1027	17130	16.68
1028	16404	15.96
1029	16613	16.14
1030	16771	16.28
1031	16798	16.29
1032	16945	16.42
1033	16904	16.36
1034	16448	15.91
1035	16564	16.00
1036	16738	16.16
1037	16941	16.34
1038	16713	16.10
1039	17057	16.42
1040	16920	16.27
1041	16513	15.86
1042	16163	15.51
1043	84265	80.79
1044	22857	21.89
1045	20157	19.29
1046	20070	19.19
1047	18931	18.08
1048	19833	18.92
1049	17021	16.23
1050	15808	15.06
1051	16560	15.76
1052	15848	15.06
1053	17243	16.38
1054	23068	21.89
1055	20939	19.85
1056	16641	15.76
1057	18262	17.28
1058	17983	17.00
1059	17850	16.86
1060	17828	16.82
1061	18366	17.31
1062	18183	17.12
1063	20519	19.30
1064	20003	18.80
1065	18920	17.77
1066	18576	17.43
1067	17739	16.63
1068	17300	16.20
1069	17453	16.33
1070	16505	15.43
1071	17356	16.21
1072	16316	15.22
1073	16731	15.59
1074	16903	15.74
1075	17301	16.09
1076	17384	16.16
1077	17685	16.42
1078	12722	11.80
1079	12727	11.80
1080	12749	11.80
1081	12766	11.81
1082	12778	11.81
1083	12814	11.83
1084	12683	11.70
1085	12696	11.70
1086	13592	12.52
1087	12716	11.70
1088	13508	12.42
1089	12730	11.69
1090	12734	11.68
1091	12744	11.68
1092	12760	11.68
1093	13778	12.61
1094	12783	11.68
1095	12992	11.86
1096	13492	12.31
1097	12798	11.67
1098	14105	12.85
1099	13885	12.63
1100	15379	13.98
1101	12793	11.62
1102	13220	12.00
1103	13671	12.39
1104	12800	11.59
1105	12812	11.59
1106	21389	19.34
1107	27520	24.86
1108	22086	19.93
1109	19622	17.69
1110	20938	18.86
1111	21360	19.23
1112	21424	19.27
1113	21064	18.93
1114	20373	18.29
1115	23360	20.95
1116	19265	17.26
1117	19267	17.25
1118	19289	17.25
1119	19792	17.69
1120	20107	17.95
1121	20149	17.97
1122	20183	17.99
1123	20442	18.20
1124	21065	18.74
1125	19815	17.61
1126	35563	31.58
1127	26080	23.14
1128	28685	25.43
1129	28964	25.65
1130	21630	19.14
1131	20543	18.16
1132	22043	19.47
1133	19088	16.85
1134	19092	16.84
1135	19570	17.24
1136	19699	17.34
1137	18725	16.47
1138	21077	18.52
1139	20449	17.95
1140	20346	17.85
1141	30421	26.66
1142	19569	17.14
1143	17974	15.73
1144	18681	16.33
1145	20175	17.62
1146	19901	17.37
1147	19443	16.95
1148	19108	16.64
1149	20288	17.66
1150	19218	16.71
1151	18582	16.14
1152	19496	16.92
1153	19418	16.84
1154	20235	17.53
1155	24480	21.19
1156	20090	17.38
1157	19416	16.78
1158	19444	16.79
1159	19781	17.07
1160	23740	20.47
1161	31719	27.32
1162	21230	18.27
1163	14196	12.21
1164	13384	11.50
1165	13362	11.47
1166	13376	11.47
1167	13372	11.46
1168	13366	11.44
1169	13377	11.44
1170	13403	11.46
1171	14953	12.77
1172	13452	11.48
1173	13443	11.46
1174	13442	11.45
1175	13429	11.43
1176	13460	11.45
1177	15186	12.90
1178	13459	11.43
1179	16238	13.77
1180	13521	11.46
1181	16072	13.61
1182	18176	15.38
1183	18612	15.73
1184	20043	16.93
1185	18912	15.96
1186	19209	16.20
1187	18434	15.53
1188	18934	15.94
1189	18250	15.35
1190	17376	14.60
1191	17290	14.52
1192	18847	15.81
1193	18789	15.75
1194	18313	15.34
1195	18900	15.82
1196	17900	14.97
1197	18761	15.67
1198	21045	17.57
1199	22057	18.40
1200	23370	19.48
1201	20845	17.36
1202	19995	16.63
1203	21525	17.89
1204	18214	15.13
1205	18511	15.36
1206	17773	14.74
1207	17723	14.68
1208	17549	14.53
1209	19110	15.81
1210	17898	14.79
1211	17533	14.48
1212	17613	14.53
1213	18457	15.22
1214	19217	15.83
1215	19117	15.73
1216	19230	15.81
1217	19179	15.76
1218	19138	15.71
1219	20844	17.10
1220	18881	15.48
1221	19091	15.64
1222	18985	15.54
1223	18951	15.50
1224	26117	21.34
1225	17777	14.51
1226	18035	14.71
1227	17808	14.51
1228	18375	14.96
1229	17092	13.91
1230	18292	14.87
1231	17944	14.58
1232	18049	14.65
1233	17559	14.24
1234	18047	14.62
1235	17491	14.16
1236	18741	15.16
1237	17420	14.08
1238	17987	14.53
1239	17331	13.99
1240	18253	14.72
1241	20884	16.83
1242	18064	14.54
1243	18187	14.63
1244	23855	19.18
1245	22328	17.93
1246	33264	26.70
1247	20613	16.53
1248	21076	16.89
1249	20414	16.34
1250	20519	16.42
1251	20569	16.44
1252	20535	16.40
1253	20666	16.49
1254	20898	16.67
1255	20035	15.96
1256	18232	14.52
1257	18283	14.54
1258	18240	14.50
1259	19629	15.59
1260	20874	16.57
1261	21445	17.01
1262	21131	16.74
1263	25503	20.19
1264	25771	20.39
1265	26858	21.23
1266	23860	18.85
1267	29533	23.31
1268	26699	21.06
1269	106593	84.00
1270	83784	65.97
1271	18882	14.86
1272	25634	20.15
1273	19270	15.14
1274	79727	62.58
1275	22414	17.58
1276	22018	17.26
1277	22349	17.50
1278	23280	18.22
1279	21865	17.10
1280	21408	16.73
1281	21183	16.54
1282	29721	23.18
1283	22245	17.34
1284	23102	17.99
1285	22317	17.37
1286	22258	17.31
1287	23821	18.51
1288	22000	17.08
1289	21787	16.90
1290	21987	17.04
1291	22367	17.33
1292	25933	20.07
1293	21869	16.91
1294	21863	16.90
1295	23763	18.35
1296	22379	17.27
1297	22500	17.35
1298	22602	17.41
1299	22617	17.41
1300	21646	16.65
1301	21694	16.67
1302	21762	16.71
1303	21752	16.69
1304	21754	16.68
1305	21626	16.57
1306	21735	16.64
1307	21765	16.65
1308	21903	16.75
1309	23653	18.07
1310	22619	17.27
1311	22895	17.46
1312	23583	17.97
1313	21933	16.70
1314	21912	16.68
1315	22033	16.76
1316	21945	16.68
1317	21673	16.46
1318	21773	16.52
1319	21697	16.45
1320	22845	17.31
1321	21666	16.40
1322	21627	16.36
1323	21496	16.25
1324	21554	16.28
1325	21405	16.15
1326	21453	16.18
1327	21506	16.21
1328	21458	16.16
1329	21720	16.34
1330	26008	19.55
1331	43193	32.45
1332	27599	20.72
1333	24431	18.33
1334	22196	16.64
1335	20843	15.61
1336	20904	15.65
1337	19892	14.88
1338	26780	20.01
1339	19401	14.49
1340	16590	12.38
1341	19636	14.64
1342	20859	15.54
1343	21459	15.98
1344	21034	15.65
1345	21340	15.87
1346	21412	15.91
1347	24347	18.07
1348	74268	55.09
1349	186694	138.39
1350	47730	35.36
1351	428868	317.44
1352	70898	52.44
1353	24072	17.79
1354	24534	18.12
1355	25012	18.46
1356	24351	17.96
1357	26298	19.38
1358	19665	14.48
1359	17253	12.70
1360	15824	11.64
1361	16517	12.14
1362	20093	14.75
1363	18075	13.26
1364	15462	11.34
1365	15361	11.25
1366	19374	14.18
1367	30400	22.24
1368	19767	14.45
1369	15669	11.45
1370	15602	11.39
1371	15740	11.48
1372	15532	11.32
1373	15681	11.42
1374	15455	11.25
1375	20290	14.76
1376	23045	16.75
1377	18531	13.46
1378	15482	11.24
1379	15781	11.44
1380	15928	11.54
1381	16784	12.15
1382	15483	11.20
1383	15597	11.28
1384	15793	11.41
1385	16193	11.69
1386	16098	11.61
1387	15944	11.50
1388	16727	12.05
1389	15812	11.38
1390	15530	11.17
1391	16061	11.55
1392	15414	11.07
1393	17509	12.57
1394	21317	15.29
1395	28523	20.45
1396	15540	11.13
1397	15510	11.10
1398	19153	13.70
1399	18064	12.91
1400	28983	20.70
1401	20142	14.38
1402	15620	11.14
1403	16396	11.69
1404	15945	11.36
1405	15649	11.14
1406	15642	11.13
1407	15731	11.18
1408	20263	14.39
1409	21335	15.14
1410	17987	12.76
1411	23060	16.34
1412	19439	13.77
1413	15719	11.12
1414	15638	11.06
1415	15595	11.02
1416	15586	11.01
1417	15577	10.99
1418	15603	11.00
1419	15600	10.99
1420	15619	11.00
1421	15640	11.01
1422	16373	11.51
1423	16914	11.89
1424	15838	11.12
1425	15862	11.13
1426	15968	11.20
1427	15872	11.12
1428	15867	11.11
1429	15882	11.11
1430	15893	11.11
1431	18524	12.94
1432	15859	11.07
1433	16479	11.50
1434	22661	15.80
1435	18966	13.22
1436	16054	11.18
1437	31702	22.06
1438	20855	14.50
1439	16111	11.20
1440	16108	11.19
1441	17838	12.38
1442	16007	11.10
1443	16004	11.09
1444	16085	11.14
1445	15951	11.04
1446	18432	12.75
1447	29782	20.58
1448	20092	13.88
1449	15931	10.99
1450	15910	10.97
1451	16752	11.55
1452	16004	11.02
1453	16009	11.02
1454	16048	11.04
1455	16043	11.03
1456	22852	15.70
1457	21198	14.55
1458	17742	12.17
1459	16013	10.98
1460	16942	11.60
1461	16489	11.29
1462	16184	11.07
1463	16142	11.03
1464	16148	11.03
1465	16151	11.02
1466	16169	11.03
1467	16162	11.02
1468	16174	11.02
1469	16654	11.34
1470	16361	11.13
1471	18774	12.76
1472	16297	11.07
1473	17902	12.15
1474	16101	10.92
1475	26232	17.78
1476	22534	15.27
1477	22713	15.38
1478	53621	36.28
1479	18550	12.54
1480	16335	11.04
1481	19930	13.46
1482	30499	20.58
1483	16488	11.12
1484	16560	11.16
1485	16434	11.07
1486	23524	15.83
1487	20772	13.97
1488	59357	39.89
1489	17798	11.95
1490	18988	12.74
1491	33271	22.31
1492	16550	11.09
1493	18472	12.37
1494	17930	12.00
1495	16582	11.09
1496	18262	12.21
1497	17407	11.63
1498	16819	11.23
1499	16387	10.93
1500	16848	11.23
1501	18459	12.30
1502	16619	11.06
1503	16624	11.06
1504	16645	11.07
1505	16646	11.06
1506	17879	11.87
1507	16532	10.97
1508	16541	10.97
1509	16544	10.96
1510	16560	10.97
1511	17268	11.43
1512	16810	11.12
1513	17892	11.83
1514	17036	11.25
1515	16707	11.03
1516	18309	12.08
1517	16600	10.94
1518	16580	10.92
1519	16506	10.87
1520	18101	11.91
1521	17351	11.41
1522	17866	11.74
1523	16754	11.00
1524	20714	13.59
1525	16926	11.10
1526	18703	12.26
1527	16993	11.13
1528	17284	11.31
1529	16958	11.09
1530	16884	11.04
1531	16910	11.05
1532	16900	11.03
1533	17267	11.26
1534	16739	10.91
1535	16703	10.88
1536	16755	10.91
1537	16761	10.91
1538	16771	10.90
1539	16857	10.95
1540	16726	10.86
1541	16744	10.87
1542	17226	11.17
1543	18113	11.74
1544	16897	10.94
1545	16905	10.94
1546	16890	10.92
1547	17787	11.50
1548	26225	16.94
1549	16819	10.86
1550	16798	10.84
1551	16814	10.84
1552	16920	10.90
1553	17497	11.27
1554	16824	10.83
1555	17147	11.03
1556	16981	10.91
1557	16973	10.90
1558	16979	10.90
1559	16982	10.89
1560	17530	11.24
1561	16994	10.89
1562	17522	11.22
1563	19255	12.32
1564	23897	15.28
1565	20609	13.17
1566	17128	10.94
1567	20240	12.92
1568	17172	10.95
1569	17093	10.89
1570	17097	10.89
1571	17172	10.93
1572	17106	10.88
1573	17119	10.88
1574	17138	10.89
1575	17152	10.89
1576	17158	10.89
1577	17106	10.85
1578	18556	11.76
1579	17115	10.84
1580	17136	10.85
1581	17184	10.87
1582	17192	10.87
1583	17148	10.83
1584	17188	10.85
1585	20916	13.20
1586	18406	11.61
1587	17365	10.94
1588	18331	11.54
1589	23229	14.62
1590	18406	11.58
1591	17434	10.96
1592	17559	11.03
1593	17347	10.89
1594	20075	12.59
1595	17362	10.89
1596	17350	10.87
1597	17372	10.88
1598	22722	14.22
1599	20325	12.71
1600	18426	11.52
1601	17565	10.97
1602	20020	12.50
1603	17286	10.78
1604	23207	14.47
1605	22037	13.73
1606	17468	10.88
1607	20191	12.56
1608	18254	11.35
1609	17827	11.08
1610	17465	10.85
1611	17461	10.84
1612	17875	11.09
1613	17504	10.85
1614	17453	10.81
1615	17630	10.92
1616	17488	10.82
1617	17500	10.82
1618	17514	10.82
1619	17511	10.82
1620	17520	10.81
1621	18099	11.17
1622	17450	10.76
1623	17460	10.76
1624	17476	10.76
1625	17781	10.94
1626	17471	10.74
1627	18484	11.36
1628	17520	10.76
1629	17520	10.76
1630	17515	10.75
1631	17528	10.75
1632	17548	10.75
1633	17545	10.74
1634	17563	10.75
1635	18030	11.03
1636	17612	10.77
1637	17614	10.76
1638	17618	10.76
1639	17633	10.76
1640	19247	11.74
1641	19198	11.70
1642	19427	11.83
1643	24473	14.90
1644	18985	11.55
1645	17914	10.89
1646	19648	11.94
1647	23066	14.00
1648	18535	11.25
1649	17934	10.88
1650	20053	12.15
1651	17934	10.86
1652	17935	10.86
1653	17940	10.85
1654	17936	10.84
1655	17954	10.85
1656	19731	11.91
1657	17895	10.80
1658	17904	10.80
1659	17912	10.80
1660	19292	11.62
1661	19381	11.67
1662	17853	10.74
1663	17876	10.75
1664	17899	10.76
1665	17907	10.75
1666	17907	10.75
1667	18367	11.02
1668	17977	10.78
1669	17983	10.77
1670	18271	10.94
1671	18169	10.87
1672	18169	10.87
1673	18188	10.87
1674	18181	10.86
1675	18191	10.86
1676	18348	10.95
1677	18580	11.08
1678	18012	10.73
1679	17989	10.71
1680	18006	10.72
1681	18005	10.71
1682	18016	10.71
1683	18107	10.76
1684	18036	10.71
1685	19440	11.54
1686	18289	10.85
1687	18292	10.84
1688	18380	10.89
1689	18315	10.84
1690	18326	10.84
1691	18349	10.85
1692	18359	10.85
1693	18343	10.83
1694	18316	10.81
1695	18337	10.82
1696	18324	10.80
1697	24295	14.32
1698	19171	11.29
1699	18463	10.87
1700	18569	10.92
1701	18396	10.81
1702	18594	10.92
1703	18450	10.83
1704	18374	10.78
1705	18357	10.77
1706	18371	10.77
1707	18379	10.77
1708	18412	10.78
1709	19162	11.21
1710	18362	10.74
1711	21516	12.58
1712	18595	10.86
1713	20878	12.19
1714	19424	11.33
1715	18323	10.68
1716	18317	10.67
1717	18335	10.68
1718	18335	10.67
1719	18734	10.90
1720	18610	10.82
1721	18611	10.81
1722	18627	10.82
1723	18611	10.80
1724	18736	10.87
1725	18605	10.79
1726	19151	11.10
1727	18994	11.00
1728	25627	14.83
1729	25303	14.63
1730	20909	12.09
1731	18573	10.73
1732	19364	11.18
1733	18600	10.73
1734	18617	10.74
1735	18635	10.74
1736	18646	10.74
1737	18641	10.73
1738	18748	10.79
1739	19371	11.14
1740	18670	10.73
1741	18950	10.88
1742	20995	12.05
1743	20400	11.70
1744	18612	10.67
1745	19029	10.90
1746	18796	10.77
1747	18879	10.81
1748	27679	15.83
1749	22505	12.87
1750	21605	12.35
1751	18762	10.72
1752	18785	10.72
1753	18683	10.66
1754	18676	10.65
1755	22840	13.01
1756	19752	11.25
1757	19456	11.07
1758	18873	10.74
1759	18858	10.72
1760	18866	10.72
1761	18897	10.73
1762	18899	10.73
1763	18891	10.72
1764	18921	10.73
1765	18935	10.73
1766	19052	10.79
1767	25142	14.23
1768	25474	14.41
1769	18920	10.70
1770	18852	10.65
1771	19267	10.88
1772	18953	10.70
1773	18944	10.68
1774	19799	11.16
1775	19133	10.78
1776	19321	10.88
1777	19151	10.78
1778	19158	10.78
1779	19248	10.82
1780	21393	12.02
1781	19854	11.15
1782	19175	10.76
1783	19334	10.84
1784	19142	10.73
1785	19137	10.72
1786	19940	11.16
1787	19265	10.78
1788	19284	10.79
1789	19286	10.78
1790	19295	10.78
1791	19338	10.80
1792	19336	10.79
1793	19365	10.80
1794	19375	10.80
1795	19387	10.80
1796	19396	10.80
1797	19397	10.79
1798	19404	10.79
1799	19407	10.79
1800	19895	11.05
1801	19158	10.64
1802	19480	10.81
1803	19166	10.63
1804	19761	10.95
1805	19219	10.65
1806	19219	10.64
1807	19240	10.65
1808	19247	10.65
1809	19256	10.64
1810	19261	10.64
1811	19272	10.64
1812	20086	11.08
1813	19471	10.74
1814	19608	10.81
1815	19491	10.74
1816	19483	10.73
1817	19492	10.73
1818	19440	10.69
1819	19467	10.70
1820	20134	11.06
1821	20450	11.23
1822	19480	10.69
1823	19499	10.70
1824	19492	10.69
1825	21571	11.82
1826	21354	11.69
1827	19674	10.77
1828	19681	10.77
1829	19692	10.77
1830	20111	10.99
1831	19895	10.87
1832	19739	10.77
1833	19797	10.80
1834	19761	10.77
1835	19780	10.78
1836	19780	10.77
1837	20165	10.98
1838	19574	10.65
1839	19572	10.64
1840	20365	11.07
1841	30452	16.54
1842	19667	10.68
1843	19937	10.82
1844	21507	11.66
1845	24478	13.27
1846	21001	11.38
1847	20192	10.93
1848	20694	11.20
1849	19723	10.67
1850	22997	12.43
1851	19776	10.68
1852	19785	10.68
1853	23857	12.87
1854	21249	11.46
1855	19724	10.63
1856	19725	10.63
1857	19750	10.64
1858	19757	10.63
1859	19779	10.64
1860	19904	10.70
1861	19787	10.63
1862	20906	11.23
1863	24116	12.94
1864	19817	10.63
1865	19908	10.67
1866	19801	10.61
1867	21619	11.58
1868	20022	10.72
1869	20010	10.71
1870	20032	10.71
1871	20251	10.82
1872	20010	10.69
1873	20127	10.75
1874	20032	10.69
1875	20160	10.75
1876	20033	10.68
1877	20774	11.07
1878	20218	10.77
1879	20130	10.71
1880	20147	10.72
1881	21562	11.46
1882	20152	10.71
1883	20159	10.71
1884	20181	10.71
1885	20180	10.71
1886	20182	10.70
1887	22024	11.67
1888	23310	12.35
1889	20034	10.61
1890	19940	10.55
1891	19963	10.56
1892	19952	10.55
1893	19959	10.54
1894	20226	10.68
1895	19993	10.55
1896	20004	10.55
1897	20023	10.56
1898	20056	10.57
1899	20231	10.65
1900	22601	11.90
1901	20655	10.87
1902	20242	10.64
1903	20233	10.63
1904	21206	11.14
1905	20345	10.68
1906	20358	10.68
1907	20740	10.88
1908	20203	10.59
1909	20201	10.58
1910	20203	10.58
1911	20202	10.57
1912	20213	10.57
1913	20229	10.57
1914	20246	10.58
1915	20914	10.92
1916	20467	10.68
1917	20510	10.70
1918	20678	10.78
1919	20534	10.70
1920	21730	11.32
1921	20499	10.67
1922	20485	10.66
1923	20639	10.73
1924	20491	10.65
1925	22748	11.82
1926	20518	10.65
1927	20510	10.64
1928	20534	10.65
1929	20645	10.70
1930	20532	10.64
1931	20561	10.65
1932	20554	10.64
1933	20562	10.64
1934	21058	10.89
1935	20595	10.64
1936	20623	10.65
1937	20539	10.60
1938	21043	10.86
1939	27765	14.32
1940	20503	10.57
1941	20417	10.52
1942	23915	12.31
1943	23676	12.19
1944	22975	11.82
1945	43207	22.21
1946	24639	12.66
1947	25096	12.89
1948	27802	14.27
1949	24853	12.75
1950	24481	12.55
1951	26070	13.36
1952	22117	11.33
1953	20729	10.61
1954	21115	10.81
1955	20684	10.58
1956	20694	10.58
1957	21049	10.76
1958	22471	11.48
1959	22494	11.48
1960	20860	10.64
1961	20861	10.64
1962	23048	11.75
1963	20726	10.56
1964	20737	10.56
1965	20841	10.61
1966	20750	10.55
1967	20697	10.52
1968	20664	10.50
1969	20690	10.51
1970	28518	14.48
1971	20958	10.63
1972	20957	10.63
1973	21071	10.68
1974	21792	11.04
1975	20990	10.63
1976	21010	10.63
1977	29251	14.80
1978	28108	14.21
1979	21910	11.07
1980	20952	10.58
1981	20906	10.55
1982	28621	14.44
1983	26971	13.60
1984	21132	10.65
1985	21157	10.66
1986	21166	10.66
1987	21177	10.66
1988	21186	10.66
1989	21184	10.65
1990	21198	10.65
1991	22109	11.10
1992	27613	13.86
1993	22355	11.22
1994	21019	10.54
1995	20933	10.49
1996	20925	10.48
1997	20915	10.47
1998	21225	10.62
1999	20937	10.47
2000	21379	10.69
2001	21132	10.56
2002	21114	10.55
2003	21263	10.62
2004	21141	10.55
2005	21134	10.54
2006	21142	10.54
2007	21153	10.54
2008	24015	11.96
2009	21156	10.53
2010	21180	10.54
2011	21181	10.53
2012	23460	11.66
2013	22486	11.17
2014	21358	10.60
2015	23096	11.46
2016	21359	10.59
2017	21369	10.59
2018	21377	10.59
2019	21385	10.59
2020	21875	10.83
2021	21408	10.59
2022	21414	10.59
2023	21509	10.63
2024	21991	10.87
2025	21518	10.63
2026	21521	10.62
2027	21537	10.63
2028	21541	10.62
2029	21546	10.62
2030	21562	10.62
2031	22552	11.10
2032	21596	10.63
2033	21574	10.61
2034	21576	10.61
2035	21664	10.65
2036	23362	11.47
2037	27598	13.55
2038	21436	10.52
2039	21457	10.52
2040	21690	10.63
2041	21327	10.45
2042	21325	10.44
2043	22461	10.99
2044	22281	10.90
2045	28061	13.72
2046	22729	11.11
2047	21509	10.51
2048	21528	10.51
2049	22789	11.12
2050	22258	10.86
2051	22282	10.86
2052	22231	10.83
2053	22238	10.83
2054	22242	10.83
2055	22250	10.83
2056	22264	10.83
2057	22304	10.84
2058	22306	10.84
2059	22314	10.84
2060	22697	11.02
2061	22339	10.84
2062	22377	10.85
2063	22407	10.86
2064	32982	15.98
2065	44345	21.47
2066	35835	17.35
2067	38638	18.69
2068	39090	18.90
2069	34475	16.66
2070	105957	51.19
2071	124714	60.22
2072	111418	53.77
2073	39915	19.25
2074	37579	18.12
2075	40085	19.32
2076	37146	17.89
2077	37635	18.12
2078	34379	16.54
2079	37927	18.24
2080	48548	23.34
2081	32808	15.77
2082	35412	17.01
2083	35560	17.07
2084	44895	21.54
2085	44429	21.31
2086	43288	20.75
2087	37052	17.75
2088	40668	19.48
2089	34623	16.57
2090	29700	14.21
2091	33699	16.12
2092	29406	14.06
2093	27489	13.13
2094	31468	15.03
2095	30566	14.59
2096	29796	14.22
2097	22662	10.81
2098	22626	10.78
2099	23197	11.05
2100	28456	13.55
2101	38057	18.11
2102	28400	13.51
2103	30443	14.48
2104	25909	12.31
2105	23070	10.96
2106	23437	11.13
2107	22785	10.81
2108	22684	10.76
2109	22658	10.74
2110	22649	10.73
2111	22646	10.73
2112	22662	10.73
2113	25043	11.85
2114	23385	11.06
2115	23138	10.94
2116	23094	10.91
2117	24000	11.34
2118	28150	13.29
2119	23412	11.05
2120	23194	10.94
2121	23487	11.07
2122	27545	12.98
2123	24433	11.51
2124	23680	11.15
2125	23487	11.05
2126	23260	10.94
2127	23259	10.94
2128	23269	10.93
2129	23268	10.93
2130	23281	10.93
2131	23288	10.93
2132	24390	11.44
2133	33233	15.58
2134	23068	10.81
2135	29579	13.85
2136	27094	12.68
2137	23711	11.10
2138	23568	11.02
2139	23575	11.02
2140	23578	11.02
2141	23586	11.02
2142	24230	11.31
2143	23574	11.00
2144	23605	11.01
2145	23949	11.17
2146	23539	10.97
2147	23557	10.97
2148	23558	10.97
2149	23745	11.05
2150	32162	14.96
2151	38783	18.03
2152	30514	14.18
2153	23678	11.00
2154	23785	11.04
2155	23626	10.96
2156	24713	11.46
2157	23652	10.97
2158	23780	11.02
2159	23673	10.96
2160	23593	10.92
2161	23556	10.90
2162	23588	10.91
2163	25801	11.93
2164	23771	10.98
2165	24776	11.44
2166	23793	10.98
2167	23778	10.97
2168	23793	10.97
2169	23780	10.96
2170	23763	10.95
2171	23436	10.80
2172	23404	10.78
2173	23714	10.91
2174	23777	10.94
2175	24294	11.17
2176	23912	10.99
2177	23906	10.98
2178	23909	10.98
2179	24468	11.23
2180	23376	10.72
2181	23398	10.73
2182	23517	10.78
2183	23405	10.72
2184	23443	10.73
2185	38406	17.58
2186	23778	10.88
2187	26752	12.23
2188	23859	10.90
2189	23842	10.89
2190	27934	12.76
2191	24315	11.10
2192	24786	11.31
2193	23886	10.89
2194	24527	11.18
2195	24025	10.95
2196	23948	10.91
2197	24978	11.37
2198	23660	10.76
2199	23645	10.75
2200	25557	11.62
2201	23671	10.75
2202	26986	12.26
2203	23663	10.74
2204	23653	10.73
2205	23740	10.77
2206	23669	10.73
2207	24707	11.19
2208	25840	11.70
2209	24633	11.15
2210	24025	10.87
2211	24723	11.18
2212	24029	10.86
2213	27804	12.56
2214	24784	11.19
2215	24090	10.88
2216	24330	10.98
2217	24206	10.92
2218	25583	11.53
2219	24169	10.89
2220	24096	10.85
2221	24118	10.86
2222	24102	10.85
2223	24130	10.85
2224	24151	10.86
2225	24178	10.87
2226	24147	10.85
2227	23819	10.70
2228	26583	11.93
2229	24404	10.95
2230	24361	10.92
2231	31121	13.95
2232	31327	14.04
2233	24931	11.16
2234	27690	12.39
2235	25461	11.39
2236	24107	10.78
2237	24072	10.76
2238	24108	10.77
2239	24089	10.76
2240	24070	10.75
2241	24861	11.09
2242	24665	11.00
2243	24305	10.84
2244	24559	10.94
2245	28403	12.65
2246	29382	13.08
2247	26797	11.93
2248	25386	11.29
2249	24535	10.91
2250	24831	11.04
2251	24545	10.90
2252	24547	10.90
2253	24554	10.90
2254	24570	10.90
2255	24541	10.88
2256	24560	10.89
2257	26004	11.52
2258	27192	12.04
2259	24859	11.00
2260	29850	13.21
2261	24756	10.95
2262	24503	10.83
2263	26963	11.91
2264	24521	10.83
2265	27300	12.05
2266	24284	10.72
2267	24290	10.71
2268	25071	11.05
2269	24778	10.92
2270	24778	10.92
2271	24778	10.91
2272	24805	10.92
2273	28336	12.47
2274	24449	10.75
2275	26366	11.59
2276	29761	13.08
2277	24758	10.87
2278	24677	10.83
2279	24640	10.81
2280	24651	10.81
2281	25526	11.19
2282	24510	10.74
2283	24461	10.71
2284	24400	10.68
2285	24482	10.71
2286	26637	11.65
2287	24887	10.88
2288	24879	10.87
2289	26598	11.62
2290	26298	11.48
2291	25026	10.92
2292	25793	11.25
2293	25002	10.90
2294	25034	10.91
2295	24633	10.73
2296	24639	10.73
2297	24641	10.73
2298	24658	10.73
2299	24836	10.80
2300	27245	11.85
2301	25043	10.88
2302	25049	10.88
2303	25061	10.88
2304	29008	12.59
2305	24879	10.79
2306	24742	10.73
2307	26761	11.60
2308	25001	10.83
2309	25154	10.89
2310	25045	10.84
2311	27734	12.00
2312	25029	10.83
2313	25261	10.92
2314	50624	21.88
2315	26458	11.43
2316	24942	10.77
2317	27079	11.69
2318	24895	10.74
2319	26245	11.32
2320	30117	12.98
2321	28210	12.15
2322	24934	10.74
2323	24903	10.72
2324	24912	10.72
2325	24907	10.71
2326	26564	11.42
2327	25885	11.12
2328	26979	11.59
2329	26770	11.49
2330	32319	13.87
2331	26020	11.16
2332	27089	11.62
2333	29188	12.51
2334	31796	13.62
2335	29805	12.76
2336	29046	12.43
2337	26835	11.48
2338	25480	10.90
2339	25762	11.01
2340	25077	10.72
2341	25091	10.72
2342	25099	10.72
2343	30624	13.07
2344	25027	10.68
2345	25105	10.71
2346	26766	11.41
2347	26048	11.10
2348	26583	11.32
2349	28037	11.94
2350	25439	10.83
2351	25446	10.82
2352	25461	10.83
2353	25486	10.83
2354	25472	10.82
2355	27741	11.78
2356	27725	11.77
2357	26508	11.25
2358	25505	10.82
2359	25513	10.82
2360	26499	11.23
2361	25386	10.75
2362	25695	10.88
2363	25391	10.75
2364	25475	10.78
2365	25860	10.93
2366	25509	10.78
2367	25578	10.81
2368	25618	10.82
2369	26741	11.29
2370	26910	11.35
2371	25606	10.80
2372	25587	10.79
2373	25597	10.79
2374	25599	10.78
2375	25908	10.91
2376	25738	10.83
2377	25632	10.78
2378	30167	12.69
2379	26714	11.23
2380	25669	10.79
2381	25680	10.79
2382	28293	11.88
2383	25774	10.82
2384	25769	10.81
2385	25778	10.81
2386	27011	11.32
2387	25795	10.81
2388	25801	10.80
2389	25796	10.80
2390	25816	10.80
2391	29224	12.22
2392	25995	10.87
2393	25823	10.79
2394	31346	13.09
2395	42750	17.85
2396	27005	11.27
2397	25798	10.76
2398	25899	10.80
2399	28125	11.72
2400	26427	11.01
2401	25530	10.63
2402	25550	10.64
2403	25744	10.71
2404	25548	10.63
2405	27161	11.29
2406	25531	10.61
2407	25545	10.61
2408	25766	10.70
2409	41168	17.09
2410	30382	12.61
2411	25653	10.64
2412	25640	10.63
2413	26265	10.88
2414	26027	10.78
2415	25959	10.75
2416	25964	10.75
2417	29545	12.22
2418	25976	10.74
2419	25992	10.74
2420	25987	10.74
2421	29662	12.25
2422	25985	10.73
2423	25973	10.72
2424	25982	10.72
2425	25989	10.72
2426	26220	10.81
2427	26017	10.72
2428	26091	10.75
2429	31120	12.81
2430	28980	11.93
2431	26209	10.78
2432	26203	10.77
2433	26145	10.75
2434	27691	11.38
2435	26255	10.78
2436	30462	12.50
2437	28011	11.49
2438	26145	10.72
2439	26119	10.71
2440	26246	10.76
2441	26822	10.99
2442	26121	10.70
2443	29597	12.12
2444	27203	11.13
2445	26104	10.68
2446	26816	10.96
2447	28093	11.48
2448	28316	11.57
2449	26667	10.89
2450	34602	14.12
2451	26402	10.77
2452	26400	10.77
2453	26429	10.77
2454	26433	10.77
2455	27580	11.23
2456	26248	10.69
2457	26236	10.68
2458	26214	10.66
2459	27684	11.26
2460	26561	10.80
2461	26342	10.70
2462	29136	11.83
2463	26499	10.76
2464	26621	10.80
2465	26568	10.78
2466	26565	10.77
2467	27544	11.16
2468	26582	10.77
2469	27152	11.00
2470	27405	11.10
2471	26532	10.74
2472	29249	11.83
2473	26273	10.62
2474	26278	10.62
2475	26287	10.62
2476	27341	11.04
2477	27649	11.16
2478	26759	10.80
2479	26500	10.69
2480	27573	11.12
2481	26640	10.74
2482	39117	15.76
2483	26398	10.63
2484	31700	12.76
2485	26675	10.73
2486	29896	12.03
2487	26699	10.74
2488	26714	10.74
2489	26741	10.74
2490	26758	10.75
2491	27782	11.15
2492	26776	10.74
2493	26795	10.75
2494	27093	10.86
2495	29498	11.82
2496	27344	10.96
2497	29326	11.74
2498	28992	11.61
2499	26805	10.73
2500	27288	10.92
2501	26892	10.75
2502	26865	10.74
2503	26881	10.74
2504	28460	11.37
2505	26758	10.68
2506	29628	11.82
2507	27313	10.89
2508	26849	10.71
2509	26873	10.71
2510	27280	10.87
2511	26774	10.66
2512	26729	10.64
2513	26705	10.63
2514	26797	10.66
2515	26726	10.63
2516	26743	10.63
2517	27247	10.83
2518	27739	11.02
2519	27539	10.93
2520	26782	10.63
2521	27292	10.83
2522	30490	12.09
2523	27110	10.75
2524	27131	10.75
2525	27198	10.77
2526	33472	13.25
2527	27407	10.85
2528	27794	10.99
2529	33057	13.07
2530	26751	10.57
2531	26734	10.56
2532	26756	10.57
2533	27642	10.91
2534	46481	18.34
2535	28213	11.13
2536	27321	10.77
2537	27324	10.77
2538	27349	10.78
2539	27487	10.83
2540	27362	10.77
2541	27620	10.87
2542	27281	10.73
2543	27737	10.91
2544	27265	10.72
2545	27268	10.71
2546	27228	10.69
2547	33185	13.03
2548	26867	10.54
2549	26856	10.54
2550	28074	11.01
2551	27361	10.73
2552	27382	10.73
2553	27613	10.82
2554	27553	10.79
2555	27469	10.75
2556	28176	11.02
2557	27147	10.62
2558	27832	10.88
2559	27361	10.69
2560	27702	10.82
2561	30971	12.09
2562	27364	10.68
2563	27700	10.81
2564	27357	10.67
2565	27361	10.67
2566	27521	10.73
2567	27191	10.59
2568	27196	10.59
2569	28515	11.10
2570	29355	11.42
2571	28119	10.94
2572	27881	10.84
2573	29579	11.50
2574	27322	10.61
2575	27423	10.65
2576	27695	10.75
2577	27775	10.78
2578	27315	10.60
2579	27321	10.59
2580	27360	10.60
2581	27492	10.65
2582	27344	10.59
2583	27379	10.60
2584	27397	10.60
2585	27424	10.61
2586	27964	10.81
2587	27492	10.63
2588	27373	10.58
2589	27337	10.56
2590	27353	10.56
2591	27373	10.56
2592	27372	10.56
2593	29606	11.42
2594	27389	10.56
2595	27369	10.55
2596	29506	11.37
2597	29785	11.47
2598	27611	10.63
2599	27597	10.62
2600	27879	10.72
2601	28193	10.84
2602	29949	11.51
2603	28397	10.91
2604	29432	11.30
2605	27722	10.64
2606	27721	10.64
2607	28195	10.82
2608	27762	10.64
2609	28300	10.85
2610	28194	10.80
2611	29307	11.22
2612	28239	10.81
2613	27894	10.68
2614	28287	10.82
2615	27647	10.57
2616	27641	10.57
2617	38519	14.72
2618	28732	10.97
2619	28040	10.71
2620	29933	11.42
2621	27617	10.54
2622	27596	10.52
2623	27591	10.52
2624	27595	10.52
2625	27783	10.58
2626	27612	10.51
2627	27855	10.60
2628	27703	10.54
2629	34637	13.17
2630	33645	12.79
2631	27632	10.50
2632	27645	10.50
2633	27656	10.50
2634	27946	10.61
2635	28172	10.69
2636	28048	10.64
2637	28047	10.64
2638	30915	11.72
2639	28200	10.69
2640	28201	10.68
2641	28539	10.81
2642	32817	12.42
2643	33673	12.74
2644	28150	10.65
2645	28199	10.66
2646	28169	10.65
2647	28184	10.65
2648	30996	11.71
2649	28282	10.68
2650	29697	11.21
2651	27952	10.54
2652	28104	10.60
2653	27980	10.55
2654	29159	10.99
2655	28179	10.61
2656	28141	10.60
2657	30350	11.42
2658	27926	10.51
2659	27940	10.51
2660	28058	10.55
2661	27961	10.51
2662	27981	10.51
2663	27964	10.50
2664	28468	10.69
2665	28006	10.51
2666	27975	10.49
2667	27985	10.49
2668	29036	10.88
2669	32271	12.09
2670	28239	10.58
2671	28258	10.58
2672	28296	10.59
2673	28566	10.69
2674	29352	10.98
2675	28191	10.54
2676	28200	10.54
2677	28193	10.53
2678	28216	10.54
2679	28240	10.54
2680	28242	10.54
2681	29328	10.94
2682	33449	12.47
2683	28542	10.64
2684	28546	10.64
2685	28476	10.61
2686	28442	10.59
2687	28457	10.59
2688	28922	10.76
2689	31513	11.72
2690	34215	12.72
2691	32744	12.17
2692	38048	14.13
2693	33950	12.61
2694	34170	12.68
2695	33249	12.34
2696	33494	12.42
2697	33209	12.31
2698	31819	11.79
2699	28586	10.59
2700	29484	10.92
2701	28771	10.65
2702	28793	10.66
2703	28874	10.68
2704	28915	10.69
2705	31717	11.73
2706	29168	10.78
2707	28897	10.67
2708	30102	11.12
2709	28905	10.67
2710	28924	10.67
2711	28892	10.66
2712	28954	10.68
2713	31066	11.45
2714	31206	11.50
2715	31157	11.48
2716	28584	10.52
2717	28590	10.52
2718	28593	10.52
2719	28791	10.59
2720	30311	11.14
2721	29138	10.71
2722	28644	10.52
2723	28661	10.53
2724	28681	10.53
2725	28701	10.53
2726	29899	10.97
2727	39095	14.34
2728	28645	10.50
2729	29106	10.67
2730	28685	10.51
2731	31191	11.42
2732	36893	13.50
2733	34329	12.56
2734	29600	10.83
2735	29140	10.65
2736	29062	10.62
2737	30364	11.09
2738	30778	11.24
2739	29850	10.90
2740	29107	10.62
2741	29112	10.62
2742	29131	10.62
2743	29219	10.65
2744	30596	11.15
2745	29188	10.63
2746	29340	10.68
2747	29238	10.64
2748	29245	10.64
2749	29539	10.75
2750	29234	10.63
2751	29514	10.73
2752	29274	10.64
2753	29245	10.62
2754	29875	10.85
2755	29433	10.68
2756	29427	10.68
2757	29449	10.68
2758	29328	10.63
2759	29302	10.62
2760	30315	10.98
2761	31016	11.23
2762	30339	10.98
2763	29886	10.82
2764	33697	12.19
2765	30874	11.17
2766	29251	10.58
2767	29217	10.56
2768	29992	10.84
2769	29298	10.58
2770	33810	12.21
2771	32839	11.85
2772	29309	10.57
2773	29347	10.58
2774	29447	10.62
2775	29229	10.53
2776	30404	10.95
2777	29642	10.67
2778	29583	10.65
2779	29593	10.65
2780	29614	10.65
2781	29365	10.56
2782	31625	11.37
2783	31254	11.23
2784	30068	10.80
2785	29391	10.55
2786	30082	10.80
2787	45208	16.22
2788	29764	10.68
2789	31539	11.31
2790	33494	12.01
2791	29459	10.55
2792	29468	10.55
2793	29502	10.56
2794	29849	10.68
2795	31521	11.28
2796	32450	11.61
2797	29216	10.45
2798	29166	10.42
2799	29295	10.47
2800	29821	10.65
2801	29370	10.49
2802	29457	10.51
2803	29340	10.47
2804	29326	10.46
2805	30113	10.74
2806	29695	10.58
2807	31145	11.10
2808	30235	10.77
2809	29584	10.53
2810	34363	12.23
2811	29998	10.67
2812	29633	10.54
2813	29724	10.57
2814	29620	10.53
2815	29637	10.53
2816	29659	10.53
2817	29649	10.53
2818	29721	10.55
2819	32771	11.63
2820	36061	12.79
2821	40802	14.46
2822	29823	10.57
2823	29680	10.51
2824	29878	10.58
2825	30715	10.87
2826	36819	13.03
2827	35461	12.54
2828	31437	11.12
2829	36954	13.06
2830	33855	11.96
2831	31043	10.97
2832	37804	13.35
2833	40285	14.22
2834	31045	10.95
2835	30024	10.59
2836	31413	11.08
2837	30066	10.60
2838	30660	10.80
2839	36379	12.81
2840	30343	10.68
2841	31882	11.22
2842	35290	12.42
2843	33108	11.65
2844	31739	11.16
2845	29792	10.47
2846	30626	10.76
2847	29756	10.45
2848	32105	11.27
2849	30833	10.82
2850	30008	10.53
2851	29783	10.45
2852	29794	10.45
2853	30031	10.53
2854	29789	10.44
2855	29775	10.43
2856	31722	11.11
2857	34580	12.10
2858	30208	10.57
2859	30213	10.57
2860	30219	10.57
2861	30212	10.56
2862	30224	10.56
2863	30383	10.61
2864	30908	10.79
2865	31594	11.03
2866	31029	10.83
2867	30307	10.57
2868	30821	10.75
2869	30034	10.47
2870	31361	10.93
2871	34326	11.96
2872	30248	10.53
2873	30272	10.54
2874	30420	10.58
2875	30305	10.54
2876	30308	10.54
2877	30439	10.58
2878	30305	10.53
2879	31747	11.03
2880	30812	10.70
2881	34407	11.94
2882	30431	10.56
2883	31293	10.85
2884	30436	10.55
2885	30434	10.55
2886	30429	10.54
2887	30453	10.55
2888	30661	10.62
2889	32737	11.33
2890	30499	10.55
2891	30652	10.60
2892	31709	10.96
2893	31390	10.85
2894	30453	10.52
2895	30447	10.52
2896	30532	10.54
2897	30466	10.52
2898	30858	10.65
2899	30524	10.53
2900	31144	10.74
2901	30335	10.46
2902	30342	10.46
2903	30455	10.49
2904	30393	10.47
2905	30420	10.47
2906	30452	10.48
2907	30458	10.48
2908	30455	10.47
2909	30433	10.46
2910	30716	10.56
2911	31006	10.65
2912	30537	10.49
2913	30637	10.52
2914	31077	10.66
2915	41271	14.16
2916	30718	10.53
2917	30740	10.54
2918	33273	11.40
2919	34058	11.67
2920	30652	10.50
2921	31180	10.67
2922	30669	10.50
2923	30672	10.49
2924	30676	10.49
2925	33763	11.54
2926	38990	13.33
2927	31006	10.59
2928	30625	10.46
2929	32015	10.93
2930	44498	15.19
2931	34637	11.82
2932	30857	10.52
2933	30782	10.50
2934	30735	10.48
2935	30739	10.47
2936	30731	10.47
2937	33326	11.35
2938	30746	10.46
2939	30716	10.45
2940	30739	10.46
2941	34697	11.80
2942	35565	12.09
2943	30964	10.52
2944	31071	10.55
2945	30861	10.48
2946	30849	10.47
2947	31014	10.52
2948	30874	10.47
2949	30902	10.48
2950	30931	10.49
2951	30968	10.49
2952	30998	10.50
2953	33706	11.41
2954	31072	10.52
2955	31075	10.52
2956	30778	10.41
2957	30779	10.41
2958	32254	10.90
2959	32475	10.97
2960	31186	10.54
2961	31061	10.49
2962	31086	10.49
2963	31513	10.64
2964	31119	10.50
2965	31096	10.49
2966	35730	12.05
2967	31126	10.49
2968	30989	10.44
2969	30998	10.44
2970	31238	10.52
2971	30946	10.42
2972	31199	10.50
2973	30957	10.41
2974	32433	10.91
2975	31459	10.57
2976	31220	10.49
2977	31732	10.66
2978	31134	10.45
2979	31122	10.45
2980	31535	10.58
2981	31182	10.46
2982	31485	10.56
2983	31071	10.42
2984	32247	10.81
2985	31172	10.44
2986	31187	10.44
2987	31242	10.46
2988	31205	10.44
2989	31559	10.56
2990	31340	10.48
2991	33697	11.27
2992	34383	11.49
2993	31469	10.51
2994	31437	10.50
2995	32032	10.70
2996	31518	10.52
2997	31601	10.54
2998	31586	10.54
2999	31965	10.66
3000	33213	11.07
3001	31562	10.52
3002	34734	11.57
3003	31492	10.49
3004	31486	10.48
3005	31503	10.48
3006	31513	10.48
3007	31852	10.59
3008	31525	10.48
3009	31604	10.50
3010	31566	10.49
3011	31354	10.41
3012	31340	10.41
3013	31532	10.47
3014	33096	10.98
3015	32467	10.77
3016	31608	10.48
3017	32681	10.83
3018	31660	10.49
3019	31664	10.49
3020	31663	10.48
3021	31838	10.54
3022	34212	11.32
3023	34173	11.30
3024	40026	13.24
3025	31659	10.47
3026	34826	11.51
3027	35255	11.65
3028	31495	10.40
3029	31492	10.40
3030	31547	10.41
3031	31512	10.40
3032	31514	10.39
3033	31872	10.51
3034	31575	10.41
3035	31578	10.40
3036	33545	11.05
3037	31929	10.51
3038	31947	10.52
3039	31940	10.51
3040	31970	10.52
3041	32370	10.64
3042	31954	10.50
3043	32328	10.62
3044	32921	10.82
3045	32226	10.58
3046	31929	10.48
3047	31931	10.48
3048	32601	10.70
3049	31744	10.41
3050	31754	10.41
3051	32097	10.52
3052	31800	10.42
3053	31835	10.43
3054	31824	10.42
3055	31805	10.41
3056	32405	10.60
3057	31914	10.44
3058	31874	10.42
3059	31904	10.43
3060	31898	10.42
3061	31899	10.42
3062	31930	10.43
3063	33808	11.04
3064	31872	10.40
3065	35448	11.57
3066	33210	10.83
3067	31884	10.40
3068	31898	10.40
3069	33034	10.76
3070	31956	10.41
3071	31862	10.38
3072	31863	10.37
3073	36940	12.02
3074	32673	10.63
3075	33398	10.86
3076	32721	10.64
3077	32081	10.43
3078	32746	10.64
3079	32058	10.41
3080	32158	10.44
3081	33568	10.90
3082	31911	10.35
3083	33145	10.75
3084	32327	10.48
3085	32346	10.48
3086	34508	11.18
3087	35660	11.55
3088	31984	10.36
3089	32002	10.36
3090	32483	10.51
3091	32266	10.44
3092	32303	10.45
3093	32305	10.44
3094	33770	10.91
3095	33130	10.70
3096	37450	12.10
3097	32625	10.53
3098	32662	10.54
3099	34574	11.16
3100	32967	10.63
3101	32671	10.54
3102	32173	10.37
3103	34883	11.24
3104	32800	10.57
3105	32399	10.43
3106	32754	10.55
3107	35820	11.53
3108	32456	10.44
3109	32478	10.45
3110	32576	10.47
3111	32578	10.47
3112	32499	10.44
3113	32507	10.44
3114	33984	10.91
3115	33512	10.76
3116	32551	10.45
3117	33582	10.77
3118	32539	10.44
3119	35875	11.50
3120	32651	10.47
3121	32555	10.43
3122	32566	10.43
3123	33399	10.69
3124	42595	13.63
3125	32556	10.42
3126	32543	10.41
3127	34340	10.98
3128	32586	10.42
3129	34627	11.07
3130	36617	11.70
3131	36296	11.59
3132	37767	12.06
3133	40317	12.87
3134	37696	12.03
3135	37578	11.99
3136	37343	11.91
3137	32466	10.35
3138	34600	11.03
3139	32540	10.37
3140	33224	10.58
3141	32784	10.44
3142	32823	10.45
3143	41105	13.08
3144	39993	12.72
3145	50064	15.92
3146	53331	16.95
3147	50230	15.96
3148	36764	11.68
3149	36775	11.68
3150	51335	16.30
3151	55778	17.70
3152	45905	14.56
3153	35095	11.13
3154	35393	11.22
3155	36255	11.49
3156	35788	11.34
3157	38700	12.26
3158	41009	12.99
3159	32932	10.42
3160	45665	14.45
3161	35424	11.21
3162	33288	10.53
3163	40471	12.80
3164	33959	10.73
3165	33399	10.55
3166	33702	10.64
3167	32760	10.34
3168	34593	10.92
3169	33770	10.66
3170	34841	10.99
3171	35181	11.09
3172	33097	10.43
3173	33098	10.43
3174	33340	10.50
3175	33170	10.45
3176	33069	10.41
3177	33099	10.42
3178	34612	10.89
3179	33095	10.41
3180	33253	10.46
3181	33496	10.53
3182	32807	10.31
3183	32824	10.31
3184	34012	10.68
3185	33459	10.51
3186	33136	10.40
3187	33247	10.43
3188	33392	10.47
3189	33266	10.43
3190	33203	10.41
3191	33866	10.61
3192	35372	11.08
3193	36767	11.51
3194	33353	10.44
3195	33349	10.44
3196	33351	10.44
3197	34208	10.70
3198	33297	10.41
3199	33159	10.37
3200	34089	10.65
3201	33578	10.49
3202	33259	10.39
3203	33252	10.38
3204	38851	12.13
3205	33283	10.38
3206	33225	10.36
3207	33133	10.33
3208	33130	10.33
3209	33142	10.33
3210	33470	10.43
3211	33158	10.33
3212	33202	10.34
3213	35296	10.99
3214	34408	10.71
3215	35349	11.00
3216	38984	12.12
3217	33250	10.34
3218	33247	10.33
3219	33263	10.33
3220	33377	10.37
3221	33317	10.34
3222	33364	10.36
3223	41516	12.88
3224	37074	11.50
3225	35228	10.92
3226	40018	12.40
3227	36650	11.36
3228	33529	10.39
3229	33668	10.43
3230	33540	10.38
3231	33755	10.45
3232	33887	10.48
3233	33389	10.33
3234	33423	10.33
3235	33452	10.34
3236	35257	10.90
3237	33627	10.39
3238	33739	10.42
3239	33639	10.39
3240	33647	10.38
3241	34280	10.58
3242	33686	10.39
3243	33667	10.38
3244	38674	11.92
3245	33483	10.32
3246	33871	10.43
3247	33553	10.33
3248	37447	11.53
3249	34557	10.64
3250	33829	10.41
3251	33825	10.40
3252	33840	10.41
3253	33847	10.40
3254	34960	10.74
3255	33875	10.41
3256	35211	10.81
3257	33793	10.38
3258	36100	11.08
3259	33853	10.39
3260	33852	10.38
3261	33883	10.39
3262	33915	10.40
3263	33926	10.40
3264	34233	10.49
3265	34715	10.63
3266	33726	10.33
3267	34181	10.46
3268	33918	10.38
3269	34345	10.51
3270	33923	10.37
3271	33932	10.37
3272	33964	10.38
3273	33962	10.38
3274	33982	10.38
3275	34193	10.44
3276	34040	10.39
3277	34037	10.39
3278	34156	10.42
3279	34055	10.39
3280	34149	10.41
3281	35399	10.79
3282	33801	10.30
3283	33838	10.31
3284	51178	15.58
3285	34383	10.47
3286	34193	10.41
3287	34809	10.59
3288	34767	10.57
3289	34758	10.57
3290	34222	10.40
3291	34178	10.39
3292	36713	11.15
3293	35797	10.87
3294	34892	10.59
3295	34194	10.38
3296	34483	10.46
3297	34685	10.52
3298	38317	11.62
3299	34037	10.32
3300	35201	10.67
3301	35784	10.84
3302	35440	10.73
3303	37501	11.35
3304	34282	10.38
3305	34405	10.41
3306	34311	10.38
3307	37893	11.46
3308	34109	10.31
3309	35548	10.74
3310	35030	10.58
3311	34126	10.31
3312	34261	10.34
3313	35131	10.60
3314	45195	13.64
3315	35098	10.59
3316	34505	10.41
3317	34473	10.39
3318	34976	10.54
3319	34972	10.54
3320	34403	10.36
3321	36030	10.85
3322	40436	12.17
3323	41974	12.63
3324	35080	10.55
3325	50390	15.15
3326	35418	10.65
3327	34178	10.27
3328	34175	10.27
3329	34214	10.28
3330	34228	10.28
3331	37007	11.11
3332	35649	10.70
3333	34614	10.39
3334	35455	10.63
3335	34382	10.31
3336	34418	10.32
3337	34519	10.34
3338	34426	10.31
3339	34517	10.34
3340	34511	10.33
3341	38249	11.45
3342	35223	10.54
3343	34356	10.28
3344	34326	10.26
3345	37689	11.27
3346	37896	11.33
3347	34476	10.30
3348	34587	10.33
3349	34472	10.29
3350	34727	10.37
3351	34526	10.30
3352	35994	10.74
3353	34910	10.41
3354	35396	10.55
3355	35967	10.72
3356	35038	10.44
3357	34565	10.30
3358	37251	11.09
3359	34524	10.28
3360	38547	11.47
3361	34727	10.33
3362	34633	10.30
3363	34636	10.30
3364	35469	10.54
3365	34990	10.40
3366	35291	10.48
3367	37637	11.18
3368	34850	10.35
3369	34648	10.28
3370	34595	10.27
3371	35172	10.43
3372	34659	10.28
3373	34679	10.28
3374	36128	10.71
3375	34628	10.26
3376	35345	10.47
3377	35513	10.52
3378	34928	10.34
3379	34915	10.33
3380	39124	11.58
3381	35095	10.38
3382	34947	10.33
3383	40699	12.03
3384	35488	10.49
3385	35093	10.37
3386	35084	10.36
3387	35502	10.48
3388	38430	11.34
3389	36373	10.73
3390	35244	10.40
3391	35158	10.37
3392	35169	10.37
3393	35371	10.42
3394	35194	10.37
3395	35123	10.35
3396	38005	11.19
3397	34974	10.30
3398	36420	10.72
3399	36707	10.80
3400	36670	10.79
3401	34986	10.29
3402	35663	10.48
3403	34873	10.25
3404	34862	10.24
3405	34872	10.24
3406	34900	10.25
3407	34889	10.24
3408	34910	10.24
3409	36390	10.67
3410	35849	10.51
3411	35046	10.27
3412	35149	10.30
3413	35073	10.28
3414	35086	10.28
3415	35169	10.30
3416	35112	10.28
3417	35108	10.27
3418	37316	10.92
3419	36781	10.76
3420	46032	13.46
3421	36589	10.70
3422	42126	12.31
3423	35071	10.25
3424	35185	10.28
3425	35073	10.24
3426	35051	10.23
3427	36566	10.67
3428	35205	10.27
3429	35157	10.25
3430	36966	10.78
3431	42094	12.27
3432	41908	12.21
3433	35649	10.38
3434	35807	10.43
3435	35463	10.32
3436	37804	11.00
3437	36489	10.62
3438	37009	10.76
3439	35582	10.35
3440	36273	10.54
3441	47259	13.73
3442	36125	10.50
3443	35598	10.34
3444	35582	10.33
3445	35723	10.37
3446	35852	10.40
3447	35691	10.35
3448	37008	10.73
3449	36540	10.59
3450	36923	10.70
3451	35451	10.27
3452	35467	10.27
3453	35940	10.41
3454	35485	10.27
3455	36490	10.56
3456	38644	11.18
3457	35482	10.26
3458	35493	10.26
3459	40072	11.58
3460	36820	10.64
3461	36686	10.60
3462	37816	10.92
3463	35796	10.34
3464	35794	10.33
3465	36007	10.39
3466	35834	10.34
3467	35825	10.33
3468	36004	10.38
3469	35891	10.35
3470	35867	10.34
3471	39224	11.30
3472	35832	10.32
3473	36785	10.59
3474	39165	11.27
3475	35660	10.26
3476	35686	10.27
3477	35878	10.32
3478	35727	10.27
3479	35745	10.27
3480	35745	10.27
3481	35715	10.26
3482	35786	10.28
3483	35774	10.27
3484	39746	11.41
3485	36862	10.58
3486	35742	10.25
3487	36039	10.34
3488	35991	10.32
3489	35948	10.30
3490	36164	10.36
3491	38594	11.06
3492	36135	10.35
3493	39365	11.27
3494	35864	10.26
3495	35762	10.23
3496	36348	10.40
3497	35823	10.24
3498	35838	10.25
3499	35858	10.25
3500	38953	11.13
3501	35898	10.25
3502	38112	10.88
3503	38696	11.05
3504	36335	10.37
3505	36349	10.37
3506	36359	10.37
3507	36364	10.37
3508	39351	11.22
3509	35950	10.25
3510	35969	10.25
3511	41800	11.91
3512	37170	10.58
3513	40529	11.54
3514	36122	10.28
3515	36009	10.24
3516	36088	10.26
3517	38200	10.86
3518	36267	10.31
3519	36185	10.28
3520	38196	10.85
3521	43007	12.21
3522	37338	10.60
3523	37714	10.71
3524	41957	11.91
3525	36416	10.33
3526	36157	10.25
3527	36160	10.25
3528	36135	10.24
3529	37630	10.66
3530	36285	10.28
3531	36256	10.27
3532	37885	10.73
3533	36414	10.31
3534	36349	10.29
3535	37163	10.51
3536	36255	10.25
3537	36548	10.33
3538	36241	10.24
3539	36286	10.25
3540	36302	10.25
3541	36303	10.25
3542	36251	10.23
3543	36260	10.23
3544	36388	10.27
3545	36507	10.30
3546	36447	10.28
3547	36399	10.26
3548	39078	11.01
3549	36368	10.25
3550	36421	10.26
3551	36358	10.24
3552	36367	10.24
3553	36415	10.25
3554	45228	12.73
3555	36605	10.30
3556	36663	10.31
3557	37424	10.52
3558	36697	10.31
3559	36659	10.30
3560	36729	10.32
3561	38161	10.72
3562	37451	10.51
3563	37023	10.39
3564	36671	10.29
3565	36727	10.30
3566	39306	11.02
3567	36751	10.30
3568	37783	10.59
3569	36910	10.34
3570	36903	10.34
3571	38996	10.92
3572	40100	11.23
3573	36748	10.28
3574	38218	10.69
3575	38981	10.90
3576	38734	10.83
3577	36726	10.27
3578	37339	10.44
3579	37580	10.50
3580	36708	10.25
3581	37451	10.46
3582	36764	10.26
3583	38189	10.66
3584	44405	12.39
3585	36721	10.24
3586	36699	10.23
3587	36564	10.19
3588	36537	10.18
3589	36608	10.20
3590	36599	10.19
3591	36742	10.23
3592	36606	10.19
3593	37072	10.32
3594	41019	11.41
3595	39028	10.86
3596	37908	10.54
3597	37007	10.29
3598	36951	10.27
3599	36951	10.27
3600	37637	10.45
3601	36988	10.27
3602	39797	11.05
3603	38307	10.63
3604	47329	13.13
3605	37211	10.32
3606	36762	10.19
3607	37930	10.52
3608	36812	10.20
3609	36810	10.20
3610	36837	10.20
3611	37794	10.47
3612	36897	10.22
3613	37317	10.33
3614	37134	10.28
3615	40465	11.19
3616	37186	10.28
3617	37200	10.28
3618	37466	10.36
3619	37226	10.29
3620	41270	11.40
3621	45089	12.45
3622	37307	10.30
3623	36878	10.18
3624	42832	11.82
3625	41246	11.38
3626	37315	10.29
3627	37326	10.29
3628	37383	10.30
3629	37493	10.33
3630	37334	10.28
3631	38818	10.69
3632	37898	10.43
3633	39907	10.98
3634	37353	10.28
3635	39457	10.85
3636	38471	10.58
3637	37435	10.29
3638	39916	10.97
3639	37178	10.22
3640	37182	10.21
3641	37476	10.29
3642	37150	10.20
3643	37741	10.36
3644	43228	11.86
3645	37580	10.31
3646	37595	10.31
3647	37585	10.31
3648	37679	10.33
3649	37973	10.41
3650	37523	10.28
3651	38372	10.51
3652	37530	10.28
3653	41558	11.38
3654	38784	10.61
3655	40301	11.03
3656	38747	10.60
3657	37383	10.22
3658	37345	10.21
3659	37345	10.21
3660	37363	10.21
3661	37396	10.21
3662	37441	10.22
3663	37340	10.19
3664	37296	10.18
3665	39214	10.70
3666	37365	10.19
3667	37346	10.18
3668	37343	10.18
3669	37376	10.19
3670	37377	10.18
3671	37483	10.21
3672	37410	10.19
3673	37931	10.33
3674	39082	10.64
3675	37865	10.30
3676	37725	10.26
3677	37957	10.32
3678	37770	10.27
3679	37858	10.29
3680	37752	10.26
3681	37905	10.30
3682	37755	10.25
3683	41751	11.34
3684	39060	10.60
3685	37791	10.26
3686	37705	10.23
3687	37719	10.23
3688	37717	10.23
3689	40089	10.87
3690	38364	10.40
3691	42840	11.61
3692	40456	10.96
3693	40061	10.85
3694	37939	10.27
3695	38188	10.34
3696	37697	10.20
3697	37894	10.25
3698	37776	10.22
3699	37784	10.21
3700	39111	10.57
3701	37983	10.26
3702	38445	10.38
3703	37904	10.24
3704	37895	10.23
3705	40852	11.03
3706	38017	10.26
3707	38102	10.28
3708	37907	10.22
3709	41762	11.26
3710	37994	10.24
3711	38131	10.28
3712	39184	10.56
3713	40735	10.97
3714	37896	10.20
3715	38167	10.27
3716	38840	10.45
3717	38044	10.24
3718	38899	10.46
3719	38100	10.24
3720	43771	11.77
3721	44857	12.06
3722	42243	11.35
3723	42642	11.45
3724	38251	10.27
3725	38218	10.26
3726	38223	10.26
3727	38216	10.25
3728	39071	10.48
3729	39635	10.63
3730	39703	10.64
3731	40529	10.86
3732	38172	10.23
3733	38274	10.25
3734	38248	10.24
3735	38252	10.24
3736	38164	10.22
3737	38189	10.22
3738	38515	10.30
3739	43450	11.62
3740	38484	10.29
3741	38256	10.23
3742	38291	10.23
3743	46922	12.54
3744	39228	10.48
3745	38392	10.25
3746	38841	10.37
3747	38406	10.25
3748	39284	10.48
3749	38504	10.27
3750	39952	10.65
3751	45546	12.14
3752	38763	10.33
3753	38389	10.23
3754	38504	10.26
3755	38246	10.19
3756	38262	10.19
3757	38336	10.20
3758	38475	10.24
3759	38329	10.20
3760	41455	11.03
3761	41352	10.99
3762	38429	10.22
3763	42031	11.17
3764	38445	10.21
3765	38495	10.22
3766	38435	10.21
3767	38436	10.20
3768	38599	10.24
3769	39304	10.43
3770	45537	12.08
3771	38492	10.21
3772	38429	10.19
3773	38420	10.18
3774	41129	10.90
3775	38448	10.18
3776	38455	10.18
3777	39955	10.58
3778	38778	10.26
3779	40121	10.62
3780	38751	10.25
3781	45942	12.15
3782	40738	10.77
3783	38570	10.20
3784	38547	10.19
3785	39202	10.36
3786	38882	10.27
3787	40267	10.63
3788	39812	10.51
3789	38703	10.21
3790	38741	10.22
3791	38758	10.22
3792	41300	10.89
3793	42354	11.17
3794	39792	10.49
3795	42498	11.20
3796	38669	10.19
3797	38587	10.16
3798	38555	10.15
3799	41163	10.84
3800	39152	10.30
3801	41351	10.88
3802	38715	10.18
3803	38739	10.19
3804	39058	10.27
3805	38730	10.18
3806	38768	10.19
3807	40346	10.60
3808	40444	10.62
3809	43653	11.46
3810	40472	10.62
3811	39114	10.26
3812	46036	12.08
3813	39196	10.28
3814	38776	10.17
3815	40712	10.67
3816	41598	10.90
3817	41821	10.96
3818	41847	10.96
3819	44945	11.77
3820	38812	10.16
3821	42931	11.24
3822	39148	10.24
3823	39118	10.23
3824	40207	10.51
3825	42491	11.11
3826	50471	13.19
3827	47118	12.31
3828	39977	10.44
3829	38922	10.17
3830	39109	10.21
3831	39619	10.34
3832	39170	10.22
3833	39156	10.22
3834	42294	11.03
3835	40729	10.62
3836	43605	11.37
3837	39452	10.28
3838	39298	10.24
3839	39253	10.22
3840	39260	10.22
3841	40653	10.58
3842	39087	10.17
3843	39179	10.19
3844	41599	10.82
3845	39539	10.28
3846	39646	10.31
3847	39084	10.16
3848	42040	10.93
3849	39402	10.24
3850	39382	10.23
3851	39402	10.23
3852	39403	10.23
3853	39341	10.21
3854	39239	10.18
3855	39252	10.18
3856	40875	10.60
3857	39272	10.18
3858	40534	10.51
3859	40059	10.38
3860	39249	10.17
3861	39248	10.17
3862	43410	11.24
3863	39488	10.22
3864	40797	10.56
3865	39532	10.23
3866	39542	10.23
3867	39568	10.23
3868	39318	10.16
3869	39242	10.14
3870	39284	10.15
3871	40740	10.52
3872	39636	10.24
3873	40230	10.39
3874	39966	10.32
3875	39723	10.25
3876	39742	10.25
3877	41512	10.71
3878	40603	10.47
3879	41561	10.71
3880	39447	10.17
3881	40376	10.40
3882	42994	11.08
3883	40307	10.38
3884	40648	10.47
3885	39707	10.22
3886	39696	10.22
3887	39717	10.22
3888	41171	10.59
3889	39777	10.23
3890	40782	10.48
3891	41163	10.58
3892	39770	10.22
3893	39979	10.27
3894	39787	10.22
3895	41084	10.55
3896	42817	10.99
3897	39561	10.15
3898	39597	10.16
3899	40479	10.38
3900	40651	10.42
3901	42941	11.01
3902	39835	10.21
3903	39900	10.22
3904	40103	10.27
3905	39895	10.22
3906	45961	11.77
3907	47285	12.10
3908	46433	11.88
3909	48217	12.33
3910	46288	11.84
3911	47810	12.22
3912	46397	11.86
3913	42210	10.79
3914	41453	10.59
3915	39752	10.15
3916	39758	10.15
3917	42018	10.73
3918	48854	12.47
3919	43067	10.99
3920	40972	10.45
3921	40188	10.25
3922	40211	10.25
3923	40225	10.25
3924	40093	10.22
3925	40343	10.28
3926	40002	10.19
3927	54154	13.79
3928	42480	10.81
3929	40220	10.24
3930	40180	10.22
3931	40204	10.23
3932	41382	10.52
3933	39987	10.17
3934	40896	10.40
3935	40347	10.25
3936	46910	11.92
3937	47949	12.18
3938	40290	10.23
3939	41148	10.45
3940	39989	10.15
3941	39966	10.14
3942	41551	10.54
3943	41467	10.52
3944	44350	11.24
3945	41559	10.53
3946	41595	10.54
3947	41707	10.57
3948	40212	10.19
3949	40216	10.18
3950	40243	10.19
3951	40455	10.24
3952	41598	10.53
3953	40368	10.21
3954	41176	10.41
3955	40287	10.19
3956	40303	10.19
3957	40575	10.25
3958	40621	10.26
3959	40308	10.18
3960	41883	10.58
3961	40561	10.24
3962	40955	10.34
3963	40344	10.18
3964	40263	10.16
3965	40265	10.16
3966	40350	10.17
3967	40257	10.15
3968	40441	10.19
3969	40423	10.18
3970	40322	10.16
3971	40337	10.16
3972	41743	10.51
3973	40414	10.17
3974	40371	10.16
3975	40240	10.12
3976	40253	10.12
3977	43650	10.98
3978	40377	10.15
3979	40416	10.16
3980	41387	10.40
3981	40769	10.24
3982	43059	10.81
3983	40968	10.29
3984	40856	10.26
3985	42226	10.60
3986	40529	10.17
3987	41686	10.46
3988	40692	10.20
3989	40716	10.21
3990	41823	10.48
3991	41177	10.32
3992	40834	10.23
3993	44113	11.05
3994	42053	10.53
3995	40757	10.20
3996	40778	10.20
3997	40817	10.21
3998	40674	10.17
3999	42125	10.53
4000	50812	12.70
