N	Total Time	Average CPE
1	382	382.00
2	33	16.50
3	129	43.00
4	56	14.00
5	143	28.60
6	219	36.50
7	167	23.86
8	255	31.88
9	199	22.11
10	836	83.60
11	379	34.45
12	433	36.08
13	304	23.38
14	437	31.21
15	439	29.27
16	458	28.62
17	483	28.41
18	573	31.83
19	619	32.58
20	454	22.70
21	297	14.14
22	312	14.18
23	328	14.26
24	337	14.04
25	351	14.04
26	372	14.31
27	376	13.93
28	750	26.79
29	781	26.93
30	854	28.47
31	878	28.32
32	964	30.12
33	905	27.42
34	1415	41.62
35	571	16.31
36	499	13.86
37	511	13.81
38	530	13.95
39	534	13.69
40	561	14.03
41	565	13.78
42	576	13.71
43	594	13.81
44	602	13.68
45	623	13.84
46	637	13.85
47	649	13.81
48	661	13.77
49	685	13.98
50	684	13.68
51	699	13.71
52	711	13.67
53	732	13.81
54	747	13.83
55	748	13.60
56	772	13.79
57	788	13.82
58	789	13.60
59	805	13.64
60	825	13.75
61	827	13.56
62	840	13.55
63	858	13.62
64	879	13.73
65	890	13.69
66	913	13.83
67	912	13.61
68	927	13.63
69	945	13.70
70	958	13.69
71	962	13.55
72	996	13.83
73	992	13.59
74	1004	13.57
75	1029	13.72
76	1047	13.78
77	1747	22.69
78	1184	15.18
79	1074	13.59
80	1095	13.69
81	1089	13.44
82	1111	13.55
83	1136	13.69
84	1144	13.62
85	1165	13.71
86	1173	13.64
87	1185	13.62
88	1201	13.65
89	1223	13.74
90	1215	13.50
91	1232	13.54
92	1263	13.73
93	1266	13.61
94	1288	13.70
95	1282	13.49
96	1307	13.61
97	1313	13.54
98	1338	13.65
99	1336	13.49
100	2074	20.74
101	1440	14.26
102	1400	13.73
103	1393	13.52
104	1421	13.66
105	1418	13.50
106	1441	13.59
107	1448	13.53
108	1466	13.57
109	1469	13.48
110	1494	13.58
111	1514	13.64
112	1509	13.47
113	1529	13.53
114	1541	13.52
115	1563	13.59
116	1564	13.48
117	1593	13.62
118	1601	13.57
119	1601	13.45
120	1619	13.49
121	1620	13.39
122	1657	13.58
123	1666	13.54
124	1668	13.45
125	1937	15.50
126	1707	13.55
127	1714	13.50
128	1740	13.59
129	1742	13.50
130	1764	13.57
131	1783	13.61
132	1777	13.46
133	1806	13.58
134	1819	13.57
135	1812	13.42
136	1844	13.56
137	1858	13.56
138	1856	13.45
139	1881	13.53
140	1892	13.51
141	1898	13.46
142	1915	13.49
143	1938	13.55
144	1954	13.57
145	1951	13.46
146	1974	13.52
147	1997	13.59
148	2002	13.53
149	2015	13.52
150	2031	13.54
151	2047	13.56
152	8103	53.31
153	3244	21.20
154	3226	20.95
155	3268	21.08
156	3402	21.81
157	3059	19.48
158	2116	13.39
159	2135	13.43
160	2142	13.39
161	2145	13.32
162	2166	13.37
163	2177	13.36
164	2201	13.42
165	2218	13.44
166	2228	13.42
167	2236	13.39
168	2247	13.38
169	2264	13.40
170	2276	13.39
171	2297	13.43
172	2308	13.42
173	2326	13.45
174	2330	13.39
175	2340	13.37
176	2344	13.32
177	2372	13.40
178	2382	13.38
179	2403	13.42
180	2397	13.32
181	2407	13.30
182	2441	13.41
183	2454	13.41
184	2473	13.44
185	2472	13.36
186	2485	13.36
187	2504	13.39
188	2516	13.38
189	2542	13.45
190	2545	13.39
191	2561	13.41
192	2581	13.44
193	2586	13.40
194	2600	13.40
195	2609	13.38
196	2627	13.40
197	3009	15.27
198	2757	13.92
199	2690	13.52
200	3119	15.60
201	2725	13.56
202	2760	13.66
203	2765	13.62
204	2851	13.98
205	2883	14.06
206	2890	14.03
207	2892	13.97
208	2909	13.99
209	2888	13.82
210	3024	14.40
211	4663	22.10
212	3782	17.84
213	2871	13.48
214	2884	13.48
215	2910	13.53
216	2910	13.47
217	2936	13.53
218	2930	13.44
219	2957	13.50
220	2935	13.34
221	2964	13.41
222	2992	13.48
223	3010	13.50
224	3021	13.49
225	2998	13.32
226	3047	13.48
227	3054	13.45
228	3063	13.43
229	3078	13.44
230	3096	13.46
231	3109	13.46
232	3118	13.44
233	3129	13.43
234	3147	13.45
235	3155	13.43
236	7044	29.85
237	3540	14.94
238	3202	13.45
239	3209	13.43
240	3208	13.37
241	3225	13.38
242	3258	13.46
243	3253	13.39
244	3272	13.41
245	3479	14.20
246	3518	14.30
247	3512	14.22
248	3547	14.30
249	3484	13.99
250	3514	14.06
251	3586	14.29
252	3588	14.24
253	3557	14.06
254	3528	13.89
255	3614	14.17
256	3512	13.72
257	3764	14.65
258	5231	20.28
259	4744	18.32
260	3874	14.90
261	3665	14.04
262	4265	16.28
263	3524	13.40
264	3537	13.40
265	3560	13.43
266	3570	13.42
267	3582	13.42
268	3599	13.43
269	3610	13.42
270	3643	13.49
271	3641	13.44
272	3648	13.41
273	3667	13.43
274	3676	13.42
275	3701	13.46
276	3720	13.48
277	3726	13.45
278	3758	13.52
279	4648	16.66
280	4396	15.70
281	5392	19.19
282	5028	17.83
283	5541	19.58
284	4622	16.27
285	4980	17.47
286	4776	16.70
287	4744	16.53
288	5136	17.83
289	4652	16.10
290	4606	15.88
291	4703	16.16
292	4802	16.45
293	4867	16.61
294	4715	16.04
295	4935	16.73
296	4907	16.58
297	4627	15.58
298	4883	16.39
299	5818	19.46
300	6420	21.40
301	5441	18.08
302	4289	14.20
303	4594	15.16
304	4068	13.38
305	4095	13.43
306	4099	13.40
307	4109	13.38
308	4124	13.39
309	4144	13.41
310	4171	13.45
311	4156	13.36
312	4181	13.40
313	4196	13.41
314	4214	13.42
315	8117	25.77
316	5479	17.34
317	4872	15.37
318	4262	13.40
319	4299	13.48
320	4271	13.35
321	4299	13.39
322	4321	13.42
323	4312	13.35
324	4353	13.44
325	4353	13.39
326	4370	13.40
327	4391	13.43
328	4387	13.38
329	4417	13.43
330	4424	13.41
331	4437	13.40
332	6888	20.75
333	4471	13.43
334	4468	13.38
335	5615	16.76
336	4574	13.61
337	5893	17.49
338	5964	17.64
339	4560	13.45
340	4524	13.31
341	4564	13.38
342	4585	13.41
343	4623	13.48
344	4630	13.46
345	5179	15.01
346	6029	17.42
347	4735	13.65
348	5048	14.51
349	5524	15.83
350	5287	15.11
351	5196	14.80
352	4765	13.54
353	4777	13.53
354	4789	13.53
355	4798	13.52
356	4822	13.54
357	4833	13.54
358	4849	13.54
359	4864	13.55
360	4838	13.44
361	4886	13.53
362	4894	13.52
363	4918	13.55
364	4917	13.51
365	4931	13.51
366	4952	13.53
367	4963	13.52
368	4979	13.53
369	4991	13.53
370	5273	14.25
371	5024	13.54
372	5033	13.53
373	5053	13.55
374	5059	13.53
375	5052	13.47
376	5081	13.51
377	5050	13.40
378	5061	13.39
379	5083	13.41
380	5132	13.51
381	5109	13.41
382	5119	13.40
383	5133	13.40
384	5154	13.42
385	5161	13.41
386	5181	13.42
387	5178	13.38
388	5192	13.38
389	5216	13.41
390	5231	13.41
391	5238	13.40
392	5252	13.40
393	5264	13.39
394	5276	13.39
395	5293	13.40
396	5504	13.90
397	8849	22.29
398	5331	13.39
399	6310	15.81
400	7122	17.80
401	5803	14.47
402	5380	13.38
403	5395	13.39
404	5405	13.38
405	5424	13.39
406	5428	13.37
407	5450	13.39
408	5466	13.40
409	5478	13.39
410	5482	13.37
411	5504	13.39
412	5516	13.39
413	5529	13.39
414	5718	13.81
415	5551	13.38
416	5573	13.40
417	5587	13.40
418	5595	13.39
419	5608	13.38
420	5603	13.34
421	5633	13.38
422	5647	13.38
423	5660	13.38
424	5663	13.36
425	5689	13.39
426	5708	13.40
427	5712	13.38
428	5739	13.41
429	5733	13.36
430	5776	13.43
431	5774	13.40
432	5785	13.39
433	5799	13.39
434	5808	13.38
435	5840	13.43
436	5838	13.39
437	5848	13.38
438	5866	13.39
439	5866	13.36
440	6029	13.70
441	5993	13.59
442	6763	15.30
443	5932	13.39
444	5938	13.37
445	5961	13.40
446	5965	13.37
447	5985	13.39
448	5997	13.39
449	6012	13.39
450	6039	13.42
451	6054	13.42
452	8022	17.75
453	8697	19.20
454	8532	18.79
455	7444	16.36
456	7193	15.77
457	7221	15.80
458	6121	13.36
459	6149	13.40
460	6134	13.33
461	6164	13.37
462	6176	13.37
463	6197	13.38
464	8575	18.48
465	6461	13.89
466	6248	13.41
467	6237	13.36
468	6261	13.38
469	6373	13.59
470	6282	13.37
471	6293	13.36
472	6323	13.40
473	6324	13.37
474	6334	13.36
475	6911	14.55
476	6360	13.36
477	6395	13.41
478	6380	13.35
479	6411	13.38
480	6397	13.33
481	6427	13.36
482	6457	13.40
483	6458	13.37
484	6542	13.52
485	6512	13.43
486	6512	13.40
487	6529	13.41
488	7266	14.89
489	6630	13.56
490	6610	13.49
491	6631	13.51
492	6644	13.50
493	6658	13.51
494	8522	17.25
495	6665	13.46
496	6637	13.38
497	6642	13.36
498	6669	13.39
499	6670	13.37
500	7366	14.73
501	6794	13.56
502	6836	13.62
503	10644	21.16
504	8499	16.86
505	6837	13.54
506	6840	13.52
507	6849	13.51
508	6868	13.52
509	6880	13.52
510	7338	14.39
511	6844	13.39
512	6842	13.36
513	6871	13.39
514	6882	13.39
515	6910	13.42
516	7639	14.80
517	6931	13.41
518	6934	13.39
519	7329	14.12
520	7002	13.47
521	6960	13.36
522	6985	13.38
523	7000	13.38
524	7004	13.37
525	7013	13.36
526	7037	13.38
527	7030	13.34
528	7065	13.38
529	7073	13.37
530	7085	13.37
531	8553	16.11
532	7113	13.37
533	7130	13.38
534	7617	14.26
535	7706	14.40
536	7169	13.38
537	7188	13.39
538	7187	13.36
539	7204	13.37
540	7196	13.33
541	7234	13.37
542	7345	13.55
543	7279	13.41
544	8095	14.88
545	13797	25.32
546	9987	18.29
547	9120	16.67
548	8603	15.70
549	7420	13.52
550	7439	13.53
551	7450	13.52
552	7453	13.50
553	7463	13.50
554	7486	13.51
555	7502	13.52
556	7599	13.67
557	7519	13.50
558	7524	13.48
559	7556	13.52
560	7547	13.48
561	7569	13.49
562	7602	13.53
563	7582	13.47
564	8035	14.25
565	7581	13.42
566	7571	13.38
567	8165	14.40
568	7665	13.49
569	7691	13.52
570	7710	13.53
571	7721	13.52
572	7735	13.52
573	7739	13.51
574	7760	13.52
575	8233	14.32
576	8088	14.04
577	7724	13.39
578	7737	13.39
579	7752	13.39
580	7733	13.33
581	7772	13.38
582	7794	13.39
583	7795	13.37
584	7816	13.38
585	7823	13.37
586	7819	13.34
587	7852	13.38
588	7866	13.38
589	7876	13.37
590	7996	13.55
591	7902	13.37
592	8598	14.52
593	9231	15.57
594	9374	15.78
595	8038	13.51
596	8051	13.51
597	8101	13.57
598	8083	13.52
599	8094	13.51
600	8746	14.58
601	8035	13.37
602	8040	13.36
603	8059	13.36
604	8073	13.37
605	8085	13.36
606	8102	13.37
607	8116	13.37
608	8162	13.42
609	8258	13.56
610	8149	13.36
611	8171	13.37
612	8179	13.36
613	8191	13.36
614	8296	13.51
615	8224	13.37
616	9747	15.82
617	10671	17.29
618	8254	13.36
619	8274	13.37
620	8259	13.32
621	8301	13.37
622	8310	13.36
623	8322	13.36
624	8331	13.35
625	8272	13.24
626	8339	13.32
627	8374	13.36
628	8392	13.36
629	8398	13.35
630	8423	13.37
631	9518	15.08
632	8443	13.36
633	8456	13.36
634	8475	13.37
635	8487	13.37
636	8645	13.59
637	8603	13.51
638	10273	16.10
639	8626	13.50
640	8614	13.46
641	8646	13.49
642	8685	13.53
643	8669	13.48
644	8692	13.50
645	8704	13.49
646	8724	13.50
647	8768	13.55
648	9135	14.10
649	8763	13.50
650	8779	13.51
651	8796	13.51
652	8797	13.49
653	9569	14.65
654	9852	15.06
655	10104	15.43
656	8765	13.36
657	8768	13.35
658	8801	13.38
659	8791	13.34
660	8783	13.31
661	8828	13.36
662	8841	13.35
663	8856	13.36
664	8867	13.35
665	8889	13.37
666	8892	13.35
667	8903	13.35
668	8933	13.37
669	8936	13.36
670	8954	13.36
671	8969	13.37
672	8978	13.36
673	9000	13.37
674	9626	14.28
675	10246	15.18
676	12312	18.21
677	9040	13.35
678	9051	13.35
679	9070	13.36
680	9045	13.30
681	9667	14.20
682	9206	13.50
683	9226	13.51
684	14839	21.69
685	13042	19.04
686	11965	17.44
687	12403	18.05
688	11267	16.38
689	9202	13.36
690	9210	13.35
691	9236	13.37
692	9234	13.34
693	9268	13.37
694	9262	13.35
695	9295	13.37
696	9298	13.36
697	9322	13.37
698	9470	13.57
699	9343	13.37
700	9479	13.54
701	9462	13.50
702	9774	13.92
703	9487	13.50
704	9487	13.48
705	9525	13.51
706	9525	13.49
707	9542	13.50
708	11007	15.55
709	9574	13.50
710	9573	13.48
711	10724	15.08
712	9679	13.59
713	9620	13.49
714	9639	13.50
715	9647	13.49
716	9671	13.51
717	9926	13.84
718	9865	13.74
719	9612	13.37
720	9579	13.30
721	9639	13.37
722	9653	13.37
723	9651	13.35
724	9683	13.37
725	9684	13.36
726	9710	13.37
727	9706	13.35
728	9899	13.60
729	9754	13.38
730	9760	13.37
731	9760	13.35
732	9785	13.37
733	9794	13.36
734	9805	13.36
735	9824	13.37
736	9839	13.37
737	10607	14.39
738	9866	13.37
739	9871	13.36
740	9856	13.32
741	9900	13.36
742	9909	13.35
743	9909	13.34
744	9949	13.37
745	9968	13.38
746	9971	13.37
747	9969	13.35
748	9987	13.35
749	10008	13.36
750	9997	13.33
751	10031	13.36
752	10045	13.36
753	10063	13.36
754	10079	13.37
755	10084	13.36
756	10099	13.36
757	10113	13.36
758	10132	13.37
759	10142	13.36
760	10107	13.30
761	10174	13.37
762	11399	14.96
763	11581	15.18
764	15652	20.49
765	12283	16.06
766	10236	13.36
767	10257	13.37
768	10258	13.36
769	10274	13.36
770	10287	13.36
771	10293	13.35
772	10329	13.38
773	11150	14.42
774	13736	17.75
775	14166	18.28
776	11355	14.63
777	10665	13.73
778	10402	13.37
779	10406	13.36
780	10390	13.32
781	10428	13.35
782	10450	13.36
783	10463	13.36
784	10475	13.36
785	10493	13.37
786	10499	13.36
787	10612	13.48
788	10533	13.37
789	10541	13.36
790	10559	13.37
791	10561	13.35
792	10595	13.38
793	10594	13.36
794	12080	15.21
795	10620	13.36
796	11868	14.91
797	10630	13.34
798	10649	13.34
799	11078	13.86
800	10900	13.62
801	10695	13.35
802	10737	13.39
803	10747	13.38
804	10764	13.39
805	10767	13.38
806	10781	13.38
807	11030	13.67
808	10787	13.35
809	10813	13.37
810	10813	13.35
811	10824	13.35
812	10960	13.50
813	10860	13.36
814	10873	13.36
815	10885	13.36
816	10899	13.36
817	11338	13.88
818	13177	16.11
819	10937	13.35
820	10935	13.34
821	10957	13.35
822	10978	13.36
823	10989	13.35
824	11003	13.35
825	11024	13.36
826	11031	13.35
827	11046	13.36
828	11072	13.37
829	12165	14.67
830	14052	16.93
831	12050	14.50
832	11125	13.37
833	11247	13.50
834	11133	13.35
835	11350	13.59
836	11164	13.35
837	11189	13.37
838	11191	13.35
839	11209	13.36
840	12292	14.63
841	11228	13.35
842	11255	13.37
843	11256	13.35
844	11286	13.37
845	11503	13.61
846	12754	15.08
847	11328	13.37
848	11333	13.36
849	11359	13.38
850	11370	13.38
851	11369	13.36
852	11404	13.38
853	13720	16.08
854	11405	13.35
855	11423	13.36
856	11437	13.36
857	12500	14.59
858	12293	14.33
859	17990	20.94
860	11456	13.32
861	11489	13.34
862	13196	15.31
863	12317	14.27
864	11525	13.34
865	11557	13.36
866	11568	13.36
867	11640	13.43
868	11595	13.36
869	11606	13.36
870	15187	17.46
871	12647	14.52
872	12128	13.91
873	11774	13.49
874	11786	13.49
875	11809	13.50
876	12444	14.21
877	11836	13.50
878	11849	13.50
879	11857	13.49
880	11851	13.47
881	13144	14.92
882	13155	14.91
883	15027	17.02
884	14415	16.31
885	13697	15.48
886	11836	13.36
887	11853	13.36
888	11844	13.34
889	11882	13.37
890	11880	13.35
891	12023	13.49
892	11911	13.35
893	11916	13.34
894	11942	13.36
895	11949	13.35
896	11984	13.38
897	11966	13.34
898	11992	13.35
899	12007	13.36
900	12651	14.06
901	12159	13.50
902	14376	15.94
903	12041	13.33
904	12072	13.35
905	12074	13.34
906	12105	13.36
907	12099	13.34
908	12421	13.68
909	12254	13.48
910	12285	13.50
911	12293	13.49
912	12304	13.49
913	12321	13.50
914	12314	13.47
915	12222	13.36
916	12221	13.34
917	12241	13.35
918	12261	13.36
919	14011	15.25
920	12253	13.32
921	12288	13.34
922	12311	13.35
923	12314	13.34
924	13993	15.14
925	12359	13.36
926	12361	13.35
927	12372	13.35
928	12386	13.35
929	12477	13.43
930	12418	13.35
931	12437	13.36
932	12432	13.34
933	12463	13.36
934	12469	13.35
935	12461	13.33
936	12496	13.35
937	12513	13.35
938	12513	13.34
939	12527	13.34
940	12527	13.33
941	13437	14.28
942	12694	13.48
943	12722	13.49
944	12741	13.50
945	12737	13.48
946	12765	13.49
947	12785	13.50
948	12789	13.49
949	13709	14.45
950	12952	13.63
951	18064	18.99
952	13833	14.53
953	12717	13.34
954	13122	13.75
955	12749	13.35
956	12759	13.35
957	12775	13.35
958	12763	13.32
959	12797	13.34
960	13122	13.67
961	12824	13.34
962	13264	13.79
963	12975	13.47
964	13005	13.49
965	13013	13.48
966	14486	15.00
967	13036	13.48
968	13359	13.80
969	12943	13.36
970	12952	13.35
971	12968	13.36
972	12970	13.34
973	13710	14.09
974	13127	13.48
975	18854	19.34
976	24799	25.41
977	19948	20.42
978	14890	15.22
979	13500	13.79
980	13070	13.34
981	13104	13.36
982	13117	13.36
983	13122	13.35
984	13150	13.36
985	13144	13.34
986	13171	13.36
987	13168	13.34
988	13196	13.36
989	13204	13.35
990	13214	13.35
991	13803	13.93
992	15218	15.34
993	13253	13.35
994	13276	13.36
995	13586	13.65
996	13467	13.52
997	15625	15.67
998	15135	15.17
999	13323	13.34
1000	13778	13.78
1001	13492	13.48
1002	13507	13.48
1003	13524	13.48
1004	13542	13.49
1005	13831	13.76
1006	13429	13.35
1007	13438	13.34
1008	13460	13.35
1009	13461	13.34
1010	13479	13.35
1011	13493	13.35
1012	13509	13.35
1013	13683	13.51
1014	13540	13.35
1015	13556	13.36
1016	13541	13.33
1017	14595	14.35
1018	14007	13.76
1019	13740	13.48
1020	13726	13.46
1021	13765	13.48
1022	14265	13.96
1023	13808	13.50
1024	13818	13.49
1025	13800	13.46
1026	13828	13.48
1027	13854	13.49
1028	13863	13.49
1029	14860	14.44
1030	13896	13.49
1031	13888	13.47
1032	13779	13.35
1033	14095	13.64
1034	13809	13.35
1035	13821	13.35
1036	13839	13.36
1037	13953	13.46
1038	13866	13.36
1039	13872	13.35
1040	13860	13.33
1041	13902	13.35
1042	13919	13.36
1043	13921	13.35
1044	14093	13.50
1045	13961	13.36
1046	14652	14.01
1047	15288	14.60
1048	16220	15.48
1049	13996	13.34
1050	14017	13.35
1051	14215	13.53
1052	16664	15.84
1053	14071	13.36
1054	14082	13.36
1055	14104	13.37
1056	14109	13.36
1057	14128	13.37
1058	14153	13.38
1059	14149	13.36
1060	14295	13.49
1061	22601	21.30
1062	25674	24.18
1063	17803	16.75
1064	14203	13.35
1065	14223	13.35
1066	14223	13.34
1067	14249	13.35
1068	17386	16.28
1069	14853	13.89
1070	14276	13.34
1071	14318	13.37
1072	14419	13.45
1073	14324	13.35
1074	14344	13.36
1075	14354	13.35
1076	14371	13.36
1077	14380	13.35
1078	14601	13.54
1079	15635	14.49
1080	14546	13.47
1081	14654	13.56
1082	16703	15.44
1083	16688	15.41
1084	14465	13.34
1085	14466	13.33
1086	14792	13.62
1087	14503	13.34
1088	14528	13.35
1089	14529	13.34
1090	14541	13.34
1091	14568	13.35
1092	14555	13.33
1093	14601	13.36
1094	14586	13.33
1095	16066	14.67
1096	14630	13.35
1097	14651	13.36
1098	14821	13.50
1099	16166	14.71
1100	15165	13.79
1101	14848	13.49
1102	15929	14.45
1103	15890	14.41
1104	16069	14.56
1105	14747	13.35
1106	14758	13.34
1107	14778	13.35
1108	14782	13.34
1109	14794	13.34
1110	14795	13.33
1111	15006	13.51
1112	14855	13.36
1113	14850	13.34
1114	14866	13.34
1115	14873	13.34
1116	14900	13.35
1117	14910	13.35
1118	14899	13.33
1119	14940	13.35
1120	14915	13.32
1121	17831	15.91
1122	16010	14.27
1123	15871	14.13
1124	15158	13.49
1125	15156	13.47
1126	15199	13.50
1127	15066	13.37
1128	15062	13.35
1129	15075	13.35
1130	15099	13.36
1131	15081	13.33
1132	15124	13.36
1133	15128	13.35
1134	15141	13.35
1135	15166	13.36
1136	15176	13.36
1137	15158	13.33
1138	15201	13.36
1139	16488	14.48
1140	16498	14.47
1141	22864	20.04
1142	15245	13.35
1143	15255	13.35
1144	15268	13.35
1145	15291	13.35
1146	15301	13.35
1147	15307	13.35
1148	15737	13.71
1149	15487	13.48
1150	15544	13.52
1151	15360	13.34
1152	15391	13.36
1153	15396	13.35
1154	15406	13.35
1155	15409	13.34
1156	15426	13.34
1157	15451	13.35
1158	16460	14.21
1159	15466	13.34
1160	15513	13.37
1161	23428	20.18
1162	19969	17.19
1163	15941	13.71
1164	15545	13.35
1165	15548	13.35
1166	15924	13.66
1167	15577	13.35
1168	15589	13.35
1169	15619	13.36
1170	15620	13.35
1171	15967	13.64
1172	16318	13.92
1173	16117	13.74
1174	15669	13.35
1175	15665	13.33
1176	15870	13.49
1177	16868	14.33
1178	15959	13.55
1179	15731	13.34
1180	17233	14.60
1181	15774	13.36
1182	15776	13.35
1183	15790	13.35
1184	15883	13.41
1185	15856	13.38
1186	15868	13.38
1187	17118	14.42
1188	15919	13.40
1189	15873	13.35
1190	16017	13.46
1191	15896	13.35
1192	15913	13.35
1193	15916	13.34
1194	16658	13.95
1195	15960	13.36
1196	15975	13.36
1197	15968	13.34
1198	16179	13.51
1199	15983	13.33
1200	16250	13.54
1201	16158	13.45
1202	16205	13.48
1203	16200	13.47
1204	16224	13.48
1205	16229	13.47
1206	16588	13.75
1207	17447	14.45
1208	17690	14.64
1209	16139	13.35
1210	16139	13.34
1211	16275	13.44
1212	16594	13.69
1213	16275	13.42
1214	16193	13.34
1215	16599	13.66
1216	18505	15.22
1217	16414	13.49
1218	16412	13.47
1219	16765	13.75
1220	16421	13.46
1221	16649	13.64
1222	18045	14.77
1223	16428	13.43
1224	16322	13.33
1225	16353	13.35
1226	16366	13.35
1227	17827	14.53
1228	16395	13.35
1229	16395	13.34
1230	16414	13.34
1231	17648	14.34
1232	16733	13.58
1233	16623	13.48
1234	16630	13.48
1235	16652	13.48
1236	16649	13.47
1237	16672	13.48
1238	17241	13.93
1239	20563	16.60
1240	17200	13.87
1241	16574	13.36
1242	17754	14.29
1243	16611	13.36
1244	18160	14.60
1245	16668	13.39
1246	16655	13.37
1247	16664	13.36
1248	16667	13.35
1249	16692	13.36
1250	17491	13.99
1251	22964	18.36
1252	19867	15.87
1253	16788	13.40
1254	16731	13.34
1255	16734	13.33
1256	16763	13.35
1257	17066	13.58
1258	17012	13.52
1259	16818	13.36
1260	16789	13.32
1261	16799	13.32
1262	17018	13.48
1263	17106	13.54
1264	16876	13.35
1265	16867	13.33
1266	18077	14.28
1267	16933	13.36
1268	16910	13.34
1269	16939	13.35
1270	16949	13.35
1271	18530	14.58
1272	18318	14.40
1273	17148	13.47
1274	17046	13.38
1275	17011	13.34
1276	17020	13.34
1277	17043	13.35
1278	17033	13.33
1279	17215	13.46
1280	17204	13.44
1281	17068	13.32
1282	17107	13.34
1283	17121	13.34
1284	18178	14.16
1285	17149	13.35
1286	17170	13.35
1287	19282	14.98
1288	18099	14.05
1289	17225	13.36
1290	17210	13.34
1291	17224	13.34
1292	17261	13.36
1293	17260	13.35
1294	17810	13.76
1295	17940	13.85
1296	17332	13.37
1297	17326	13.36
1298	17358	13.37
1299	17357	13.36
1300	17845	13.73
1301	18524	14.24
1302	17553	13.48
1303	17562	13.48
1304	18346	14.07
1305	17399	13.33
1306	17420	13.34
1307	17430	13.34
1308	17777	13.59
1309	17513	13.38
1310	17484	13.35
1311	17501	13.35
1312	17494	13.33
1313	17519	13.34
1314	17526	13.34
1315	17552	13.35
1316	17544	13.33
1317	17577	13.35
1318	17617	13.37
1319	19943	15.12
1320	17597	13.33
1321	17612	13.33
1322	17637	13.34
1323	17652	13.34
1324	17655	13.33
1325	17862	13.48
1326	17695	13.34
1327	17706	13.34
1328	17724	13.35
1329	17830	13.42
1330	17766	13.36
1331	17777	13.36
1332	17947	13.47
1333	20466	15.35
1334	17903	13.42
1335	23496	17.60
1336	22914	17.15
1337	21487	16.07
1338	18186	13.59
1339	17877	13.35
1340	17876	13.34
1341	17888	13.34
1342	17900	13.34
1343	17929	13.35
1344	18107	13.47
1345	17944	13.34
1346	17955	13.34
1347	19428	14.42
1348	17997	13.35
1349	20453	15.16
1350	18016	13.35
1351	18409	13.63
1352	18088	13.38
1353	18083	13.37
1354	18103	13.37
1355	18126	13.38
1356	18131	13.37
1357	18143	13.37
1358	18152	13.37
1359	18363	13.51
1360	18122	13.32
1361	18145	13.33
1362	20847	15.31
1363	18163	13.33
1364	18196	13.34
1365	18209	13.34
1366	20162	14.76
1367	18230	13.34
1368	18618	13.61
1369	23055	16.84
1370	18466	13.48
1371	18488	13.49
1372	18506	13.49
1373	18499	13.47
1374	18523	13.48
1375	19677	14.31
1376	18334	13.32
1377	18366	13.34
1378	18627	13.52
1379	19867	14.41
1380	18384	13.32
1381	18419	13.34
1382	18449	13.35
1383	20903	15.11
1384	18652	13.48
1385	18670	13.48
1386	18677	13.48
1387	18694	13.48
1388	20535	14.79
1389	18717	13.48
1390	19007	13.67
1391	18747	13.48
1392	18782	13.49
1393	18772	13.48
1394	18776	13.47
1395	18801	13.48
1396	18807	13.47
1397	20806	14.89
1398	18734	13.40
1399	18678	13.35
1400	18917	13.51
1401	18882	13.48
1402	18902	13.48
1403	18895	13.47
1404	18915	13.47
1405	18923	13.47
1406	18951	13.48
1407	18953	13.47
1408	18778	13.34
1409	19109	13.56
1410	18813	13.34
1411	18826	13.34
1412	18857	13.35
1413	18853	13.34
1414	18883	13.35
1415	18867	13.33
1416	19322	13.65
1417	19016	13.42
1418	19269	13.59
1419	20497	14.44
1420	20451	14.40
1421	19160	13.48
1422	19183	13.49
1423	19188	13.48
1424	19230	13.50
1425	19009	13.34
1426	19014	13.33
1427	19035	13.34
1428	19077	13.36
1429	20520	14.36
1430	19083	13.34
1431	19097	13.35
1432	19226	13.43
1433	21829	15.23
1434	25556	17.82
1435	19754	13.77
1436	19171	13.35
1437	19184	13.35
1438	19161	13.32
1439	19215	13.35
1440	22976	15.96
1441	19256	13.36
1442	19388	13.45
1443	19266	13.35
1444	19266	13.34
1445	19279	13.34
1446	21608	14.94
1447	21786	15.06
1448	27691	19.12
1449	19776	13.65
1450	19373	13.36
1451	19394	13.37
1452	19377	13.35
1453	19395	13.35
1454	21322	14.66
1455	20555	14.13
1456	19428	13.34
1457	19515	13.39
1458	20916	14.35
1459	19467	13.34
1460	19444	13.32
1461	20211	13.83
1462	19707	13.48
1463	19713	13.47
1464	21391	14.61
1465	19532	13.33
1466	19546	13.33
1467	19577	13.34
1468	19584	13.34
1469	19593	13.34
1470	19610	13.34
1471	19636	13.35
1472	21645	14.70
1473	22611	15.35
1474	19874	13.48
1475	19902	13.49
1476	19921	13.50
1477	25073	16.98
1478	20869	14.12
1479	19947	13.49
1480	19921	13.46
1481	19988	13.50
1482	19982	13.48
1483	19821	13.37
1484	20590	13.87
1485	20014	13.48
1486	21095	14.20
1487	19832	13.34
1488	19859	13.35
1489	19847	13.33
1490	19966	13.40
1491	21154	14.19
1492	19912	13.35
1493	19926	13.35
1494	19935	13.34
1495	19963	13.35
1496	19955	13.34
1497	20001	13.36
1498	19980	13.34
1499	24269	16.19
1500	22964	15.31
1501	20020	13.34
1502	20518	13.66
1503	20063	13.35
1504	20077	13.35
1505	20095	13.35
1506	20503	13.61
1507	20979	13.92
1508	20333	13.48
1509	20548	13.62
1510	20162	13.35
1511	20146	13.33
1512	21649	14.32
1513	20285	13.41
1514	20191	13.34
1515	20231	13.35
1516	20767	13.70
1517	21359	14.08
1518	20243	13.34
1519	20271	13.34
1520	20236	13.31
1521	20285	13.34
1522	20315	13.35
1523	20296	13.33
1524	20384	13.38
1525	20856	13.68
1526	23144	15.17
1527	20374	13.34
1528	20364	13.33
1529	20744	13.57
1530	21268	13.90
1531	25073	16.38
1532	20443	13.34
1533	20479	13.36
1534	20448	13.33
1535	21313	13.88
1536	24964	16.25
1537	23791	15.48
1538	20524	13.34
1539	20546	13.35
1540	20508	13.32
1541	20551	13.34
1542	21011	13.63
1543	20784	13.47
1544	20998	13.60
1545	20624	13.35
1546	20624	13.34
1547	20627	13.33
1548	20675	13.36
1549	21168	13.67
1550	20897	13.48
1551	20885	13.47
1552	22553	14.53
1553	23571	15.18
1554	20733	13.34
1555	20733	13.33
1556	21007	13.50
1557	20839	13.38
1558	20796	13.35
1559	20803	13.34
1560	21109	13.53
1561	20836	13.35
1562	20842	13.34
1563	21537	13.78
1564	20914	13.37
1565	21068	13.46
1566	24031	15.35
1567	20912	13.35
1568	20919	13.34
1569	20921	13.33
1570	21644	13.79
1571	20974	13.35
1572	20985	13.35
1573	21007	13.35
1574	21009	13.35
1575	21020	13.35
1576	21429	13.60
1577	21897	13.89
1578	21272	13.48
1579	21286	13.48
1580	21248	13.45
1581	21297	13.47
1582	21325	13.48
1583	21339	13.48
1584	21355	13.48
1585	21321	13.45
1586	21148	13.33
1587	21157	13.33
1588	21174	13.33
1589	21191	13.34
1590	21221	13.35
1591	21232	13.35
1592	21251	13.35
1593	21785	13.68
1594	21277	13.35
1595	21283	13.34
1596	22121	13.86
1597	21475	13.45
1598	21303	13.33
1599	21312	13.33
1600	22000	13.75
1601	21554	13.46
1602	21831	13.63
1603	22199	13.85
1604	23210	14.47
1605	21395	13.33
1606	30144	18.77
1607	22525	14.02
1608	21705	13.50
1609	21802	13.55
1610	22215	13.80
1611	21543	13.37
1612	21552	13.37
1613	21683	13.44
1614	21647	13.41
1615	21651	13.41
1616	21672	13.41
1617	22642	14.00
1618	22738	14.05
1619	23816	14.71
1620	21670	13.38
1621	21701	13.39
1622	21828	13.46
1623	22107	13.62
1624	21709	13.37
1625	21772	13.40
1626	27447	16.88
1627	32577	20.02
1628	22901	14.07
1629	21982	13.49
1630	22587	13.86
1631	22026	13.50
1632	22996	14.09
1633	28058	17.18
1634	30530	18.68
1635	29182	17.85
1636	23113	14.13
1637	22112	13.51
1638	22296	13.61
1639	22749	13.88
1640	21847	13.32
1641	22199	13.53
1642	21913	13.35
1643	21934	13.35
1644	22691	13.80
1645	23340	14.19
1646	22009	13.37
1647	23603	14.33
1648	22033	13.37
1649	22050	13.37
1650	22049	13.36
1651	23957	14.51
1652	22631	13.70
1653	24759	14.98
1654	22084	13.35
1655	22064	13.33
1656	22092	13.34
1657	22549	13.61
1658	22104	13.33
1659	22139	13.34
1660	23948	14.43
1661	24060	14.49
1662	22187	13.35
1663	25704	15.46
1664	22198	13.34
1665	22218	13.34
1666	22246	13.35
1667	22242	13.34
1668	22259	13.34
1669	23731	14.22
1670	22294	13.35
1671	24107	14.43
1672	22553	13.49
1673	23662	14.14
1674	22565	13.48
1675	22578	13.48
1676	22786	13.60
1677	22612	13.48
1678	22612	13.48
1679	23346	13.90
1680	34569	20.58
1681	38689	23.02
1682	32319	19.21
1683	33202	19.73
1684	40652	24.14
1685	33657	19.97
1686	33045	19.60
1687	32510	19.27
1688	31074	18.41
1689	26183	15.50
1690	26167	15.48
1691	26973	15.95
1692	30250	17.88
1693	28013	16.55
1694	23409	13.82
1695	22998	13.57
1696	22669	13.37
1697	22610	13.32
1698	22646	13.34
1699	24886	14.65
1700	23228	13.66
1701	24142	14.19
1702	22705	13.34
1703	22712	13.34
1704	22755	13.35
1705	22733	13.33
1706	23567	13.81
1707	26626	15.60
1708	23224	13.60
1709	22800	13.34
1710	22827	13.35
1711	22829	13.34
1712	22839	13.34
1713	23063	13.46
1714	22851	13.33
1715	24845	14.49
1716	23854	13.90
1717	24225	14.11
1718	23625	13.75
1719	28482	16.57
1720	25657	14.92
1721	23181	13.47
1722	23224	13.49
1723	23725	13.77
1724	22987	13.33
1725	24273	14.07
1726	26680	15.46
1727	23289	13.49
1728	23321	13.50
1729	23306	13.48
1730	23391	13.52
1731	23908	13.81
1732	26192	15.12
1733	30984	17.88
1734	23368	13.48
1735	23385	13.48
1736	23392	13.47
1737	23423	13.48
1738	24566	14.13
1739	23215	13.35
1740	23521	13.52
1741	23217	13.34
1742	23231	13.34
1743	23591	13.53
1744	23263	13.34
1745	23655	13.56
1746	23316	13.35
1747	23318	13.35
1748	23326	13.34
1749	23314	13.33
1750	23320	13.33
1751	24122	13.78
1752	23626	13.49
1753	23603	13.46
1754	23638	13.48
1755	23648	13.47
1756	23650	13.47
1757	23931	13.62
1758	23665	13.46
1759	23703	13.48
1760	23445	13.32
1761	23487	13.34
1762	25391	14.41
1763	23499	13.33
1764	23521	13.33
1765	23542	13.34
1766	23543	13.33
1767	27937	15.81
1768	31099	17.59
1769	32063	18.12
1770	25145	14.21
1771	23892	13.49
1772	23953	13.52
1773	23958	13.51
1774	24270	13.68
1775	23663	13.33
1776	23838	13.42
1777	23702	13.34
1778	25334	14.25
1779	23729	13.34
1780	26379	14.82
1781	23871	13.40
1782	25230	14.16
1783	27017	15.15
1784	25820	14.47
1785	23818	13.34
1786	23828	13.34
1787	23836	13.34
1788	23863	13.35
1789	25008	13.98
1790	24464	13.67
1791	23912	13.35
1792	23905	13.34
1793	25012	13.95
1794	27635	15.40
1795	24186	13.47
1796	24195	13.47
1797	24471	13.62
1798	28431	15.81
1799	24012	13.35
1800	24307	13.50
1801	25448	14.13
1802	24036	13.34
1803	24061	13.34
1804	30681	17.01
1805	25578	14.17
1806	25256	13.98
1807	24368	13.49
1808	24369	13.48
1809	24405	13.49
1810	24407	13.48
1811	24412	13.48
1812	24426	13.48
1813	25236	13.92
1814	25662	14.15
1815	24226	13.35
1816	24676	13.59
1817	25365	13.96
1818	24515	13.48
1819	24286	13.35
1820	24332	13.37
1821	24289	13.34
1822	24306	13.34
1823	24327	13.34
1824	24352	13.35
1825	25845	14.16
1826	29664	16.25
1827	24372	13.34
1828	24401	13.35
1829	26367	14.42
1830	32509	17.76
1831	24981	13.64
1832	24708	13.49
1833	24813	13.54
1834	24777	13.51
1835	25633	13.97
1836	25572	13.93
1837	24531	13.35
1838	24521	13.34
1839	24530	13.34
1840	24607	13.37
1841	25053	13.61
1842	24577	13.34
1843	24659	13.38
1844	24607	13.34
1845	24607	13.34
1846	24630	13.34
1847	26178	14.17
1848	26801	14.50
1849	24658	13.34
1850	24663	13.33
1851	24861	13.43
1852	24855	13.42
1853	24711	13.34
1854	25272	13.63
1855	28684	15.46
1856	24809	13.37
1857	24823	13.37
1858	24845	13.37
1859	24842	13.36
1860	24837	13.35
1861	25626	13.77
1862	26508	14.24
1863	24846	13.34
1864	25142	13.49
1865	24977	13.39
1866	24940	13.37
1867	25100	13.44
1868	24938	13.35
1869	25586	13.69
1870	27559	14.74
1871	25254	13.50
1872	24956	13.33
1873	24983	13.34
1874	24976	13.33
1875	25422	13.56
1876	25219	13.44
1877	25664	13.67
1878	27879	14.85
1879	25330	13.48
1880	27088	14.41
1881	25270	13.43
1882	25093	13.33
1883	25720	13.66
1884	25364	13.46
1885	25142	13.34
1886	25164	13.34
1887	25174	13.34
1888	25778	13.65
1889	25453	13.47
1890	27921	14.77
1891	26690	14.11
1892	26492	14.00
1893	25258	13.34
1894	25270	13.34
1895	25294	13.35
1896	25281	13.33
1897	25327	13.35
1898	25451	13.41
1899	25641	13.50
1900	26215	13.80
1901	28652	15.07
1902	25369	13.34
1903	25847	13.58
1904	25405	13.34
1905	25429	13.35
1906	25497	13.38
1907	25725	13.49
1908	25445	13.34
1909	25474	13.34
1910	25479	13.34
1911	29697	15.54
1912	27506	14.39
1913	25506	13.33
1914	25528	13.34
1915	25670	13.40
1916	25802	13.47
1917	26462	13.80
1918	26110	13.61
1919	25608	13.34
1920	25567	13.32
1921	25726	13.39
1922	25646	13.34
1923	27690	14.40
1924	29745	15.46
1925	28696	14.91
1926	25971	13.48
1927	25985	13.48
1928	25988	13.48
1929	32087	16.63
1930	25753	13.34
1931	27761	14.38
1932	25905	13.41
1933	25784	13.34
1934	26283	13.59
1935	34366	17.76
1936	34624	17.88
1937	27645	14.27
1938	26157	13.50
1939	25884	13.35
1940	26265	13.54
1941	25961	13.38
1942	25935	13.35
1943	26247	13.51
1944	27408	14.10
1945	28292	14.55
1946	26218	13.47
1947	26228	13.47
1948	26261	13.48
1949	26843	13.77
1950	26149	13.41
1951	26018	13.34
1952	27012	13.84
1953	27331	13.99
1954	26122	13.37
1955	26080	13.34
1956	26108	13.35
1957	28576	14.60
1958	27942	14.27
1959	26263	13.41
1960	26102	13.32
1961	26144	13.33
1962	26163	13.33
1963	26209	13.35
1964	26188	13.33
1965	27655	14.07
1966	26222	13.34
1967	26898	13.67
1968	26554	13.49
1969	26536	13.48
1970	26543	13.47
1971	26979	13.69
1972	26558	13.47
1973	28871	14.63
1974	26531	13.44
1975	26418	13.38
1976	26438	13.38
1977	26430	13.37
1978	26379	13.34
1979	26950	13.62
1980	26371	13.32
1981	26409	13.33
1982	26418	13.33
1983	26444	13.34
1984	26456	13.33
1985	27217	13.71
1986	26590	13.39
1987	26487	13.33
1988	26522	13.34
1989	26528	13.34
1990	26544	13.34
1991	26535	13.33
1992	30397	15.26
1993	26599	13.35
1994	26594	13.34
1995	26604	13.34
1996	26606	13.33
1997	26607	13.32
1998	26860	13.44
1999	26639	13.33
2000	27141	13.57
2001	27199	13.59
2002	27990	13.98
2003	29173	14.56
2004	27907	13.93
2005	26899	13.42
2006	26767	13.34
2007	27416	13.66
2008	26918	13.41
2009	26804	13.34
2010	26815	13.34
2011	26854	13.35
2012	29815	14.82
2013	35296	17.53
2014	27571	13.69
2015	27174	13.49
2016	27158	13.47
2017	27195	13.48
2018	27118	13.44
2019	26932	13.34
2020	26922	13.33
2021	26946	13.33
2022	26952	13.33
2023	32078	15.86
2024	29293	14.47
2025	27010	13.34
2026	27607	13.63
2027	27326	13.48
2028	28632	14.12
2029	27779	13.69
2030	27163	13.38
2031	29165	14.36
2032	27713	13.64
2033	27144	13.35
2034	27211	13.38
2035	36499	17.94
2036	27950	13.73
2037	27172	13.34
2038	27180	13.34
2039	27195	13.34
2040	28322	13.88
2041	27245	13.35
2042	27246	13.34
2043	27252	13.34
2044	30454	14.90
2045	27570	13.48
2046	27579	13.48
2047	27567	13.47
2048	27596	13.47
2049	27604	13.47
2050	30268	14.76
2051	27357	13.34
2052	27453	13.38
2053	27406	13.35
2054	27384	13.33
2055	27397	13.33
2056	27411	13.33
2057	27436	13.34
2058	27620	13.42
2059	27581	13.40
2060	27448	13.32
2061	27518	13.35
2062	27493	13.33
2063	27759	13.46
2064	27531	13.34
2065	27890	13.51
2066	27558	13.34
2067	27566	13.34
2068	27762	13.42
2069	28200	13.63
2070	28995	14.01
2071	27641	13.35
2072	27661	13.35
2073	27665	13.35
2074	27662	13.34
2075	27684	13.34
2076	28111	13.54
2077	27985	13.47
2078	31224	15.03
2079	31469	15.14
2080	28003	13.46
2081	28019	13.46
2082	28806	13.84
2083	27962	13.42
2084	27794	13.34
2085	29280	14.04
2086	27832	13.34
2087	28939	13.87
2088	27851	13.34
2089	32302	15.46
2090	28163	13.48
2091	28367	13.57
2092	27931	13.35
2093	27910	13.33
2094	27954	13.35
2095	27956	13.34
2096	28124	13.42
2097	29099	13.88
2098	28103	13.40
2099	31364	14.94
2100	29905	14.24
2101	28577	13.60
2102	28354	13.49
2103	28678	13.64
2104	30161	14.34
2105	28699	13.63
2106	29669	14.09
2107	28603	13.58
2108	28854	13.69
2109	28418	13.47
2110	28248	13.39
2111	28269	13.39
2112	28199	13.35
2113	28212	13.35
2114	28220	13.35
2115	28217	13.34
2116	28250	13.35
2117	28263	13.35
2118	30837	14.56
2119	28297	13.35
2120	28342	13.37
2121	28363	13.37
2122	31489	14.84
2123	30437	14.34
2124	28420	13.38
2125	28312	13.32
2126	29609	13.93
2127	29528	13.88
2128	28753	13.51
2129	28389	13.33
2130	30682	14.40
2131	36436	17.10
2132	28413	13.33
2133	28465	13.35
2134	28463	13.34
2135	28600	13.40
2136	28566	13.37
2137	28515	13.34
2138	29965	14.02
2139	29662	13.87
2140	28531	13.33
2141	28535	13.33
2142	29201	13.63
2143	28601	13.35
2144	28586	13.33
2145	28728	13.39
2146	32586	15.18
2147	28627	13.33
2148	28637	13.33
2149	28973	13.48
2150	28992	13.48
2151	30179	14.03
2152	28764	13.37
2153	28756	13.36
2154	29043	13.48
2155	28795	13.36
2156	28805	13.36
2157	30530	14.15
2158	29135	13.50
2159	28922	13.40
2160	29419	13.62
2161	28872	13.36
2162	28891	13.36
2163	31200	14.42
2164	30464	14.08
2165	29505	13.63
2166	29322	13.54
2167	28949	13.36
2168	28884	13.32
2169	28893	13.32
2170	30178	13.91
2171	30989	14.27
2172	28993	13.35
2173	28983	13.34
2174	29290	13.47
2175	29326	13.48
2176	29271	13.45
2177	30622	14.07
2178	29053	13.34
2179	29107	13.36
2180	29253	13.42
2181	29120	13.35
2182	29093	13.33
2183	31832	14.58
2184	29440	13.48
2185	29445	13.48
2186	29396	13.45
2187	29160	13.33
2188	29609	13.53
2189	29270	13.37
2190	30106	13.75
2191	29222	13.34
2192	30283	13.82
2193	30595	13.95
2194	29261	13.34
2195	29366	13.38
2196	29293	13.34
2197	29304	13.34
2198	29344	13.35
2199	30791	14.00
2200	33435	15.20
2201	31296	14.22
2202	30524	13.86
2203	29696	13.48
2204	29741	13.49
2205	29726	13.48
2206	30025	13.61
2207	31777	14.40
2208	30037	13.60
2209	29800	13.49
2210	31888	14.43
2211	31002	14.02
2212	30142	13.63
2213	29702	13.42
2214	29625	13.38
2215	30099	13.59
2216	29567	13.34
2217	30371	13.70
2218	32243	14.54
2219	29586	13.33
2220	32721	14.74
2221	30798	13.87
2222	29957	13.48
2223	30424	13.69
2224	29691	13.35
2225	29654	13.33
2226	29840	13.41
2227	29707	13.34
2228	30093	13.51
2229	29751	13.35
2230	30665	13.75
2231	39756	17.82
2232	32329	14.48
2233	29778	13.34
2234	29809	13.34
2235	30192	13.51
2236	29853	13.35
2237	29860	13.35
2238	29841	13.33
2239	29882	13.35
2240	30694	13.70
2241	30472	13.60
2242	30554	13.63
2243	30250	13.49
2244	30263	13.49
2245	30252	13.48
2246	30288	13.49
2247	30607	13.62
2248	29997	13.34
2249	30046	13.36
2250	30072	13.37
2251	30096	13.37
2252	30120	13.37
2253	30240	13.42
2254	34048	15.11
2255	30262	13.42
2256	31824	14.11
2257	32003	14.18
2258	30151	13.35
2259	30514	13.51
2260	34883	15.43
2261	30173	13.34
2262	30269	13.38
2263	30197	13.34
2264	31885	14.08
2265	30245	13.35
2266	31660	13.97
2267	30221	13.33
2268	30249	13.34
2269	30359	13.38
2270	32272	14.22
2271	32690	14.39
2272	30875	13.59
2273	30304	13.33
2274	30319	13.33
2275	30326	13.33
2276	30360	13.34
2277	31939	14.03
2278	30389	13.34
2279	31375	13.77
2280	33992	14.91
2281	30449	13.35
2282	30526	13.38
2283	30458	13.34
2284	30486	13.35
2285	30479	13.34
2286	30898	13.52
2287	30512	13.34
2288	33951	14.84
2289	30533	13.34
2290	30876	13.48
2291	30562	13.34
2292	30554	13.33
2293	34184	14.91
2294	31092	13.55
2295	30622	13.34
2296	32215	14.03
2297	30669	13.35
2298	32388	14.09
2299	32126	13.97
2300	31577	13.73
2301	31148	13.54
2302	31007	13.47
2303	31032	13.47
2304	32852	14.26
2305	31364	13.61
2306	31341	13.59
2307	32483	14.08
2308	30737	13.32
2309	30787	13.33
2310	30784	13.33
2311	30822	13.34
2312	30847	13.34
2313	30855	13.34
2314	34469	14.90
2315	30907	13.35
2316	31270	13.50
2317	30907	13.34
2318	30898	13.33
2319	32372	13.96
2320	36493	15.73
2321	31099	13.40
2322	33404	14.39
2323	30974	13.33
2324	31269	13.45
2325	31117	13.38
2326	31018	13.34
2327	36837	15.83
2328	36292	15.59
2329	31094	13.35
2330	31099	13.35
2331	31074	13.33
2332	31101	13.34
2333	32428	13.90
2334	31137	13.34
2335	31269	13.39
2336	31178	13.35
2337	31165	13.34
2338	33058	14.14
2339	36789	15.73
2340	31282	13.37
2341	31251	13.35
2342	31227	13.33
2343	31241	13.33
2344	32070	13.68
2345	32367	13.80
2346	33755	14.39
2347	31323	13.35
2348	31339	13.35
2349	31347	13.34
2350	32123	13.67
2351	32235	13.71
2352	33174	14.10
2353	31747	13.49
2354	32166	13.66
2355	31400	13.33
2356	32197	13.67
2357	34585	14.67
2358	31446	13.34
2359	31465	13.34
2360	32968	13.97
2361	31521	13.35
2362	31611	13.38
2363	31515	13.34
2364	34206	14.47
2365	33665	14.23
2366	31678	13.39
2367	31586	13.34
2368	31571	13.33
2369	31681	13.37
2370	31606	13.34
2371	31622	13.34
2372	32293	13.61
2373	32314	13.62
2374	32016	13.49
2375	32271	13.59
2376	32007	13.47
2377	33443	14.07
2378	31806	13.38
2379	31747	13.34
2380	31708	13.32
2381	31762	13.34
2382	32650	13.71
2383	31937	13.40
2384	31796	13.34
2385	31822	13.34
2386	31837	13.34
2387	31862	13.35
2388	31855	13.34
2389	31863	13.34
2390	34984	14.64
2391	31886	13.34
2392	35146	14.69
2393	32681	13.66
2394	33740	14.09
2395	31949	13.34
2396	31958	13.34
2397	31984	13.34
2398	31977	13.33
2399	31991	13.34
2400	33025	13.76
2401	32072	13.36
2402	32025	13.33
2403	32512	13.53
2404	32076	13.34
2405	32074	13.34
2406	36680	15.25
2407	32104	13.34
2408	32098	13.33
2409	32375	13.44
2410	32477	13.48
2411	42181	17.50
2412	32194	13.35
2413	32185	13.34
2414	32255	13.36
2415	32214	13.34
2416	32532	13.47
2417	32256	13.35
2418	32258	13.34
2419	40961	16.93
2420	32247	13.33
2421	32279	13.33
2422	32664	13.49
2423	32451	13.39
2424	32423	13.38
2425	32339	13.34
2426	32355	13.34
2427	32660	13.46
2428	32411	13.35
2429	42195	17.37
2430	36010	14.82
2431	33883	13.94
2432	32518	13.37
2433	32513	13.36
2434	33442	13.74
2435	33479	13.75
2436	33404	13.71
2437	32822	13.47
2438	37650	15.44
2439	32755	13.43
2440	32514	13.33
2441	32530	13.33
2442	32539	13.32
2443	32555	13.33
2444	32762	13.41
2445	32720	13.38
2446	35177	14.38
2447	38991	15.93
2448	32730	13.37
2449	32722	13.36
2450	33028	13.48
2451	33729	13.76
2452	32700	13.34
2453	32707	13.33
2454	37443	15.26
2455	33228	13.53
2456	32748	13.33
2457	32769	13.34
2458	32761	13.33
2459	33665	13.69
2460	32888	13.37
2461	33154	13.47
2462	32827	13.33
2463	33282	13.51
2464	41329	16.77
2465	36120	14.65
2466	32889	13.34
2467	32893	13.33
2468	32867	13.32
2469	32950	13.35
2470	35423	14.34
2471	32937	13.33
2472	33567	13.58
2473	34628	14.00
2474	33027	13.35
2475	33000	13.33
2476	33177	13.40
2477	33555	13.55
2478	33065	13.34
2479	34516	13.92
2480	33739	13.60
2481	35470	14.30
2482	35162	14.17
2483	33118	13.34
2484	33198	13.36
2485	33121	13.33
2486	35559	14.30
2487	33310	13.39
2488	33272	13.37
2489	33298	13.38
2490	33198	13.33
2491	35685	14.33
2492	33651	13.50
2493	33568	13.46
2494	33595	13.47
2495	33574	13.46
2496	34895	13.98
2497	33345	13.35
2498	33290	13.33
2499	33840	13.54
2500	34469	13.79
2501	33364	13.34
2502	34716	13.88
2503	35104	14.02
2504	33359	13.32
2505	33371	13.32
2506	34331	13.70
2507	33787	13.48
2508	36511	14.56
2509	33812	13.48
2510	33841	13.48
2511	33825	13.47
2512	34089	13.57
2513	33548	13.35
2514	33535	13.34
2515	33503	13.32
2516	34293	13.63
2517	33924	13.48
2518	34618	13.75
2519	40470	16.07
2520	33980	13.48
2521	35186	13.96
2522	36630	14.52
2523	33632	13.33
2524	33674	13.34
2525	33720	13.35
2526	47002	18.61
2527	35438	14.02
2528	33828	13.38
2529	33807	13.37
2530	33823	13.37
2531	33882	13.39
2532	35455	14.00
2533	34597	13.66
2534	34145	13.47
2535	34114	13.46
2536	34110	13.45
2537	33855	13.34
2538	33832	13.33
2539	33858	13.34
2540	34210	13.47
2541	33903	13.34
2542	35486	13.96
2543	34284	13.48
2544	34375	13.51
2545	34285	13.47
2546	34447	13.53
2547	34200	13.43
2548	33998	13.34
2549	36137	14.18
2550	34028	13.34
2551	35310	13.84
2552	35041	13.73
2553	34755	13.61
2554	34439	13.48
2555	35506	13.90
2556	34102	13.34
2557	35557	13.91
2558	34113	13.34
2559	36267	14.17
2560	34112	13.32
2561	34166	13.34
2562	34156	13.33
2563	34709	13.54
2564	37408	14.59
2565	34567	13.48
2566	34601	13.48
2567	34231	13.34
2568	39436	15.36
2569	39937	15.55
2570	38874	15.13
2571	34696	13.50
2572	34637	13.47
2573	36411	14.15
2574	34330	13.34
2575	34658	13.46
2576	34710	13.47
2577	34732	13.48
2578	34729	13.47
2579	37973	14.72
2580	40789	15.81
2581	34494	13.36
2582	34446	13.34
2583	34458	13.34
2584	35018	13.55
2585	35069	13.57
2586	35443	13.71
2587	34858	13.47
2588	34879	13.48
2589	34876	13.47
2590	34880	13.47
2591	34750	13.41
2592	34857	13.45
2593	35236	13.59
2594	36241	13.97
2595	34981	13.48
2596	37583	14.48
2597	34636	13.34
2598	34650	13.34
2599	34651	13.33
2600	35516	13.66
2601	36383	13.99
2602	34937	13.43
2603	34732	13.34
2604	35289	13.55
2605	35126	13.48
2606	35578	13.65
2607	34780	13.34
2608	34793	13.34
2609	37127	14.23
2610	36023	13.80
2611	35060	13.43
2612	34840	13.34
2613	34864	13.34
2614	36029	13.78
2615	35071	13.41
2616	34896	13.34
2617	34901	13.34
2618	44673	17.06
2619	35329	13.49
2620	35476	13.54
2621	35346	13.49
2622	35354	13.48
2623	35096	13.38
2624	38365	14.62
2625	36713	13.99
2626	35392	13.48
2627	44508	16.94
2628	42771	16.28
2629	35081	13.34
2630	35119	13.35
2631	35213	13.38
2632	36487	13.86
2633	36663	13.92
2634	36203	13.74
2635	35150	13.34
2636	35174	13.34
2637	35267	13.37
2638	35187	13.34
2639	36444	13.81
2640	35537	13.46
2641	35598	13.48
2642	35611	13.48
2643	36431	13.78
2644	35270	13.34
2645	35311	13.35
2646	37828	14.30
2647	36301	13.71
2648	35431	13.38
2649	35340	13.34
2650	36805	13.89
2651	35551	13.41
2652	35447	13.37
2653	35378	13.34
2654	39183	14.76
2655	35433	13.35
2656	35437	13.34
2657	35522	13.37
2658	35460	13.34
2659	35441	13.33
2660	38425	14.45
2661	37215	13.99
2662	35881	13.48
2663	37343	14.02
2664	35534	13.34
2665	35566	13.35
2666	35694	13.39
2667	36536	13.70
2668	35898	13.46
2669	35875	13.44
2670	37970	14.22
2671	35641	13.34
2672	36615	13.70
2673	36169	13.53
2674	36045	13.48
2675	36042	13.47
2676	36563	13.66
2677	37797	14.12
2678	36942	13.79
2679	35778	13.35
2680	35736	13.33
2681	35772	13.34
2682	35773	13.34
2683	38313	14.28
2684	39391	14.68
2685	37146	13.83
2686	35833	13.34
2687	35823	13.33
2688	35860	13.34
2689	35864	13.34
2690	35884	13.34
2691	35889	13.34
2692	35883	13.33
2693	37298	13.85
2694	37199	13.81
2695	36224	13.44
2696	36011	13.36
2697	36086	13.38
2698	36434	13.50
2699	38027	14.09
2700	38230	14.16
2701	36070	13.35
2702	36048	13.34
2703	36657	13.56
2704	36063	13.34
2705	36536	13.51
2706	36088	13.34
2707	38917	14.38
2708	36138	13.34
2709	36414	13.44
2710	36161	13.34
2711	36153	13.34
2712	36170	13.34
2713	36319	13.39
2714	39144	14.42
2715	37033	13.64
2716	41102	15.13
2717	36560	13.46
2718	47168	17.35
2719	36632	13.47
2720	36603	13.46
2721	36660	13.47
2722	38465	14.13
2723	36695	13.48
2724	36364	13.35
2725	36851	13.52
2726	36684	13.46
2727	36741	13.47
2728	38017	13.94
2729	37514	13.75
2730	36805	13.48
2731	36805	13.48
2732	37478	13.72
2733	37538	13.74
2734	39544	14.46
2735	36469	13.33
2736	39088	14.29
2737	36522	13.34
2738	36665	13.39
2739	36986	13.50
2740	36877	13.46
2741	37753	13.77
2742	40411	14.74
2743	36614	13.35
2744	36704	13.38
2745	36614	13.34
2746	36645	13.34
2747	36627	13.33
2748	37345	13.59
2749	36997	13.46
2750	37314	13.57
2751	36778	13.37
2752	36821	13.38
2753	37603	13.66
2754	36767	13.35
2755	36740	13.34
2756	36778	13.34
2757	42444	15.39
2758	36776	13.33
2759	36801	13.34
2760	36735	13.31
2761	37081	13.43
2762	38617	13.98
2763	36864	13.34
2764	36863	13.34
2765	37846	13.69
2766	42044	15.20
2767	37706	13.63
2768	38322	13.84
2769	37006	13.36
2770	37569	13.56
2771	38603	13.93
2772	38132	13.76
2773	38866	14.02
2774	37034	13.35
2775	37023	13.34
2776	37214	13.41
2777	37064	13.35
2778	37055	13.34
2779	37056	13.33
2780	38051	13.69
2781	37833	13.60
2782	37878	13.62
2783	37962	13.64
2784	37524	13.48
2785	37810	13.58
2786	39669	14.24
2787	37195	13.35
2788	37189	13.34
2789	39301	14.09
2790	40835	14.64
2791	37239	13.34
2792	37220	13.33
2793	37898	13.57
2794	37591	13.45
2795	37389	13.38
2796	38297	13.70
2797	37669	13.47
2798	37673	13.46
2799	39149	13.99
2800	38175	13.63
2801	37944	13.55
2802	37410	13.35
2803	37476	13.37
2804	37426	13.35
2805	37437	13.35
2806	38160	13.60
2807	37464	13.35
2808	39462	14.05
2809	37499	13.35
2810	37503	13.35
2811	37609	13.38
2812	37530	13.35
2813	37635	13.38
2814	39830	14.15
2815	37889	13.46
2816	41997	14.91
2817	37579	13.34
2818	38030	13.50
2819	37603	13.34
2820	38715	13.73
2821	46466	16.47
2822	39201	13.89
2823	37630	13.33
2824	43383	15.36
2825	37943	13.43
2826	37813	13.38
2827	40114	14.19
2828	38524	13.62
2829	37793	13.36
2830	37874	13.38
2831	37751	13.33
2832	37809	13.35
2833	37786	13.34
2834	39239	13.85
2835	38605	13.62
2836	38584	13.61
2837	37820	13.33
2838	38747	13.65
2839	39471	13.90
2840	39344	13.85
2841	39266	13.82
2842	38786	13.65
2843	37883	13.33
2844	48224	16.96
2845	38432	13.51
2846	38735	13.61
2847	37966	13.34
2848	37943	13.32
2849	37995	13.34
2850	39041	13.70
2851	38875	13.64
2852	38449	13.48
2853	38466	13.48
2854	38443	13.47
2855	40243	14.10
2856	39972	14.00
2857	38139	13.35
2858	38119	13.34
2859	38262	13.38
2860	38086	13.32
2861	38119	13.32
2862	38132	13.32
2863	38471	13.44
2864	38580	13.47
2865	38201	13.33
2866	38279	13.36
2867	38250	13.34
2868	39416	13.74
2869	38658	13.47
2870	43530	15.17
2871	38689	13.48
2872	39062	13.60
2873	38467	13.39
2874	38327	13.34
2875	42359	14.73
2876	38352	13.34
2877	38401	13.35
2878	38586	13.41
2879	38390	13.33
2880	38360	13.32
2881	40901	14.20
2882	38474	13.35
2883	41281	14.32
2884	38460	13.34
2885	38524	13.35
2886	38494	13.34
2887	38535	13.35
2888	38509	13.33
2889	40234	13.93
2890	40690	14.08
2891	38970	13.48
2892	38789	13.41
2893	38665	13.37
2894	38679	13.37
2895	38979	13.46
2896	39057	13.49
2897	39041	13.48
2898	38674	13.35
2899	39075	13.48
2900	39602	13.66
2901	39185	13.51
2902	38728	13.35
2903	38817	13.37
2904	38744	13.34
2905	38743	13.34
2906	38894	13.38
2907	38763	13.33
2908	38815	13.35
2909	38901	13.37
2910	43883	15.08
2911	38836	13.34
2912	40705	13.98
2913	39287	13.49
2914	38992	13.38
2915	39688	13.62
2916	42766	14.67
2917	38966	13.36
2918	38935	13.34
2919	40340	13.82
2920	47616	16.31
2921	41613	14.25
2922	39382	13.48
2923	39563	13.54
2924	41234	14.10
2925	39332	13.45
2926	39035	13.34
2927	42084	14.38
2928	40214	13.73
2929	39394	13.45
2930	40035	13.66
2931	39098	13.34
2932	41048	14.00
2933	39133	13.34
2934	39675	13.52
2935	39140	13.34
2936	39181	13.35
2937	41122	14.00
2938	41846	14.24
2939	41184	14.01
2940	39179	13.33
2941	39632	13.48
2942	39742	13.51
2943	43043	14.63
2944	39270	13.34
2945	39285	13.34
2946	39401	13.37
2947	39381	13.36
2948	39352	13.35
2949	42121	14.28
2950	39363	13.34
2951	39742	13.47
2952	39812	13.49
2953	39779	13.47
2954	39498	13.37
2955	39450	13.35
2956	39441	13.34
2957	39436	13.34
2958	39542	13.37
2959	40918	13.83
2960	40495	13.68
2961	40284	13.60
2962	39907	13.47
2963	39924	13.47
2964	39732	13.40
2965	41677	14.06
2966	39932	13.46
2967	39576	13.34
2968	39687	13.37
2969	39617	13.34
2970	41066	13.83
2971	39637	13.34
2972	44315	14.91
2973	40499	13.62
2974	39899	13.42
2975	39672	13.34
2976	41184	13.84
2977	39802	13.37
2978	41969	14.09
2979	40278	13.52
2980	41229	13.84
2981	40078	13.44
2982	39797	13.35
2983	39809	13.35
2984	41216	13.81
2985	40240	13.48
2986	40668	13.62
2987	40264	13.48
2988	40780	13.65
2989	39876	13.34
2990	40264	13.47
2991	41074	13.73
2992	40308	13.47
2993	40720	13.61
2994	39948	13.34
2995	39939	13.34
2996	40100	13.38
2997	40030	13.36
2998	43261	14.43
2999	40029	13.35
3000	40343	13.45
3001	40420	13.47
3002	46648	15.54
3003	40044	13.33
3004	43663	14.53
3005	40918	13.62
3006	40115	13.34
3007	40949	13.62
3008	43273	14.39
3009	50658	16.84
3010	40568	13.48
3011	40567	13.47
3012	40192	13.34
3013	41238	13.69
3014	40201	13.34
3015	46643	15.47
3016	45146	14.97
3017	56336	18.67
3018	40677	13.48
3019	41154	13.63
3020	40271	13.33
3021	40357	13.36
3022	43166	14.28
3023	40345	13.35
3024	46256	15.30
3025	40725	13.46
3026	40759	13.47
3027	40578	13.41
3028	40376	13.33
3029	40843	13.48
3030	46318	15.29
3031	41141	13.57
3032	41192	13.59
3033	40862	13.47
3034	41276	13.60
3035	40469	13.33
3036	40745	13.42
3037	43018	14.16
3038	40510	13.33
3039	40835	13.44
3040	40493	13.32
3041	40557	13.34
3042	42044	13.82
3043	41209	13.54
3044	41004	13.47
3045	41170	13.52
3046	42573	13.98
3047	40972	13.45
3048	40786	13.38
3049	40705	13.35
3050	41408	13.58
3051	40833	13.38
3052	41319	13.54
3053	42594	13.95
3054	41159	13.48
3055	41200	13.49
3056	42668	13.96
3057	42027	13.75
3058	41678	13.63
3059	41094	13.43
3060	43323	14.16
3061	41470	13.55
3062	42016	13.72
3063	41274	13.48
3064	41286	13.47
3065	41417	13.51
3066	42395	13.83
3067	40921	13.34
3068	41753	13.61
3069	42774	13.94
3070	40953	13.34
3071	41100	13.38
3072	40972	13.34
3073	42698	13.89
3074	42778	13.92
3075	41458	13.48
3076	41480	13.49
3077	41673	13.54
3078	41223	13.39
3079	41122	13.36
3080	42345	13.75
3081	41537	13.48
3082	43987	14.27
3083	41359	13.42
3084	41165	13.35
3085	41183	13.35
3086	41477	13.44
3087	42653	13.82
3088	41722	13.51
3089	44582	14.43
3090	41233	13.34
3091	41272	13.35
3092	41279	13.35
3093	41954	13.56
3094	41409	13.38
3095	41997	13.57
3096	42006	13.57
3097	42266	13.65
3098	42476	13.71
3099	41365	13.35
3100	41874	13.51
3101	41812	13.48
3102	41747	13.46
3103	41569	13.40
3104	41395	13.34
3105	41471	13.36
3106	42919	13.82
3107	41467	13.35
3108	44932	14.46
3109	50187	16.14
3110	41911	13.48
3111	42196	13.56
3112	41529	13.34
3113	41622	13.37
3114	44094	14.16
3115	46304	14.86
3116	53231	17.08
3117	47486	15.23
3118	41620	13.35
3119	43166	13.84
3120	42027	13.47
3121	41618	13.33
3122	42469	13.60
3123	46892	15.02
3124	48702	15.59
3125	41789	13.37
3126	41711	13.34
3127	42559	13.61
3128	42268	13.51
3129	43925	14.04
3130	41767	13.34
3131	41764	13.34
3132	41790	13.34
3133	43023	13.73
3134	47615	15.19
3135	48596	15.50
3136	43333	13.82
3137	42370	13.51
3138	41875	13.34
3139	42882	13.66
3140	42259	13.46
3141	42863	13.65
3142	42369	13.48
3143	42137	13.41
3144	42821	13.62
3145	44319	14.09
3146	42688	13.57
3147	43055	13.68
3148	42013	13.35
3149	42007	13.34
3150	42109	13.37
3151	44945	14.26
3152	44219	14.03
3153	42260	13.40
3154	42100	13.35
3155	46436	14.72
3156	42193	13.37
3157	46743	14.81
3158	42139	13.34
3159	42150	13.34
3160	42333	13.40
3161	42607	13.48
3162	44151	13.96
3163	42586	13.46
3164	42645	13.48
3165	46350	14.64
3166	42248	13.34
3167	42230	13.33
3168	42290	13.35
3169	42673	13.47
3170	44839	14.14
3171	44414	14.01
3172	46394	14.63
3173	42357	13.35
3174	42565	13.41
3175	42393	13.35
3176	43828	13.80
3177	42400	13.35
3178	45039	14.17
3179	42408	13.34
3180	42744	13.44
3181	42445	13.34
3182	44787	14.08
3183	42492	13.35
3184	42495	13.35
3185	42521	13.35
3186	43405	13.62
3187	42522	13.34
3188	42540	13.34
3189	43655	13.69
3190	42554	13.34
3191	42580	13.34
3192	42812	13.41
3193	42676	13.37
3194	43226	13.53
3195	49794	15.58
3196	43685	13.67
3197	42854	13.40
3198	43081	13.47
3199	42808	13.38
3200	53142	16.61
3201	44045	13.76
3202	42679	13.33
3203	44494	13.89
3204	42853	13.37
3205	43315	13.51
3206	45412	14.16
3207	51397	16.03
3208	42954	13.39
3209	42847	13.35
3210	42841	13.35
3211	42972	13.38
3212	42919	13.36
3213	47614	14.82
3214	47883	14.90
3215	42944	13.36
3216	43109	13.40
3217	42944	13.35
3218	44416	13.80
3219	44239	13.74
3220	50782	15.77
3221	52492	16.30
3222	42962	13.33
3223	43116	13.38
3224	43191	13.40
3225	43469	13.48
3226	43946	13.62
3227	43071	13.35
3228	43416	13.45
3229	43134	13.36
3230	43069	13.33
3231	43115	13.34
3232	46026	14.24
3233	46660	14.43
3234	44723	13.83
3235	44088	13.63
3236	44640	13.79
3237	43185	13.34
3238	43166	13.33
3239	44952	13.88
3240	43423	13.40
3241	43231	13.34
3242	43328	13.36
3243	45184	13.93
3244	44602	13.75
3245	45220	13.94
3246	43879	13.52
3247	44542	13.72
3248	43854	13.50
3249	43629	13.43
3250	43369	13.34
3251	43559	13.40
3252	43371	13.34
3253	44038	13.54
3254	44192	13.58
3255	43409	13.34
3256	48727	14.97
3257	43641	13.40
3258	43567	13.37
3259	44307	13.60
3260	43986	13.49
3261	46401	14.23
3262	43912	13.46
3263	43652	13.38
3264	43536	13.34
3265	43727	13.39
3266	44673	13.68
3267	44236	13.54
3268	44451	13.60
3269	43597	13.34
3270	43741	13.38
3271	43612	13.33
3272	43646	13.34
3273	43624	13.33
3274	43874	13.40
3275	45155	13.79
3276	43676	13.33
3277	43722	13.34
3278	43735	13.34
3279	46448	14.17
3280	46321	14.12
3281	44885	13.68
3282	43781	13.34
3283	44780	13.64
3284	44287	13.49
3285	44261	13.47
3286	44396	13.51
3287	47336	14.40
3288	46886	14.26
3289	44292	13.47
3290	44589	13.55
3291	45685	13.88
3292	44815	13.61
3293	47410	14.40
3294	51977	15.78
3295	44818	13.60
3296	44223	13.42
3297	44083	13.37
3298	45598	13.83
3299	45679	13.85
3300	45757	13.87
3301	44458	13.47
3302	44464	13.47
3303	44483	13.47
3304	44918	13.60
3305	44243	13.39
3306	44175	13.36
3307	44517	13.46
3308	44346	13.41
3309	44103	13.33
3310	44342	13.40
3311	44184	13.34
3312	44159	13.33
3313	44270	13.36
3314	48498	14.63
3315	47005	14.18
3316	44258	13.35
3317	44982	13.56
3318	44249	13.34
3319	44296	13.35
3320	49588	14.94
3321	55692	16.77
3322	44343	13.35
3323	44510	13.39
3324	44290	13.32
3325	45862	13.79
3326	45234	13.60
3327	45027	13.53
3328	45935	13.80
3329	44563	13.39
3330	44469	13.35
3331	45882	13.77
3332	44931	13.48
3333	48395	14.52
3334	44860	13.46
3335	44937	13.47
3336	44567	13.36
3337	46119	13.82
3338	46597	13.96
3339	54246	16.25
3340	45171	13.52
3341	45264	13.55
3342	44632	13.35
3343	44598	13.34
3344	46016	13.76
3345	45597	13.63
3346	45541	13.61
3347	45923	13.72
3348	44695	13.35
3349	44609	13.32
3350	44729	13.35
3351	45716	13.64
3352	44649	13.32
3353	44717	13.34
3354	44953	13.40
3355	49693	14.81
3356	44829	13.36
3357	44818	13.35
3358	44720	13.32
3359	45492	13.54
3360	46256	13.77
3361	44809	13.33
3362	46961	13.97
3363	46732	13.90
3364	44913	13.35
3365	44858	13.33
3366	46813	13.91
3367	45273	13.45
3368	45677	13.56
3369	45344	13.46
3370	46063	13.67
3371	46352	13.75
3372	46529	13.80
3373	44961	13.33
3374	47276	14.01
3375	45945	13.61
3376	44973	13.32
3377	45777	13.56
3378	45758	13.55
3379	47807	14.15
3380	46150	13.65
3381	45092	13.34
3382	45115	13.34
3383	46552	13.76
3384	45137	13.34
3385	46163	13.64
3386	46945	13.86
3387	45178	13.34
3388	45241	13.35
3389	45321	13.37
3390	46675	13.77
3391	45245	13.34
3392	49354	14.55
3393	45343	13.36
3394	45256	13.33
3395	45403	13.37
3396	45281	13.33
3397	45283	13.33
3398	48537	14.28
3399	45325	13.33
3400	46237	13.60
3401	46275	13.61
3402	46962	13.80
3403	45488	13.37
3404	45452	13.35
3405	50480	14.83
3406	47060	13.82
3407	45470	13.35
3408	52276	15.34
3409	47897	14.05
3410	45481	13.34
3411	55767	16.35
3412	46031	13.49
3413	53955	15.81
3414	46413	13.59
3415	45521	13.33
3416	46773	13.69
3417	65886	19.28
3418	60350	17.66
3419	46132	13.49
3420	46056	13.47
3421	48304	14.12
3422	45621	13.33
3423	52513	15.34
3424	49233	14.38
3425	45801	13.37
3426	45865	13.39
3427	48291	14.09
3428	48316	14.09
3429	46962	13.70
3430	45705	13.33
3431	46425	13.53
3432	47001	13.69
3433	46732	13.61
3434	46240	13.47
3435	46266	13.47
3436	46667	13.58
3437	45869	13.35
3438	45828	13.33
3439	46281	13.46
3440	47065	13.68
3441	46345	13.47
3442	46366	13.47
3443	53220	15.46
3444	49619	14.41
3445	46883	13.61
3446	46220	13.41
3447	46524	13.50
3448	46232	13.41
3449	48208	13.98
3450	49301	14.29
3451	49047	14.21
3452	52359	15.17
3453	47668	13.80
3454	47242	13.68
3455	48073	13.91
3456	46555	13.47
3457	46622	13.49
3458	46181	13.35
3459	48297	13.96
3460	46590	13.47
3461	46645	13.48
3462	51092	14.76
3463	46197	13.34
3464	46865	13.53
3465	46238	13.34
3466	46355	13.37
3467	49470	14.27
3468	47567	13.72
3469	46365	13.37
3470	46293	13.34
3471	46298	13.34
3472	47395	13.65
3473	46334	13.34
3474	47403	13.65
3475	46829	13.48
3476	46841	13.48
3477	48224	13.87
3478	46411	13.34
3479	51041	14.67
3480	46343	13.32
3481	46512	13.36
3482	46450	13.34
3483	47428	13.62
3484	46495	13.35
3485	47283	13.57
3486	47086	13.51
3487	46636	13.37
3488	46557	13.35
3489	49862	14.29
3490	46569	13.34
3491	46641	13.36
3492	47306	13.55
3493	48131	13.78
3494	47506	13.60
3495	46622	13.34
3496	46610	13.33
3497	48117	13.76
3498	46613	13.33
3499	47234	13.50
3500	49313	14.09
3501	48389	13.82
3502	46675	13.33
3503	50760	14.49
3504	46734	13.34
3505	46773	13.34
3506	49884	14.23
3507	46974	13.39
3508	46774	13.33
3509	46891	13.36
3510	48507	13.82
3511	46822	13.34
3512	51807	14.75
3513	50354	14.33
3514	47280	13.45
3515	47030	13.38
3516	46922	13.35
3517	48900	13.90
3518	54613	15.52
3519	60608	17.22
3520	47527	13.50
3521	47469	13.48
3522	49462	14.04
3523	46983	13.34
3524	51537	14.62
3525	47870	13.58
3526	47077	13.35
3527	47487	13.46
3528	48002	13.61
3529	47544	13.47
3530	48534	13.75
3531	47088	13.34
3532	47550	13.46
3533	47173	13.35
3534	50516	14.29
3535	47657	13.48
3536	47667	13.48
3537	51035	14.43
3538	47695	13.48
3539	47677	13.47
3540	47765	13.49
3541	47623	13.45
3542	47824	13.50
3543	47914	13.52
3544	47727	13.47
3545	55094	15.54
3546	47331	13.35
3547	47290	13.33
3548	49231	13.88
3549	47376	13.35
3550	51363	14.47
3551	47728	13.44
3552	48863	13.76
3553	47911	13.48
3554	47427	13.34
3555	47876	13.47
3556	47853	13.46
3557	47867	13.46
3558	47505	13.35
3559	47675	13.40
3560	47447	13.33
3561	48615	13.65
3562	49709	13.96
3563	47563	13.35
3564	47540	13.34
3565	47688	13.38
3566	47577	13.34
3567	50670	14.21
3568	47620	13.35
3569	47634	13.35
3570	47759	13.38
3571	49266	13.80
3572	47652	13.34
3573	47678	13.34
3574	49717	13.91
3575	49170	13.75
3576	47724	13.35
3577	47708	13.34
3578	56726	15.85
3579	48951	13.68
3580	49057	13.70
3581	48284	13.48
3582	49564	13.84
3583	48899	13.65
3584	48313	13.48
3585	50513	14.09
3586	49089	13.69
3587	48437	13.50
3588	49046	13.67
3589	49491	13.79
3590	48011	13.37
3591	47920	13.34
3592	47943	13.35
3593	48879	13.60
3594	48499	13.49
3595	48118	13.38
3596	48139	13.39
3597	48010	13.35
3598	47983	13.34
3599	48046	13.35
3600	48847	13.57
3601	51195	14.22
3602	48137	13.36
3603	48067	13.34
3604	50509	14.01
3605	53186	14.75
3606	48138	13.35
3607	48218	13.37
3608	48911	13.56
3609	48640	13.48
3610	49033	13.58
3611	50664	14.03
3612	56940	15.76
3613	48208	13.34
3614	48219	13.34
3615	48223	13.34
3616	48259	13.35
3617	63777	17.63
3618	49018	13.55
3619	48875	13.51
3620	48266	13.33
3621	48289	13.34
3622	52287	14.44
3623	52263	14.43
3624	49321	13.61
3625	48847	13.48
3626	48397	13.35
3627	48380	13.34
3628	51113	14.09
3629	48654	13.41
3630	48463	13.35
3631	48541	13.37
3632	48432	13.33
3633	49550	13.64
3634	48527	13.35
3635	48551	13.36
3636	48562	13.36
3637	49132	13.51
3638	52991	14.57
3639	50759	13.95
3640	49152	13.50
3641	48559	13.34
3642	48683	13.37
3643	48602	13.34
3644	50359	13.82
3645	49601	13.61
3646	49106	13.47
3647	51844	14.22
3648	49144	13.47
3649	48690	13.34
3650	48690	13.34
3651	51223	14.03
3652	50194	13.74
3653	48753	13.35
3654	50296	13.76
3655	51839	14.18
3656	49392	13.51
3657	49105	13.43
3658	51030	13.95
3659	52237	14.28
3660	48801	13.33
3661	48925	13.36
3662	49326	13.47
3663	50797	13.87
3664	49680	13.56
3665	49255	13.44
3666	54675	14.91
3667	49860	13.60
3668	48979	13.35
3669	49280	13.43
3670	48965	13.34
3671	50155	13.66
3672	50214	13.67
3673	49783	13.55
3674	49361	13.44
3675	49141	13.37
3676	50619	13.77
3677	49568	13.48
3678	50956	13.85
3679	49090	13.34
3680	49198	13.37
3681	49080	13.33
3682	49128	13.34
3683	50324	13.66
3684	49147	13.34
3685	49175	13.34
3686	49583	13.45
3687	49407	13.40
3688	50374	13.66
3689	49535	13.43
3690	50031	13.56
3691	49821	13.50
3692	49269	13.34
3693	49555	13.42
3694	51433	13.92
3695	50566	13.68
3696	50292	13.61
3697	49290	13.33
3698	52737	14.26
3699	49334	13.34
3700	50998	13.78
3701	50740	13.71
3702	49888	13.48
3703	49764	13.44
3704	49405	13.34
3705	52112	14.07
3706	50035	13.50
3707	49471	13.35
3708	51397	13.86
3709	49502	13.35
3710	49537	13.35
3711	50244	13.54
3712	51675	13.92
3713	56072	15.10
3714	50124	13.50
3715	49551	13.34
3716	49789	13.40
3717	49585	13.34
3718	49610	13.34
3719	59297	15.94
3720	53347	14.34
3721	49649	13.34
3722	49803	13.38
3723	50492	13.56
3724	50728	13.62
3725	53525	14.37
3726	50236	13.48
3727	50736	13.61
3728	49846	13.37
3729	49755	13.34
3730	54636	14.65
3731	50293	13.48
3732	49807	13.35
3733	50235	13.46
3734	49946	13.38
3735	49848	13.35
3736	49951	13.37
3737	53796	14.40
3738	49872	13.34
3739	50009	13.37
3740	51735	13.83
3741	51389	13.74
3742	51210	13.69
3743	51532	13.77
3744	50238	13.42
3745	49961	13.34
3746	50106	13.38
3747	50821	13.56
3748	50989	13.60
3749	50902	13.58
3750	49798	13.28
3751	52431	13.98
3752	50049	13.34
3753	50749	13.52
3754	52986	14.11
3755	50526	13.46
3756	50167	13.36
3757	50142	13.35
3758	51081	13.59
3759	51192	13.62
3760	50667	13.48
3761	54097	14.38
3762	50427	13.40
3763	50160	13.33
3764	50210	13.34
3765	50913	13.52
3766	53913	14.32
3767	52072	13.82
3768	51963	13.79
3769	50276	13.34
3770	51747	13.73
3771	52638	13.96
3772	53169	14.10
3773	50445	13.37
3774	53244	14.11
3775	50368	13.34
3776	50480	13.37
3777	54044	14.31
3778	51052	13.51
3779	50782	13.44
3780	50634	13.40
3781	52484	13.88
3782	52444	13.87
3783	50971	13.47
3784	51345	13.57
3785	50519	13.35
3786	50820	13.42
3787	51239	13.53
3788	50508	13.33
3789	50611	13.36
3790	50730	13.39
3791	50594	13.35
3792	50602	13.34
3793	51782	13.65
3794	50604	13.34
3795	52842	13.92
3796	51091	13.46
3797	51272	13.50
3798	50687	13.35
3799	50673	13.34
3800	52183	13.73
3801	51316	13.50
3802	53458	14.06
3803	53340	14.03
3804	50861	13.37
3805	50864	13.37
3806	50817	13.35
3807	53367	14.02
3808	50814	13.34
3809	50925	13.37
3810	52782	13.85
3811	51666	13.56
3812	58419	15.33
3813	50880	13.34
3814	51806	13.58
3815	51073	13.39
3816	58833	15.42
3817	51441	13.48
3818	60111	15.74
3819	51895	13.59
3820	51074	13.37
3821	51094	13.37
3822	51117	13.37
3823	74081	19.38
3824	68889	18.01
3825	61927	16.19
3826	59287	15.50
3827	51352	13.42
3828	51089	13.35
3829	51481	13.45
3830	51607	13.47
3831	51644	13.48
3832	51650	13.48
3833	57014	14.87
3834	51258	13.37
3835	51145	13.34
3836	53392	13.92
3837	51240	13.35
3838	51669	13.46
3839	51232	13.35
3840	53679	13.98
3841	51725	13.47
3842	51831	13.49
3843	52344	13.62
3844	52877	13.76
3845	54685	14.22
3846	51376	13.36
3847	51344	13.35
3848	51460	13.37
3849	51325	13.33
3850	51619	13.41
3851	52908	13.74
3852	51925	13.48
3853	51379	13.33
3854	51770	13.43
3855	52446	13.60
3856	52665	13.66
3857	52274	13.55
3858	51589	13.37
3859	51856	13.44
3860	51461	13.33
3861	57214	14.82
3862	51645	13.37
3863	51525	13.34
3864	54475	14.10
3865	51619	13.36
3866	51572	13.34
3867	51874	13.41
3868	54517	14.09
3869	54219	14.01
3870	52568	13.58
3871	53245	13.75
3872	51668	13.34
3873	53288	13.76
3874	53757	13.88
3875	52924	13.66
3876	51667	13.33
3877	53221	13.73
3878	53682	13.84
3879	52469	13.53
3880	54136	13.95
3881	51754	13.34
3882	52008	13.40
3883	51792	13.34
3884	53254	13.71
3885	54016	13.90
3886	53369	13.73
3887	51855	13.34
3888	52665	13.55
3889	53330	13.71
3890	52233	13.43
3891	53586	13.77
3892	51976	13.35
3893	51944	13.34
3894	51918	13.33
3895	52770	13.55
3896	53919	13.84
3897	52014	13.35
3898	51971	13.33
3899	55592	14.26
3900	53777	13.79
3901	52072	13.35
3902	52070	13.34
3903	54078	13.86
3904	52090	13.34
3905	56387	14.44
3906	52101	13.34
3907	52893	13.54
3908	59428	15.21
3909	53059	13.57
3910	52723	13.48
3911	52691	13.47
3912	59173	15.13
3913	55548	14.20
3914	72718	18.58
3915	57037	14.57
3916	54016	13.79
3917	52473	13.40
3918	53397	13.63
3919	56773	14.49
3920	52917	13.50
3921	52379	13.36
3922	52413	13.36
3923	52586	13.40
3924	54340	13.85
3925	54027	13.76
3926	52869	13.47
3927	52490	13.37
3928	52412	13.34
3929	52434	13.35
3930	52506	13.36
3931	52486	13.35
3932	52594	13.38
3933	53319	13.56
3934	52483	13.34
3935	52492	13.34
3936	56373	14.32
3937	52837	13.42
3938	52678	13.38
3939	53704	13.63
3940	52753	13.39
3941	52882	13.42
3942	54419	13.80
3943	52797	13.39
3944	52648	13.35
3945	60436	15.32
3946	53054	13.45
3947	54219	13.74
3948	53200	13.48
3949	53188	13.47
3950	52841	13.38
3951	52694	13.34
3952	54404	13.77
3953	52756	13.35
3954	53703	13.58
3955	54641	13.82
3956	54989	13.90
3957	52809	13.35
3958	55983	14.14
3959	53987	13.64
3960	52784	13.33
3961	52859	13.34
3962	52974	13.37
3963	53567	13.52
3964	53445	13.48
3965	54097	13.64
3966	53584	13.51
3967	53514	13.49
3968	56403	14.21
3969	54325	13.69
3970	52967	13.34
3971	54451	13.71
3972	53515	13.47
3973	58069	14.62
3974	53165	13.38
3975	58126	14.62
3976	53751	13.52
3977	53631	13.49
3978	54023	13.58
3979	53113	13.35
3980	53048	13.33
3981	55637	13.98
3982	53212	13.36
3983	55915	14.04
3984	53133	13.34
3985	57293	14.38
3986	53741	13.48
3987	54388	13.64
3988	53364	13.38
3989	53226	13.34
3990	53200	13.33
3991	55961	14.02
3992	53694	13.45
3993	53398	13.37
3994	53610	13.42
3995	56824	14.22
3996	54272	13.58
3997	55486	13.88
3998	56919	14.24
3999	53294	13.33
4000	53592	13.40
