N	Total Time	Average CPE
1	555	555.00
2	281	140.50
3	259	86.33
4	395	98.75
5	555	111.00
6	2807	467.83
7	605	86.43
8	768	96.00
9	791	87.89
10	774	77.40
11	1029	93.55
12	1171	97.58
13	1118	86.00
14	1117	79.79
15	1170	78.00
16	1330	83.12
17	1362	80.12
18	1434	79.67
19	1547	81.42
20	1085	54.25
21	482	22.95
22	508	23.09
23	538	23.39
24	569	23.71
25	587	23.48
26	614	23.62
27	639	23.67
28	1209	43.18
29	2484	85.66
30	2264	75.47
31	2363	76.23
32	2469	77.16
33	2860	86.67
34	2981	87.68
35	1112	31.77
36	855	23.75
37	892	24.11
38	907	23.87
39	932	23.90
40	964	24.10
41	973	23.73
42	1016	24.19
43	1033	24.02
44	1053	23.93
45	1080	24.00
46	1098	23.87
47	1126	23.96
48	1154	24.04
49	1184	24.16
50	1195	23.90
51	1235	24.22
52	1251	24.06
53	1278	24.11
54	1294	23.96
55	1323	24.05
56	1352	24.14
57	1368	24.00
58	1408	24.28
59	1423	24.12
60	1447	24.12
61	1475	24.18
62	1500	24.19
63	1527	24.24
64	1542	24.09
65	1568	24.12
66	1605	24.32
67	1614	24.09
68	1652	24.29
69	1676	24.29
70	1911	27.30
71	1292	18.20
72	1367	18.99
73	1342	18.38
74	1179	15.93
75	1211	16.15
76	1203	15.83
77	1231	15.99
78	1233	15.81
79	1256	15.90
80	1268	15.85
81	1287	15.89
82	1303	15.89
83	1323	15.94
84	1340	15.95
85	1352	15.91
86	1361	15.83
87	1383	15.90
88	1404	15.95
89	1449	16.28
90	1569	17.43
91	1996	21.93
92	1937	21.05
93	1468	15.78
94	1500	15.96
95	1501	15.80
96	1526	15.90
97	1581	16.30
98	1551	15.83
99	1575	15.91
100	1849	18.49
101	1594	15.78
102	1627	15.95
103	1640	15.92
104	1654	15.90
105	1655	15.76
106	1684	15.89
107	1697	15.86
108	1734	16.06
109	1734	15.91
110	1767	16.06
111	1787	16.10
112	1797	16.04
113	1805	15.97
114	1841	16.15
115	1848	16.07
116	1856	16.00
117	1845	15.77
118	1874	15.88
119	1880	15.80
120	1896	15.80
121	1898	15.69
122	1960	16.07
123	2008	16.33
124	1967	15.86
125	1977	15.82
126	2015	15.99
127	2022	15.92
128	2057	16.07
129	2055	15.93
130	2072	15.94
131	2099	16.02
132	2629	19.92
133	2107	15.84
134	2139	15.96
135	2141	15.86
136	2135	15.70
137	2150	15.69
138	2170	15.72
139	2176	15.65
140	2181	15.58
141	2196	15.57
142	2227	15.68
143	2236	15.64
144	2251	15.63
145	2268	15.64
146	2274	15.58
147	2303	15.67
148	2319	15.67
149	2327	15.62
150	2339	15.59
151	2357	15.61
152	2376	15.63
153	2397	15.67
154	2948	19.14
155	2416	15.59
156	2450	15.71
157	2471	15.74
158	2469	15.63
159	2497	15.70
160	2501	15.63
161	2526	15.69
162	2547	15.72
163	2541	15.59
164	2576	15.71
165	2585	15.67
166	2625	15.81
167	2657	15.91
168	3123	18.59
169	4039	23.90
170	2701	15.89
171	2736	16.00
172	2743	15.95
173	2790	16.13
174	2785	16.01
175	2849	16.28
176	3921	22.28
177	2957	16.71
178	2947	16.56
179	3012	16.83
180	3054	16.97
181	3516	19.43
182	2988	16.42
183	3047	16.65
184	3120	16.96
185	3164	17.10
186	3147	16.92
187	3164	16.92
188	3181	16.92
189	4102	21.70
190	3602	18.96
191	3350	17.54
192	4857	25.30
193	4725	24.48
194	3485	17.96
195	3187	16.34
196	3259	16.63
197	3412	17.32
198	3462	17.48
199	3394	17.06
200	3341	16.70
201	3311	16.47
202	3929	19.45
203	3263	16.07
204	3281	16.08
205	3277	15.99
206	3239	15.72
207	3231	15.61
208	3252	15.63
209	3260	15.60
210	3278	15.61
211	3287	15.58
212	4117	19.42
213	3314	15.56
214	3343	15.62
215	3358	15.62
216	3377	15.63
217	3385	15.60
218	3403	15.61
219	3416	15.60
220	3426	15.57
221	3437	15.55
222	3469	15.63
223	3470	15.56
224	3500	15.62
225	3502	15.56
226	3522	15.58
227	3537	15.58
228	3567	15.64
229	3567	15.58
230	3588	15.60
231	3598	15.58
232	3617	15.59
233	3627	15.57
234	3724	15.91
235	4950	21.06
236	4978	21.09
237	5034	21.24
238	5043	21.19
239	5087	21.28
240	5071	21.13
241	5772	23.95
242	5791	23.93
243	23254	95.70
244	6657	27.28
245	13589	55.47
246	11132	45.25
247	5970	24.17
248	10444	42.11
249	7406	29.74
250	8304	33.22
251	8360	33.31
252	6378	25.31
253	6617	26.15
254	6687	26.33
255	6165	24.18
256	6137	23.97
257	6133	23.86
258	6215	24.09
259	6172	23.83
260	5985	23.02
261	6113	23.42
262	6333	24.17
263	6475	24.62
264	6381	24.17
265	6456	24.36
266	6369	23.94
267	6515	24.40
268	6527	24.35
269	6527	24.26
270	16786	62.17
271	6596	24.34
272	6629	24.37
273	6542	23.96
274	6626	24.18
275	6731	24.48
276	6689	24.24
277	6613	23.87
278	5424	19.51
279	4440	15.91
280	4444	15.87
281	4383	15.60
282	4385	15.55
283	4419	15.61
284	4506	15.87
285	4457	15.64
286	4475	15.65
287	4482	15.62
288	4511	15.66
289	4515	15.62
290	6645	22.91
291	7792	26.78
292	7029	24.07
293	8543	29.16
294	8133	27.66
295	6286	21.31
296	4681	15.81
297	5879	19.79
298	5355	17.97
299	4659	15.58
300	5783	19.28
301	5151	17.11
302	5696	18.86
303	4904	16.18
304	4771	15.69
305	4744	15.55
306	4761	15.56
307	5326	17.35
308	6330	20.55
309	4834	15.64
310	4827	15.57
311	4826	15.52
312	4849	15.54
313	4866	15.55
314	4872	15.52
315	4897	15.55
316	4903	15.52
317	4935	15.57
318	4933	15.51
319	4949	15.51
320	4962	15.51
321	4973	15.49
322	6086	18.90
323	5020	15.54
324	5040	15.56
325	5065	15.58
326	5062	15.53
327	5085	15.55
328	5112	15.59
329	5117	15.55
330	5144	15.59
331	5152	15.56
332	5159	15.54
333	5572	16.73
334	7755	23.22
335	8319	24.83
336	8074	24.03
337	7941	23.56
338	13382	39.59
339	10917	32.20
340	8035	23.63
341	8143	23.88
342	8583	25.10
343	8107	23.64
344	9737	28.31
345	15246	44.19
346	11394	32.93
347	12088	34.84
348	22547	64.79
349	8267	23.69
350	8322	23.78
351	8387	23.89
352	8434	23.96
353	8458	23.96
354	9718	27.45
355	8658	24.39
356	8119	22.81
357	5710	15.99
358	5719	15.97
359	6217	17.32
360	8244	22.90
361	8573	23.75
362	7326	20.24
363	7537	20.76
364	8478	23.29
365	9054	24.81
366	8560	23.39
367	8768	23.89
368	8085	21.97
369	5905	16.00
370	5910	15.97
371	5878	15.84
372	5850	15.73
373	5860	15.71
374	5887	15.74
375	6447	17.19
376	5877	15.63
377	5880	15.60
378	5885	15.57
379	5912	15.60
380	5899	15.52
381	5923	15.55
382	5940	15.55
383	5970	15.59
384	5974	15.56
385	5985	15.55
386	6010	15.57
387	6016	15.55
388	6041	15.57
389	6178	15.88
390	6153	15.78
391	6646	17.00
392	8003	20.42
393	6258	15.92
394	10039	25.48
395	12215	30.92
396	6681	16.87
397	6180	15.57
398	6203	15.59
399	6215	15.58
400	7450	18.62
401	6313	15.74
402	6641	16.52
403	7795	19.34
404	6334	15.68
405	6694	16.53
406	6329	15.59
407	6344	15.59
408	6369	15.61
409	6424	15.71
410	6386	15.58
411	6410	15.60
412	6409	15.56
413	6437	15.59
414	6462	15.61
415	6458	15.56
416	6471	15.56
417	6487	15.56
418	6510	15.57
419	6530	15.58
420	6535	15.56
421	6562	15.59
422	6573	15.58
423	6594	15.59
424	6605	15.58
425	6620	15.58
426	6626	15.55
427	6647	15.57
428	6677	15.60
429	6687	15.59
430	6688	15.55
431	6697	15.54
432	6740	15.60
433	6744	15.58
434	6759	15.57
435	6760	15.54
436	6792	15.58
437	6821	15.61
438	6822	15.58
439	6841	15.58
440	6837	15.54
441	6864	15.56
442	6885	15.58
443	6898	15.57
444	6909	15.56
445	6933	15.58
446	6935	15.55
447	6974	15.60
448	6967	15.55
449	11270	25.10
450	10848	24.11
451	7229	16.03
452	7066	15.63
453	7228	15.96
454	7103	15.65
455	7129	15.67
456	7135	15.65
457	7151	15.65
458	7172	15.66
459	7190	15.66
460	7194	15.64
461	7217	15.66
462	7226	15.64
463	7278	15.72
464	7262	15.65
465	7278	15.65
466	7315	15.70
467	7304	15.64
468	7329	15.66
469	7395	15.77
470	7358	15.66
471	7381	15.67
472	7383	15.64
473	7421	15.69
474	8365	17.65
475	8801	18.53
476	7531	15.82
477	7498	15.72
478	7455	15.60
479	7487	15.63
480	7473	15.57
481	7507	15.61
482	7508	15.58
483	7536	15.60
484	7544	15.59
485	7646	15.76
486	7583	15.60
487	7668	15.75
488	7597	15.57
489	7646	15.64
490	7639	15.59
491	7661	15.60
492	7666	15.58
493	7672	15.56
494	7701	15.59
495	7715	15.59
496	8384	16.90
497	7863	15.82
498	8579	17.23
499	9975	19.99
500	8020	16.04
501	7864	15.70
502	7808	15.55
503	7837	15.58
504	7847	15.57
505	7864	15.57
506	7881	15.58
507	7892	15.57
508	7907	15.56
509	7928	15.58
510	7941	15.57
511	7973	15.60
512	7969	15.56
513	7996	15.59
514	8004	15.57
515	8017	15.57
516	8044	15.59
517	8040	15.55
518	8074	15.59
519	8101	15.61
520	8728	16.78
521	12131	23.28
522	12999	24.90
523	12343	23.60
524	8232	15.71
525	8171	15.56
526	8193	15.58
527	8788	16.68
528	8221	15.57
529	8257	15.61
530	8934	16.86
531	8447	15.91
532	8327	15.65
533	8355	15.68
534	8372	15.68
535	8370	15.64
536	8387	15.65
537	8397	15.64
538	8406	15.62
539	8447	15.67
540	9061	16.78
541	8486	15.69
542	8463	15.61
543	8501	15.66
544	8521	15.66
545	8526	15.64
546	8573	15.70
547	8553	15.64
548	8596	15.69
549	8602	15.67
550	8626	15.68
551	8644	15.69
552	8657	15.68
553	8878	16.05
554	10656	19.23
555	11950	21.53
556	11708	21.06
557	11762	21.12
558	11751	21.06
559	11781	21.08
560	11786	21.05
561	11839	21.10
562	12705	22.61
563	8770	15.58
564	8784	15.57
565	8799	15.57
566	8803	15.55
567	8830	15.57
568	8840	15.56
569	8854	15.56
570	8877	15.57
571	9419	16.50
572	9441	16.51
573	13789	24.06
574	9023	15.72
575	8960	15.58
576	8971	15.57
577	8983	15.57
578	9013	15.59
579	12509	21.60
580	9124	15.73
581	9070	15.61
582	9233	15.86
583	11714	20.09
584	9988	17.10
585	9204	15.73
586	9089	15.51
587	9116	15.53
588	9129	15.53
589	9150	15.53
590	9633	16.33
591	9902	16.75
592	9325	15.75
593	9284	15.66
594	9521	16.03
595	9256	15.56
596	9296	15.60
597	9312	15.60
598	9331	15.60
599	9318	15.56
600	9681	16.14
601	9382	15.61
602	9368	15.56
603	9407	15.60
604	9392	15.55
605	9423	15.58
606	9441	15.58
607	9468	15.60
608	9454	15.55
609	9498	15.60
610	9502	15.58
611	10107	16.54
612	9533	15.58
613	9575	15.62
614	9579	15.60
615	9593	15.60
616	9585	15.56
617	11256	18.24
618	9639	15.60
619	9644	15.58
620	9678	15.61
621	9678	15.58
622	9682	15.57
623	9714	15.59
624	9700	15.54
625	9710	15.54
626	9730	15.54
627	9754	15.56
628	9788	15.59
629	9912	15.76
630	10799	17.14
631	9883	15.66
632	9846	15.58
633	10008	15.81
634	9875	15.58
635	9987	15.73
636	10372	16.31
637	12924	20.29
638	13501	21.16
639	13467	21.08
640	13491	21.08
641	11182	17.44
642	10386	16.18
643	10088	15.69
644	10019	15.56
645	10028	15.55
646	10071	15.59
647	10064	15.55
648	10091	15.57
649	10107	15.57
650	10099	15.54
651	10164	15.61
652	10142	15.56
653	13851	21.21
654	14311	21.88
655	15369	23.46
656	10433	15.90
657	10288	15.66
658	24116	36.65
659	22670	34.40
660	10556	15.99
661	10353	15.66
662	10323	15.59
663	10395	15.68
664	12057	18.16
665	10373	15.60
666	10394	15.61
667	10402	15.60
668	11275	16.88
669	10449	15.62
670	10431	15.57
671	10458	15.59
672	10458	15.56
673	10502	15.60
674	10486	15.56
675	10505	15.56
676	10540	15.59
677	10533	15.56
678	10551	15.56
679	11154	16.43
680	10633	15.64
681	10687	15.69
682	10669	15.64
683	11558	16.92
684	10661	15.59
685	10667	15.57
686	10697	15.59
687	10695	15.57
688	10732	15.60
689	11281	16.37
690	10774	15.61
691	12104	17.52
692	14604	21.10
693	11704	16.89
694	10818	15.59
695	10840	15.60
696	10854	15.59
697	10854	15.57
698	11395	16.33
699	10886	15.57
700	11504	16.43
701	10937	15.60
702	10949	15.60
703	10952	15.58
704	11212	15.93
705	11035	15.65
706	11387	16.13
707	11001	15.56
708	11029	15.58
709	11042	15.57
710	11108	15.65
711	13540	19.04
712	11153	15.66
713	11107	15.58
714	11130	15.59
715	11145	15.59
716	11142	15.56
717	11179	15.59
718	11173	15.56
719	11937	16.60
720	11252	15.63
721	11291	15.66
722	11303	15.66
723	11300	15.63
724	11335	15.66
725	12372	17.06
726	15105	20.81
727	11449	15.75
728	11344	15.58
729	11373	15.60
730	12026	16.47
731	11765	16.09
732	11527	15.75
733	11429	15.59
734	11432	15.57
735	11952	16.26
736	14034	19.07
737	11626	15.77
738	11566	15.67
739	11561	15.64
740	11586	15.66
741	11616	15.68
742	11621	15.66
743	11639	15.66
744	11651	15.66
745	12121	16.27
746	13186	17.68
747	15902	21.29
748	11813	15.79
749	15738	21.01
750	13581	18.11
751	14100	18.77
752	13855	18.42
753	13634	18.11
754	13632	18.08
755	26331	34.88
756	26218	34.68
757	24482	32.34
758	23102	30.48
759	23083	30.41
760	21071	27.73
761	18312	24.06
762	37505	49.22
763	18730	24.55
764	18723	24.51
765	18745	24.50
766	14527	18.96
767	14051	18.32
768	13895	18.09
769	13916	18.10
770	13972	18.15
771	14086	18.27
772	14111	18.28
773	15470	20.01
774	13521	17.47
775	14570	18.80
776	13671	17.62
777	12098	15.57
778	12117	15.57
779	12136	15.58
780	12147	15.57
781	12171	15.58
782	12196	15.60
783	12209	15.59
784	12206	15.57
785	12229	15.58
786	12480	15.88
787	12502	15.89
788	12286	15.59
789	12293	15.58
790	12314	15.59
791	12328	15.59
792	12351	15.59
793	12385	15.62
794	12398	15.61
795	12372	15.56
796	12408	15.59
797	12422	15.59
798	12449	15.60
799	12438	15.57
800	12663	15.83
801	12545	15.66
802	12547	15.64
803	12555	15.64
804	12571	15.64
805	12592	15.64
806	12596	15.63
807	12622	15.64
808	13582	16.81
809	13548	16.75
810	13594	16.78
811	13539	16.69
812	12652	15.58
813	12670	15.58
814	12692	15.59
815	12701	15.58
816	14013	17.17
817	17680	21.64
818	13872	16.96
819	12774	15.60
820	12793	15.60
821	12800	15.59
822	13382	16.28
823	13137	15.96
824	12880	15.63
825	12929	15.67
826	12990	15.73
827	12954	15.66
828	14418	17.41
829	13082	15.78
830	12985	15.64
831	13105	15.77
832	16175	19.44
833	13114	15.74
834	12983	15.57
835	13012	15.58
836	13022	15.58
837	13036	15.57
838	13048	15.57
839	13816	16.47
840	15354	18.28
841	14327	17.04
842	15409	18.30
843	14451	17.14
844	13100	15.52
845	13180	15.60
846	13142	15.53
847	13191	15.57
848	13189	15.55
849	13202	15.55
850	13175	15.50
851	13230	15.55
852	13710	16.09
853	34973	41.00
854	19050	22.31
855	18034	21.09
856	18047	21.08
857	18074	21.09
858	18097	21.09
859	16948	19.73
860	13400	15.58
861	13411	15.58
862	13468	15.62
863	13433	15.57
864	15617	18.08
865	13443	15.54
866	13465	15.55
867	13447	15.51
868	13489	15.54
869	14731	16.95
870	13557	15.58
871	13582	15.59
872	13595	15.59
873	13817	15.83
874	13622	15.59
875	14424	16.48
876	15661	17.88
877	13724	15.65
878	13667	15.57
879	13705	15.59
880	13712	15.58
881	13723	15.58
882	13887	15.74
883	13760	15.58
884	14321	16.20
885	13850	15.65
886	13867	15.65
887	13963	15.74
888	18142	20.43
889	18759	21.10
890	18769	21.09
891	18797	21.10
892	18809	21.09
893	18838	21.10
894	16471	18.42
895	13942	15.58
896	13965	15.59
897	13994	15.60
898	15561	17.33
899	14000	15.57
900	14313	15.90
901	14043	15.59
902	14044	15.57
903	14067	15.58
904	14083	15.58
905	14084	15.56
906	16565	18.28
907	14833	16.35
908	14173	15.61
909	14197	15.62
910	14201	15.61
911	14228	15.62
912	14198	15.57
913	14251	15.61
914	14377	15.73
915	14485	15.83
916	14904	16.27
917	14565	15.88
918	14301	15.58
919	14310	15.57
920	14855	16.15
921	17088	18.55
922	14556	15.79
923	14451	15.66
924	14443	15.63
925	14493	15.67
926	14524	15.68
927	15404	16.62
928	17436	18.79
929	14512	15.62
930	14489	15.58
931	14519	15.60
932	14597	15.66
933	14544	15.59
934	14555	15.58
935	15726	16.82
936	24895	26.60
937	14942	15.95
938	14607	15.57
939	14645	15.60
940	14662	15.60
941	14688	15.61
942	14701	15.61
943	15053	15.96
944	14702	15.57
945	14745	15.60
946	17485	18.48
947	21431	22.63
948	20025	21.12
949	20028	21.10
950	20055	21.11
951	20065	21.10
952	16436	17.26
953	35118	36.85
954	16748	17.56
955	15190	15.91
956	14853	15.54
957	14885	15.55
958	14887	15.54
959	15182	15.83
960	14948	15.57
961	14979	15.59
962	14999	15.59
963	14983	15.56
964	15536	16.12
965	16037	16.62
966	15055	15.58
967	19192	19.85
968	19912	20.57
969	16412	16.94
970	15490	15.97
971	15100	15.55
972	15090	15.52
973	15127	15.55
974	15526	15.94
975	15538	15.94
976	15140	15.51
977	15261	15.62
978	16808	17.19
979	15996	16.34
980	15216	15.53
981	15705	16.01
982	15327	15.61
983	15307	15.57
984	15626	15.88
985	31230	31.71
986	15454	15.67
987	15340	15.54
988	15343	15.53
989	15709	15.88
990	16398	16.56
991	15474	15.61
992	15457	15.58
993	15515	15.62
994	15422	15.52
995	15528	15.61
996	15465	15.53
997	15484	15.53
998	15472	15.50
999	15505	15.52
1000	17280	17.28
1001	15741	15.73
1002	15718	15.69
1003	16050	16.00
1004	15629	15.57
1005	15676	15.60
1006	15690	15.60
1007	15668	15.56
1008	15988	15.86
1009	15730	15.59
1010	15756	15.60
1011	15890	15.72
1012	16284	16.09
1013	15844	15.64
1014	15913	15.69
1015	16139	15.90
1016	15873	15.62
1017	15917	15.65
1018	15934	15.65
1019	17646	17.32
1020	16052	15.74
1021	15913	15.59
1022	15948	15.60
1023	15973	15.61
1024	16186	15.81
1025	15998	15.61
1026	16249	15.84
1027	16012	15.59
1028	16003	15.57
1029	17069	16.59
1030	22191	21.54
1031	16099	15.61
1032	17708	17.16
1033	22904	22.17
1034	16151	15.62
1035	17684	17.09
1036	16150	15.59
1037	16170	15.59
1038	16173	15.58
1039	16199	15.59
1040	16209	15.59
1041	16245	15.61
1042	16237	15.58
1043	16253	15.58
1044	20913	20.03
1045	65862	63.03
1046	16454	15.73
1047	16416	15.68
1048	16403	15.65
1049	17076	16.28
1050	17280	16.46
1051	16377	15.58
1052	16375	15.57
1053	16556	15.72
1054	16433	15.59
1055	16521	15.66
1056	16476	15.60
1057	18825	17.81
1058	19629	18.55
1059	16508	15.59
1060	16678	15.73
1061	16536	15.59
1062	16539	15.57
1063	16591	15.61
1064	17259	16.22
1065	16690	15.67
1066	16616	15.59
1067	18103	16.97
1068	16636	15.58
1069	16647	15.57
1070	16667	15.58
1071	19955	18.63
1072	16819	15.69
1073	16736	15.60
1074	22896	21.32
1075	17166	15.97
1076	16790	15.60
1077	16805	15.60
1078	17111	15.87
1079	16828	15.60
1080	16820	15.57
1081	16871	15.61
1082	16866	15.59
1083	16874	15.58
1084	16904	15.59
1085	17717	16.33
1086	19438	17.90
1087	17110	15.74
1088	17059	15.68
1089	17104	15.71
1090	17063	15.65
1091	17085	15.66
1092	17236	15.78
1093	17949	16.42
1094	18428	16.84
1095	17067	15.59
1096	17538	16.00
1097	17164	15.65
1098	17186	15.65
1099	18960	17.25
1100	17737	16.12
1101	17166	15.59
1102	17434	15.82
1103	17215	15.61
1104	17189	15.57
1105	17233	15.60
1106	17249	15.60
1107	17904	16.17
1108	17321	15.63
1109	17361	15.65
1110	17681	15.93
1111	17386	15.65
1112	18469	16.61
1113	17331	15.57
1114	17362	15.59
1115	17379	15.59
1116	17377	15.57
1117	17406	15.58
1118	17631	15.77
1119	17448	15.59
1120	17665	15.77
1121	17468	15.58
1122	21292	18.98
1123	17510	15.59
1124	17534	15.60
1125	17539	15.59
1126	17546	15.58
1127	17597	15.61
1128	22293	19.76
1129	22411	19.85
1130	17690	15.65
1131	17666	15.62
1132	17745	15.68
1133	17756	15.67
1134	18921	16.69
1135	17800	15.68
1136	17791	15.66
1137	19162	16.85
1138	17745	15.59
1139	17764	15.60
1140	17726	15.55
1141	18269	16.01
1142	41000	35.90
1143	27149	23.75
1144	19959	17.45
1145	17861	15.60
1146	18052	15.75
1147	17859	15.57
1148	18201	15.85
1149	17993	15.66
1150	18014	15.66
1151	18022	15.66
1152	18004	15.63
1153	18653	16.18
1154	21899	18.98
1155	20068	17.37
1156	17989	15.56
1157	17991	15.55
1158	18024	15.56
1159	18023	15.55
1160	23734	20.46
1161	23619	20.34
1162	18207	15.67
1163	18221	15.67
1164	18245	15.67
1165	18260	15.67
1166	18270	15.67
1167	20245	17.35
1168	27734	23.74
1169	21238	18.17
1170	21393	18.28
1171	18345	15.67
1172	18315	15.63
1173	18376	15.67
1174	18380	15.66
1175	18693	15.91
1176	18335	15.59
1177	18547	15.76
1178	18384	15.61
1179	18607	15.78
1180	18365	15.56
1181	19771	16.74
1182	18442	15.60
1183	18415	15.57
1184	18456	15.59
1185	18486	15.60
1186	18482	15.58
1187	18508	15.59
1188	18604	15.66
1189	18689	15.72
1190	18550	15.59
1191	21750	18.26
1192	18610	15.61
1193	18621	15.61
1194	18616	15.59
1195	18615	15.58
1196	18654	15.60
1197	18663	15.59
1198	18674	15.59
1199	18683	15.58
1200	19442	16.20
1201	18709	15.58
1202	18717	15.57
1203	20511	17.05
1204	18836	15.64
1205	18978	15.75
1206	24687	20.47
1207	22816	18.90
1208	19565	16.20
1209	19537	16.16
1210	19520	16.13
1211	20747	17.13
1212	19801	16.34
1213	19833	16.35
1214	19843	16.35
1215	25218	20.76
1216	19024	15.64
1217	19442	15.98
1218	23495	19.29
1219	23572	19.34
1220	20976	17.19
1221	19103	15.65
1222	19137	15.66
1223	19198	15.70
1224	19214	15.70
1225	20307	16.58
1226	23045	18.80
1227	19151	15.61
1228	19141	15.59
1229	24513	19.95
1230	19968	16.23
1231	19273	15.66
1232	21086	17.12
1233	19371	15.71
1234	45708	37.04
1235	24755	20.04
1236	19235	15.56
1237	19249	15.56
1238	19248	15.55
1239	19264	15.55
1240	19272	15.54
1241	19316	15.56
1242	19364	15.59
1243	20779	16.72
1244	20826	16.74
1245	19493	15.66
1246	22069	17.71
1247	20714	16.61
1248	19511	15.63
1249	19506	15.62
1250	19453	15.56
1251	19490	15.58
1252	19663	15.71
1253	19517	15.58
1254	20981	16.73
1255	19545	15.57
1256	19590	15.60
1257	22715	18.07
1258	20410	16.22
1259	26561	21.10
1260	22801	18.10
1261	19660	15.59
1262	19698	15.61
1263	20782	16.45
1264	19681	15.57
1265	19857	15.70
1266	19719	15.58
1267	24413	19.27
1268	19851	15.66
1269	20128	15.86
1270	19881	15.65
1271	19797	15.58
1272	19837	15.60
1273	19835	15.58
1274	19868	15.59
1275	19879	15.59
1276	19969	15.65
1277	20011	15.67
1278	19915	15.58
1279	19944	15.59
1280	20076	15.68
1281	21882	17.08
1282	19998	15.60
1283	19987	15.58
1284	21488	16.74
1285	20054	15.61
1286	20060	15.60
1287	20047	15.58
1288	20037	15.56
1289	20103	15.60
1290	20112	15.59
1291	20155	15.61
1292	21231	16.43
1293	21219	16.41
1294	20272	15.67
1295	20949	16.18
1296	20195	15.58
1297	20210	15.58
1298	20220	15.58
1299	22627	17.42
1300	20546	15.80
1301	20396	15.68
1302	21938	16.85
1303	20388	15.65
1304	20337	15.60
1305	20354	15.60
1306	20448	15.66
1307	20395	15.60
1308	20814	15.91
1309	20409	15.59
1310	21894	16.71
1311	20472	15.62
1312	20441	15.58
1313	20560	15.66
1314	21101	16.06
1315	24528	18.65
1316	20530	15.60
1317	20977	15.93
1318	20644	15.66
1319	20647	15.65
1320	20638	15.63
1321	20668	15.65
1322	22966	17.37
1323	22369	16.91
1324	26008	19.64
1325	22185	16.74
1326	33265	25.09
1327	31402	23.66
1328	21429	16.14
1329	20716	15.59
1330	20762	15.61
1331	21139	15.88
1332	20746	15.58
1333	20771	15.58
1334	22170	16.62
1335	20837	15.61
1336	20841	15.60
1337	20861	15.60
1338	20850	15.58
1339	20884	15.60
1340	21140	15.78
1341	20827	15.53
1342	20928	15.59
1343	20878	15.55
1344	24275	18.06
1345	21419	15.92
1346	21075	15.66
1347	21094	15.66
1348	21007	15.58
1349	21394	15.86
1350	21009	15.56
1351	23523	17.41
1352	21198	15.68
1353	21156	15.64
1354	21311	15.74
1355	21992	16.23
1356	21259	15.68
1357	21352	15.73
1358	21977	16.18
1359	21197	15.60
1360	21706	15.96
1361	24873	18.28
1362	27177	19.95
1363	22591	16.57
1364	22436	16.45
1365	21387	15.67
1366	24081	17.63
1367	24460	17.89
1368	21629	15.81
1369	21344	15.59
1370	21357	15.59
1371	21375	15.59
1372	24124	17.58
1373	22361	16.29
1374	21409	15.58
1375	21774	15.84
1376	21538	15.65
1377	22220	16.14
1378	22120	16.05
1379	22158	16.07
1380	23813	17.26
1381	22247	16.11
1382	21938	15.87
1383	21565	15.59
1384	25262	18.25
1385	22189	16.02
1386	21554	15.55
1387	21535	15.53
1388	21563	15.54
1389	21578	15.53
1390	21619	15.55
1391	21616	15.54
1392	22470	16.14
1393	21642	15.54
1394	26094	18.72
1395	24001	17.21
1396	21855	15.66
1397	21876	15.66
1398	25778	18.44
1399	30083	21.50
1400	23658	16.90
1401	21867	15.61
1402	21889	15.61
1403	26667	19.01
1404	21953	15.64
1405	22035	15.68
1406	22409	15.94
1407	22045	15.67
1408	22029	15.65
1409	22070	15.66
1410	22074	15.66
1411	22080	15.65
1412	22111	15.66
1413	22124	15.66
1414	22066	15.61
1415	22212	15.70
1416	22126	15.63
1417	22185	15.66
1418	22409	15.80
1419	22209	15.65
1420	22780	16.04
1421	22168	15.60
1422	22163	15.59
1423	22767	16.00
1424	32042	22.50
1425	22377	15.70
1426	22339	15.67
1427	45986	32.23
1428	23123	16.19
1429	22280	15.59
1430	22310	15.60
1431	22356	15.62
1432	22353	15.61
1433	27001	18.84
1434	22977	16.02
1435	22294	15.54
1436	22331	15.55
1437	22774	15.85
1438	22326	15.53
1439	22660	15.75
1440	22376	15.54
1441	22611	15.69
1442	22506	15.61
1443	26971	18.69
1444	22522	15.60
1445	22520	15.58
1446	22692	15.69
1447	22973	15.88
1448	27672	19.11
1449	27794	19.18
1450	22592	15.58
1451	22640	15.60
1452	22769	15.68
1453	22650	15.59
1454	22997	15.82
1455	24169	16.61
1456	22708	15.60
1457	22713	15.59
1458	26748	18.35
1459	22755	15.60
1460	22741	15.58
1461	25272	17.30
1462	22812	15.60
1463	22834	15.61
1464	23359	15.96
1465	23708	16.18
1466	24235	16.53
1467	22890	15.60
1468	25633	17.46
1469	24908	16.96
1470	23356	15.89
1471	23004	15.64
1472	22853	15.53
1473	23059	15.65
1474	22864	15.51
1475	22911	15.53
1476	23443	15.88
1477	22915	15.51
1478	22971	15.54
1479	24172	16.34
1480	27541	18.61
1481	36076	24.36
1482	30353	20.48
1483	27334	18.43
1484	24405	16.45
1485	25886	17.43
1486	25120	16.90
1487	23395	15.73
1488	23425	15.74
1489	23197	15.58
1490	23269	15.62
1491	24728	16.58
1492	23275	15.60
1493	23294	15.60
1494	23326	15.61
1495	23303	15.59
1496	24707	16.52
1497	23640	15.79
1498	24264	16.20
1499	25783	17.20
1500	24792	16.53
1501	23435	15.61
1502	23408	15.58
1503	23633	15.72
1504	23474	15.61
1505	23417	15.56
1506	24650	16.37
1507	23531	15.61
1508	23485	15.57
1509	23480	15.56
1510	30904	20.47
1511	25435	16.83
1512	23570	15.59
1513	23557	15.57
1514	23570	15.57
1515	23627	15.60
1516	26624	17.56
1517	23640	15.58
1518	24099	15.88
1519	26028	17.13
1520	23892	15.72
1521	28724	18.88
1522	25470	16.73
1523	23724	15.58
1524	23813	15.63
1525	23782	15.59
1526	23824	15.61
1527	23823	15.60
1528	26460	17.32
1529	24097	15.76
1530	23984	15.68
1531	25205	16.46
1532	30650	20.01
1533	44768	29.20
1534	23931	15.60
1535	23957	15.61
1536	23928	15.58
1537	24270	15.79
1538	23978	15.59
1539	24155	15.70
1540	26595	17.27
1541	24117	15.65
1542	24168	15.67
1543	24059	15.59
1544	24062	15.58
1545	24053	15.57
1546	24212	15.66
1547	24098	15.58
1548	24130	15.59
1549	24139	15.58
1550	24608	15.88
1551	24338	15.69
1552	25281	16.29
1553	25021	16.11
1554	24231	15.59
1555	24229	15.58
1556	24424	15.70
1557	24350	15.64
1558	24308	15.60
1559	27766	17.81
1560	31608	20.26
1561	24352	15.60
1562	24354	15.59
1563	24886	15.92
1564	24424	15.62
1565	24388	15.58
1566	24422	15.60
1567	25967	16.57
1568	24456	15.60
1569	24563	15.66
1570	29076	18.52
1571	24563	15.64
1572	24531	15.60
1573	24533	15.60
1574	24551	15.60
1575	24662	15.66
1576	24558	15.58
1577	24740	15.69
1578	24720	15.67
1579	24658	15.62
1580	24621	15.58
1581	24965	15.79
1582	27793	17.57
1583	24703	15.61
1584	24671	15.58
1585	24714	15.59
1586	24855	15.67
1587	33429	21.06
1588	24746	15.58
1589	24713	15.55
1590	25328	15.93
1591	26968	16.95
1592	24842	15.60
1593	24847	15.60
1594	24862	15.60
1595	24856	15.58
1596	24882	15.59
1597	25156	15.75
1598	24908	15.59
1599	28633	17.91
1600	25505	15.94
1601	24966	15.59
1602	24947	15.57
1603	24988	15.59
1604	25013	15.59
1605	25786	16.07
1606	25036	15.59
1607	25063	15.60
1608	26813	16.67
1609	25088	15.59
1610	25303	15.72
1611	25131	15.60
1612	25137	15.59
1613	25123	15.58
1614	26929	16.68
1615	25195	15.60
1616	25171	15.58
1617	25871	16.00
1618	25352	15.67
1619	25229	15.58
1620	31718	19.58
1621	30633	18.90
1622	25357	15.63
1623	25332	15.61
1624	25326	15.59
1625	25335	15.59
1626	31148	19.16
1627	34332	21.10
1628	34371	21.11
1629	45215	27.76
1630	42392	26.01
1631	25315	15.52
1632	25647	15.72
1633	25379	15.54
1634	25403	15.55
1635	25433	15.56
1636	26887	16.43
1637	25445	15.54
1638	26335	16.08
1639	29378	17.92
1640	25508	15.55
1641	25497	15.54
1642	25747	15.68
1643	25805	15.71
1644	25551	15.54
1645	26192	15.92
1646	25613	15.56
1647	26856	16.31
1648	30331	18.40
1649	25847	15.67
1650	26735	16.20
1651	25748	15.60
1652	25954	15.71
1653	25762	15.58
1654	26231	15.86
1655	26530	16.03
1656	25954	15.67
1657	25954	15.66
1658	26183	15.79
1659	25937	15.63
1660	33335	20.08
1661	37414	22.52
1662	36944	22.23
1663	33466	20.12
1664	36374	21.86
1665	30140	18.10
1666	30174	18.11
1667	27159	16.29
1668	26017	15.60
1669	26031	15.60
1670	28942	17.33
1671	27394	16.39
1672	26117	15.62
1673	28930	17.29
1674	27679	16.53
1675	26057	15.56
1676	26049	15.54
1677	26082	15.55
1678	26033	15.51
1679	26114	15.55
1680	26684	15.88
1681	26258	15.62
1682	26180	15.56
1683	26151	15.54
1684	26189	15.55
1685	26182	15.54
1686	28749	17.05
1687	26398	15.65
1688	26364	15.62
1689	26435	15.65
1690	26369	15.60
1691	26558	15.71
1692	32370	19.13
1693	26411	15.60
1694	26801	15.82
1695	26556	15.67
1696	26549	15.65
1697	26696	15.73
1698	27937	16.45
1699	26498	15.60
1700	27225	16.01
1701	29059	17.08
1702	31963	18.78
1703	27694	16.26
1704	26637	15.63
1705	27999	16.42
1706	26597	15.59
1707	26634	15.60
1708	26741	15.66
1709	28169	16.48
1710	35211	20.59
1711	35638	20.83
1712	27204	15.89
1713	26817	15.65
1714	26825	15.65
1715	28316	16.51
1716	26901	15.68
1717	27213	15.85
1718	28115	16.36
1719	32928	19.16
1720	26819	15.59
1721	26855	15.60
1722	33901	19.69
1723	31914	18.52
1724	27859	16.16
1725	27591	15.99
1726	28405	16.46
1727	64542	37.37
1728	31729	18.36
1729	27568	15.94
1730	27541	15.92
1731	28403	16.41
1732	27492	15.87
1733	27250	15.72
1734	32530	18.76
1735	28021	16.15
1736	29303	16.88
1737	27259	15.69
1738	27350	15.74
1739	27138	15.61
1740	27106	15.58
1741	27264	15.66
1742	27162	15.59
1743	27784	15.94
1744	33978	19.48
1745	27149	15.56
1746	28143	16.12
1747	27230	15.59
1748	27304	15.62
1749	30336	17.34
1750	27371	15.64
1751	27326	15.61
1752	27327	15.60
1753	30357	17.32
1754	28913	16.48
1755	27755	15.81
1756	27487	15.65
1757	27514	15.66
1758	27495	15.64
1759	27797	15.80
1760	27547	15.65
1761	27487	15.61
1762	27500	15.61
1763	27782	15.76
1764	27632	15.66
1765	28157	15.95
1766	27727	15.70
1767	27676	15.66
1768	27751	15.70
1769	28005	15.83
1770	28013	15.83
1771	27714	15.65
1772	27636	15.60
1773	27644	15.59
1774	28046	15.81
1775	27662	15.58
1776	27687	15.59
1777	27729	15.60
1778	31087	17.48
1779	37538	21.10
1780	37567	21.11
1781	31111	17.47
1782	27795	15.60
1783	28310	15.88
1784	27828	15.60
1785	27838	15.60
1786	27879	15.61
1787	29897	16.73
1788	33806	18.91
1789	29122	16.28
1790	28269	15.79
1791	27949	15.61
1792	27930	15.59
1793	27990	15.61
1794	28310	15.78
1795	27986	15.59
1796	33247	18.51
1797	28301	15.75
1798	28038	15.59
1799	28073	15.60
1800	28441	15.80
1801	28725	15.95
1802	28232	15.67
1803	28235	15.66
1804	28368	15.73
1805	28348	15.71
1806	33082	18.32
1807	28637	15.85
1808	28698	15.87
1809	28470	15.74
1810	28250	15.61
1811	36224	20.00
1812	36059	19.90
1813	30366	16.75
1814	29071	16.03
1815	33257	18.32
1816	28319	15.59
1817	29000	15.96
1818	33433	18.39
1819	28392	15.61
1820	28355	15.58
1821	30010	16.48
1822	52371	28.74
1823	38839	21.30
1824	38498	21.11
1825	38516	21.10
1826	30031	16.45
1827	28899	15.82
1828	29398	16.08
1829	28516	15.59
1830	28865	15.77
1831	28542	15.59
1832	28721	15.68
1833	29016	15.83
1834	29132	15.88
1835	28632	15.60
1836	28603	15.58
1837	29130	15.86
1838	31213	16.98
1839	33333	18.13
1840	33362	18.13
1841	36105	19.61
1842	28871	15.67
1843	28753	15.60
1844	28754	15.59
1845	28752	15.58
1846	31107	16.85
1847	31370	16.98
1848	28925	15.65
1849	28955	15.66
1850	29697	16.05
1851	30525	16.49
1852	28900	15.60
1853	28907	15.60
1854	28935	15.61
1855	29745	16.04
1856	29768	16.04
1857	30306	16.32
1858	28982	15.60
1859	38643	20.79
1860	29871	16.06
1861	29755	15.99
1862	29913	16.06
1863	30071	16.14
1864	30244	16.23
1865	29530	15.83
1866	29137	15.61
1867	29123	15.60
1868	30566	16.36
1869	29130	15.59
1870	30397	16.26
1871	31417	16.79
1872	29182	15.59
1873	29237	15.61
1874	30578	16.32
1875	29358	15.66
1876	29258	15.60
1877	29246	15.58
1878	29299	15.60
1879	32827	17.47
1880	30114	16.02
1881	29363	15.61
1882	29419	15.63
1883	29713	15.78
1884	29645	15.74
1885	30199	16.02
1886	29597	15.69
1887	29551	15.66
1888	29578	15.67
1889	29616	15.68
1890	30709	16.25
1891	31390	16.60
1892	29777	15.74
1893	30258	15.98
1894	30306	16.00
1895	29846	15.75
1896	29662	15.64
1897	29517	15.56
1898	29526	15.56
1899	30030	15.81
1900	29923	15.75
1901	32185	16.93
1902	29988	15.77
1903	32562	17.11
1904	30100	15.81
1905	31844	16.72
1906	29840	15.66
1907	29735	15.59
1908	29789	15.61
1909	31269	16.38
1910	30208	15.82
1911	29996	15.70
1912	29841	15.61
1913	29825	15.59
1914	29852	15.60
1915	33839	17.67
1916	36366	18.98
1917	31568	16.47
1918	29898	15.59
1919	30515	15.90
1920	55032	28.66
1921	31784	16.55
1922	30000	15.61
1923	30060	15.63
1924	29958	15.57
1925	31388	16.31
1926	29958	15.55
1927	29968	15.55
1928	30116	15.62
1929	30111	15.61
1930	30128	15.61
1931	30124	15.60
1932	30654	15.87
1933	30167	15.61
1934	37647	19.47
1935	40836	21.10
1936	40874	21.11
1937	37890	19.56
1938	30277	15.62
1939	30314	15.63
1940	31463	16.22
1941	30268	15.59
1942	30267	15.59
1943	30266	15.58
1944	31810	16.36
1945	30348	15.60
1946	30868	15.86
1947	30370	15.60
1948	30447	15.63
1949	30403	15.60
1950	30486	15.63
1951	31368	16.08
1952	36900	18.90
1953	30454	15.59
1954	30484	15.60
1955	30470	15.59
1956	30948	15.82
1957	34771	17.77
1958	31079	15.87
1959	37871	19.33
1960	31442	16.04
1961	30656	15.63
1962	30594	15.59
1963	30589	15.58
1964	32106	16.35
1965	31469	16.01
1966	40390	20.54
1967	30699	15.61
1968	31129	15.82
1969	30724	15.60
1970	30972	15.72
1971	30760	15.61
1972	40902	20.74
1973	30900	15.66
1974	40762	20.65
1975	33508	16.97
1976	30947	15.66
1977	30844	15.60
1978	30853	15.60
1979	32517	16.43
1980	30853	15.58
1981	36265	18.31
1982	36118	18.22
1983	31753	16.01
1984	31011	15.63
1985	34110	17.18
1986	41092	20.69
1987	41938	21.11
1988	42092	21.17
1989	35014	17.60
1990	31121	15.64
1991	31075	15.61
1992	31080	15.60
1993	31856	15.98
1994	31067	15.58
1995	30996	15.54
1996	31013	15.54
1997	30965	15.51
1998	31241	15.64
1999	33245	16.63
2000	32342	16.17
2001	31304	15.64
2002	31381	15.67
2003	31129	15.54
2004	31130	15.53
2005	41210	20.55
2006	33890	16.89
2007	31318	15.60
2008	31368	15.62
2009	31309	15.58
2010	32788	16.31
2011	31381	15.60
2012	32576	16.19
2013	34951	17.36
2014	31478	15.63
2015	36477	18.10
2016	36777	18.24
2017	31497	15.62
2018	31463	15.59
2019	31512	15.61
2020	52965	26.22
2021	37342	18.48
2022	31472	15.56
2023	31466	15.55
2024	31554	15.59
2025	31768	15.69
2026	32303	15.94
2027	31645	15.61
2028	31636	15.60
2029	31661	15.60
2030	31994	15.76
2031	31730	15.62
2032	31606	15.55
2033	31640	15.56
2034	32436	15.95
2035	31996	15.72
2036	31837	15.64
2037	31884	15.65
2038	32302	15.85
2039	32270	15.83
2040	35900	17.60
2041	31826	15.59
2042	31919	15.63
2043	38897	19.04
2044	32608	15.95
2045	32550	15.92
2046	31914	15.60
2047	31882	15.57
2048	32204	15.72
2049	31924	15.58
2050	31961	15.59
2051	32038	15.62
2052	32655	15.91
2053	35533	17.31
2054	32047	15.60
2055	32074	15.61
2056	32044	15.59
2057	32825	15.96
2058	33096	16.08
2059	32227	15.65
2060	33745	16.38
2061	32119	15.58
2062	32134	15.58
2063	32283	15.65
2064	32163	15.58
2065	35562	17.22
2066	33727	16.32
2067	36150	17.49
2068	32261	15.60
2069	32400	15.66
2070	32255	15.58
2071	32271	15.58
2072	34405	16.60
2073	36233	17.48
2074	32533	15.69
2075	34908	16.82
2076	32352	15.58
2077	33348	16.06
2078	32400	15.59
2079	32387	15.58
2080	32462	15.61
2081	34009	16.34
2082	32476	15.60
2083	32463	15.58
2084	32506	15.60
2085	32749	15.71
2086	32567	15.61
2087	32553	15.60
2088	37946	18.17
2089	32503	15.56
2090	33637	16.09
2091	32798	15.69
2092	32539	15.55
2093	36336	17.36
2094	35436	16.92
2095	33569	16.02
2096	33810	16.13
2097	33708	16.07
2098	32854	15.66
2099	32738	15.60
2100	33454	15.93
2101	32878	15.65
2102	33614	15.99
2103	32814	15.60
2104	32855	15.62
2105	32844	15.60
2106	32969	15.65
2107	36498	17.32
2108	32878	15.60
2109	33429	15.85
2110	35933	17.03
2111	33185	15.72
2112	32938	15.60
2113	35293	16.70
2114	33908	16.04
2115	37212	17.59
2116	39409	18.62
2117	55581	26.25
2118	33078	15.62
2119	35101	16.56
2120	35039	16.53
2121	33978	16.02
2122	33257	15.67
2123	33250	15.66
2124	40822	19.22
2125	45437	21.38
2126	46399	21.82
2127	33579	15.79
2128	34712	16.31
2129	33197	15.59
2130	33335	15.65
2131	33353	15.65
2132	36247	17.00
2133	35951	16.85
2134	33270	15.59
2135	33279	15.59
2136	33425	15.65
2137	34815	16.29
2138	36660	17.15
2139	38789	18.13
2140	39499	18.46
2141	35242	16.46
2142	34045	15.89
2143	46109	21.52
2144	39443	18.40
2145	49424	23.04
2146	42687	19.89
2147	36477	16.99
2148	44853	20.88
2149	33957	15.80
2150	34892	16.23
2151	33702	15.67
2152	38587	17.93
2153	33553	15.58
2154	34318	15.93
2155	33516	15.55
2156	34227	15.88
2157	34170	15.84
2158	34967	16.20
2159	35279	16.34
2160	33644	15.58
2161	35151	16.27
2162	34290	15.86
2163	33747	15.60
2164	33854	15.64
2165	33903	15.66
2166	34827	16.08
2167	33824	15.61
2168	33857	15.62
2169	33858	15.61
2170	36229	16.70
2171	33850	15.59
2172	33871	15.59
2173	33938	15.62
2174	34114	15.69
2175	34225	15.74
2176	34414	15.82
2177	33921	15.58
2178	34218	15.71
2179	33966	15.59
2180	33988	15.59
2181	34048	15.61
2182	34029	15.60
2183	35171	16.11
2184	42812	19.60
2185	46081	21.09
2186	45028	20.60
2187	41646	19.04
2188	34144	15.61
2189	34130	15.59
2190	38690	17.67
2191	34194	15.61
2192	34198	15.60
2193	34531	15.75
2194	35683	16.26
2195	34656	15.79
2196	35681	16.25
2197	34281	15.60
2198	34312	15.61
2199	34285	15.59
2200	37502	17.05
2201	39684	18.03
2202	34867	15.83
2203	34738	15.77
2204	34424	15.62
2205	37742	17.12
2206	46522	21.09
2207	39936	18.10
2208	41075	18.60
2209	34384	15.57
2210	34323	15.53
2211	34727	15.71
2212	34480	15.59
2213	34424	15.56
2214	35474	16.02
2215	41286	18.64
2216	34496	15.57
2217	34797	15.70
2218	34641	15.62
2219	34500	15.55
2220	35097	15.81
2221	50807	22.88
2222	47401	21.33
2223	34709	15.61
2224	34787	15.64
2225	34720	15.60
2226	42184	18.95
2227	46961	21.09
2228	36418	16.35
2229	34854	15.64
2230	34838	15.62
2231	35201	15.78
2232	39523	17.71
2233	34910	15.63
2234	34850	15.60
2235	45436	20.33
2236	34943	15.63
2237	34950	15.62
2238	34926	15.61
2239	36391	16.25
2240	34892	15.58
2241	34832	15.54
2242	34896	15.56
2243	34874	15.55
2244	36504	16.27
2245	36533	16.27
2246	34885	15.53
2247	34928	15.54
2248	37247	16.57
2249	39147	17.41
2250	36833	16.37
2251	47862	21.26
2252	44036	19.55
2253	35185	15.62
2254	35141	15.59
2255	35169	15.60
2256	35548	15.76
2257	35346	15.66
2258	35349	15.66
2259	35325	15.64
2260	36313	16.07
2261	37620	16.64
2262	35676	15.77
2263	35330	15.61
2264	35315	15.60
2265	36873	16.28
2266	35390	15.62
2267	35337	15.59
2268	35351	15.59
2269	39490	17.40
2270	35570	15.67
2271	35609	15.68
2272	35435	15.60
2273	36903	16.24
2274	35655	15.68
2275	35463	15.59
2276	42148	18.52
2277	35524	15.60
2278	35516	15.59
2279	35573	15.61
2280	35567	15.60
2281	40736	17.86
2282	41314	18.10
2283	40062	17.55
2284	36436	15.95
2285	36341	15.90
2286	37467	16.39
2287	36265	15.86
2288	37094	16.21
2289	38746	16.93
2290	39625	17.30
2291	36166	15.79
2292	38359	16.74
2293	39404	17.18
2294	52507	22.89
2295	41552	18.11
2296	47823	20.83
2297	35835	15.60
2298	36235	15.77
2299	35830	15.59
2300	37147	16.15
2301	36073	15.68
2302	35903	15.60
2303	37711	16.37
2304	36044	15.64
2305	36192	15.70
2306	36211	15.70
2307	36068	15.63
2308	36729	15.91
2309	36570	15.84
2310	36019	15.59
2311	36018	15.59
2312	38625	16.71
2313	36058	15.59
2314	43290	18.71
2315	56916	24.59
2316	46477	20.07
2317	38576	16.65
2318	36111	15.58
2319	36185	15.60
2320	36171	15.59
2321	36204	15.60
2322	44131	19.01
2323	38916	16.75
2324	36348	15.64
2325	36444	15.67
2326	36379	15.64
2327	36339	15.62
2328	36302	15.59
2329	40983	17.60
2330	36746	15.77
2331	36547	15.68
2332	37785	16.20
2333	36427	15.61
2334	36290	15.55
2335	38704	16.58
2336	38060	16.29
2337	36492	15.61
2338	36846	15.76
2339	36790	15.73
2340	38197	16.32
2341	36623	15.64
2342	37633	16.07
2343	36575	15.61
2344	37056	15.81
2345	37212	15.87
2346	36823	15.70
2347	36756	15.66
2348	37174	15.83
2349	36634	15.60
2350	36653	15.60
2351	38300	16.29
2352	36688	15.60
2353	38917	16.54
2354	40454	17.19
2355	43860	18.62
2356	38644	16.40
2357	36760	15.60
2358	37979	16.11
2359	37725	15.99
2360	36828	15.61
2361	36829	15.60
2362	36914	15.63
2363	36848	15.59
2364	42041	17.78
2365	36903	15.60
2366	36882	15.59
2367	36899	15.59
2368	42838	18.09
2369	41413	17.48
2370	37062	15.64
2371	37735	15.92
2372	36895	15.55
2373	38324	16.15
2374	36923	15.55
2375	42205	17.77
2376	38205	16.08
2377	36962	15.55
2378	36978	15.55
2379	38329	16.11
2380	38487	16.17
2381	42380	17.80
2382	37904	15.91
2383	37263	15.64
2384	37163	15.59
2385	37180	15.59
2386	37194	15.59
2387	38088	15.96
2388	37381	15.65
2389	37784	15.82
2390	38054	15.92
2391	37410	15.65
2392	37437	15.65
2393	43757	18.29
2394	37210	15.54
2395	38340	16.01
2396	37522	15.66
2397	38953	16.25
2398	38203	15.93
2399	38450	16.03
2400	40248	16.77
2401	37319	15.54
2402	37327	15.54
2403	38029	15.83
2404	38932	16.19
2405	37510	15.60
2406	37556	15.61
2407	45238	18.79
2408	50778	21.09
2409	39214	16.28
2410	47223	19.59
2411	38393	15.92
2412	43446	18.01
2413	43417	17.99
2414	46231	19.15
2415	37669	15.60
2416	37683	15.60
2417	38905	16.10
2418	37754	15.61
2419	48128	19.90
2420	40756	16.84
2421	67404	27.84
2422	40297	16.64
2423	38099	15.72
2424	38180	15.75
2425	39814	16.42
2426	38275	15.78
2427	38084	15.69
2428	38018	15.66
2429	39694	16.34
2430	38047	15.66
2431	37950	15.61
2432	40688	16.73
2433	41597	17.10
2434	38073	15.64
2435	38018	15.61
2436	37964	15.58
2437	40226	16.51
2438	40764	16.72
2439	38076	15.61
2440	38484	15.77
2441	38051	15.59
2442	39512	16.18
2443	48100	19.69
2444	50360	20.61
2445	43874	17.94
2446	38762	15.85
2447	38699	15.81
2448	38308	15.65
2449	39094	15.96
2450	50186	20.48
2451	38430	15.68
2452	38509	15.71
2453	38403	15.66
2454	39074	15.92
2455	40044	16.31
2456	40546	16.51
2457	39320	16.00
2458	38349	15.60
2459	38562	15.68
2460	38397	15.61
2461	38536	15.66
2462	38382	15.59
2463	38489	15.63
2464	38556	15.65
2465	43160	17.51
2466	39654	16.08
2467	38518	15.61
2468	40912	16.58
2469	39897	16.16
2470	38539	15.60
2471	38616	15.63
2472	38726	15.67
2473	38671	15.64
2474	38771	15.67
2475	38860	15.70
2476	38666	15.62
2477	38951	15.73
2478	40080	16.17
2479	38624	15.58
2480	38660	15.59
2481	42346	17.07
2482	38768	15.62
2483	38850	15.65
2484	43631	17.56
2485	38719	15.58
2486	39574	15.92
2487	40636	16.34
2488	41627	16.73
2489	38829	15.60
2490	38780	15.57
2491	38906	15.62
2492	39093	15.69
2493	39581	15.88
2494	41664	16.71
2495	38994	15.63
2496	39109	15.67
2497	39049	15.64
2498	38897	15.57
2499	39646	15.86
2500	44277	17.71
2501	39124	15.64
2502	39168	15.65
2503	38806	15.50
2504	38890	15.53
2505	39440	15.74
2506	42496	16.96
2507	40954	16.34
2508	39132	15.60
2509	39258	15.65
2510	40753	16.24
2511	42517	16.93
2512	44629	17.77
2513	40905	16.28
2514	39241	15.61
2515	39245	15.60
2516	39236	15.59
2517	39301	15.61
2518	58964	23.42
2519	40908	16.24
2520	39481	15.67
2521	39976	15.86
2522	41961	16.64
2523	39843	15.79
2524	42751	16.94
2525	39823	15.77
2526	39480	15.63
2527	39650	15.69
2528	39485	15.62
2529	40195	15.89
2530	39560	15.64
2531	41116	16.24
2532	39460	15.58
2533	42052	16.60
2534	39610	15.63
2535	47268	18.65
2536	44556	17.57
2537	40843	16.10
2538	40360	15.90
2539	39546	15.58
2540	39591	15.59
2541	39656	15.61
2542	39640	15.59
2543	43109	16.95
2544	39648	15.58
2545	39731	15.61
2546	39727	15.60
2547	41611	16.34
2548	39787	15.61
2549	39765	15.60
2550	40099	15.73
2551	39908	15.64
2552	39811	15.60
2553	39808	15.59
2554	39822	15.59
2555	41757	16.34
2556	39940	15.63
2557	39925	15.61
2558	41777	16.33
2559	42326	16.54
2560	40134	15.68
2561	44216	17.27
2562	41504	16.20
2563	39987	15.60
2564	40019	15.61
2565	43866	17.10
2566	47130	18.37
2567	41638	16.22
2568	40646	15.83
2569	40673	15.83
2570	40088	15.60
2571	40126	15.61
2572	40638	15.80
2573	40586	15.77
2574	43700	16.98
2575	54317	21.09
2576	55904	21.70
2577	40385	15.67
2578	41709	16.18
2579	41265	16.00
2580	40912	15.86
2581	40459	15.68
2582	40292	15.60
2583	40326	15.61
2584	48872	18.91
2585	45334	17.54
2586	40703	15.74
2587	41006	15.85
2588	41731	16.12
2589	40425	15.61
2590	40434	15.61
2591	46467	17.93
2592	54667	21.09
2593	43762	16.88
2594	40927	15.78
2595	40544	15.62
2596	41386	15.94
2597	44541	17.15
2598	40597	15.63
2599	40923	15.75
2600	42452	16.33
2601	42729	16.43
2602	48763	18.74
2603	40476	15.55
2604	40518	15.56
2605	40535	15.56
2606	40560	15.56
2607	45112	17.30
2608	40736	15.62
2609	40748	15.62
2610	40733	15.61
2611	40940	15.68
2612	47791	18.30
2613	63395	24.26
2614	44298	16.95
2615	41266	15.78
2616	41049	15.69
2617	40822	15.60
2618	41085	15.69
2619	40920	15.62
2620	45022	17.18
2621	40961	15.63
2622	41153	15.70
2623	40932	15.61
2624	41119	15.67
2625	41321	15.74
2626	41118	15.66
2627	40957	15.59
2628	44612	16.98
2629	41742	15.88
2630	43085	16.38
2631	52846	20.09
2632	47527	18.06
2633	41083	15.60
2634	41590	15.79
2635	41137	15.61
2636	41026	15.56
2637	41944	15.91
2638	41320	15.66
2639	45209	17.13
2640	41065	15.55
2641	41126	15.57
2642	45004	17.03
2643	42414	16.05
2644	41262	15.61
2645	41907	15.84
2646	41346	15.63
2647	41344	15.62
2648	41343	15.61
2649	44267	16.71
2650	41344	15.60
2651	41366	15.60
2652	41499	15.65
2653	54839	20.67
2654	48635	18.33
2655	41446	15.61
2656	42547	16.02
2657	41466	15.61
2658	41792	15.72
2659	41534	15.62
2660	42236	15.88
2661	41693	15.67
2662	41850	15.72
2663	44105	16.56
2664	41573	15.61
2665	42671	16.01
2666	41592	15.60
2667	43080	16.15
2668	41771	15.66
2669	41822	15.67
2670	43889	16.44
2671	50176	18.79
2672	56067	20.98
2673	42169	15.78
2674	41673	15.58
2675	41773	15.62
2676	41757	15.60
2677	42130	15.74
2678	41784	15.60
2679	42843	15.99
2680	41777	15.59
2681	44294	16.52
2682	46115	17.19
2683	43842	16.34
2684	41950	15.63
2685	43552	16.22
2686	42480	15.82
2687	42004	15.63
2688	42097	15.66
2689	42436	15.78
2690	45779	17.02
2691	42224	15.69
2692	41973	15.59
2693	43191	16.04
2694	42062	15.61
2695	42065	15.61
2696	43425	16.11
2697	51746	19.19
2698	51460	19.07
2699	42924	15.90
2700	44402	16.45
2701	43882	16.25
2702	42535	15.74
2703	42864	15.86
2704	42926	15.88
2705	46961	17.36
2706	42642	15.76
2707	42120	15.56
2708	51403	18.98
2709	57173	21.10
2710	57484	21.21
2711	52600	19.40
2712	42502	15.67
2713	42653	15.72
2714	42413	15.63
2715	42389	15.61
2716	43763	16.11
2717	67809	24.96
2718	42462	15.62
2719	42448	15.61
2720	56752	20.86
2721	49188	18.08
2722	42935	15.77
2723	43324	15.91
2724	42552	15.62
2725	44342	16.27
2726	42905	15.74
2727	43922	16.11
2728	56818	20.83
2729	57562	21.09
2730	51182	18.75
2731	44237	16.20
2732	42784	15.66
2733	52854	19.34
2734	57717	21.11
2735	57722	21.10
2736	49512	18.10
2737	42767	15.63
2738	44259	16.16
2739	43621	15.93
2740	42960	15.68
2741	46323	16.90
2742	42960	15.67
2743	44014	16.05
2744	44118	16.08
2745	43756	15.94
2746	47677	17.36
2747	42846	15.60
2748	42913	15.62
2749	46564	16.94
2750	43088	15.67
2751	50985	18.53
2752	42956	15.61
2753	43065	15.64
2754	48613	17.65
2755	46910	17.03
2756	43463	15.77
2757	44069	15.98
2758	44697	16.21
2759	43205	15.66
2760	46150	16.72
2761	43086	15.61
2762	43447	15.73
2763	45671	16.53
2764	43269	15.65
2765	43221	15.63
2766	48240	17.44
2767	43332	15.66
2768	43656	15.77
2769	43278	15.63
2770	45900	16.57
2771	43710	15.77
2772	43386	15.65
2773	43725	15.77
2774	43833	15.80
2775	43358	15.62
2776	43632	15.72
2777	43744	15.75
2778	43349	15.60
2779	43582	15.68
2780	46351	16.67
2781	43419	15.61
2782	43519	15.64
2783	50496	18.14
2784	43440	15.60
2785	43461	15.61
2786	45378	16.29
2787	44001	15.79
2788	44003	15.78
2789	43721	15.68
2790	48988	17.56
2791	43810	15.70
2792	43573	15.61
2793	43644	15.63
2794	47696	17.07
2795	44227	15.82
2796	44141	15.79
2797	43809	15.66
2798	43689	15.61
2799	44732	15.98
2800	45009	16.07
2801	43688	15.60
2802	43805	15.63
2803	44113	15.74
2804	43645	15.57
2805	43966	15.67
2806	43658	15.56
2807	43688	15.56
2808	44066	15.69
2809	43716	15.56
2810	46728	16.63
2811	49041	17.45
2812	43794	15.57
2813	44333	15.76
2814	72968	25.93
2815	80705	28.67
2816	62041	22.03
2817	51076	18.13
2818	51779	18.37
2819	46924	16.65
2820	48114	17.06
2821	44421	15.75
2822	44262	15.68
2823	44112	15.63
2824	45067	15.96
2825	52344	18.53
2826	44191	15.64
2827	44428	15.72
2828	46101	16.30
2829	48067	16.99
2830	51836	18.32
2831	47239	16.69
2832	44237	15.62
2833	44243	15.62
2834	44540	15.72
2835	44746	15.78
2836	44321	15.63
2837	44583	15.71
2838	44510	15.68
2839	44738	15.76
2840	44837	15.79
2841	44839	15.78
2842	44445	15.64
2843	44410	15.62
2844	44569	15.67
2845	45040	15.83
2846	44436	15.61
2847	47499	16.68
2848	46064	16.17
2849	44478	15.61
2850	44521	15.62
2851	44478	15.60
2852	56017	19.64
2853	51759	18.14
2854	45029	15.78
2855	46144	16.16
2856	44539	15.59
2857	47544	16.64
2858	44885	15.71
2859	45572	15.94
2860	44863	15.69
2861	44579	15.58
2862	44799	15.65
2863	56286	19.66
2864	49369	17.24
2865	45162	15.76
2866	46110	16.09
2867	46402	16.18
2868	46049	16.06
2869	45001	15.69
2870	45437	15.83
2871	44814	15.61
2872	48433	16.86
2873	45022	15.67
2874	45003	15.66
2875	44935	15.63
2876	47298	16.45
2877	46988	16.33
2878	46419	16.13
2879	46024	15.99
2880	45261	15.72
2881	45120	15.66
2882	45670	15.85
2883	44887	15.57
2884	44924	15.58
2885	44896	15.56
2886	47654	16.51
2887	45124	15.63
2888	45073	15.61
2889	50279	17.40
2890	45689	15.81
2891	45816	15.85
2892	49212	17.02
2893	45368	15.68
2894	45298	15.65
2895	46804	16.17
2896	48163	16.63
2897	45294	15.63
2898	45413	15.67
2899	45439	15.67
2900	50033	17.25
2901	45248	15.60
2902	52173	17.98
2903	45918	15.82
2904	45599	15.70
2905	46234	15.92
2906	45565	15.68
2907	47551	16.36
2908	45437	15.62
2909	45439	15.62
2910	49937	17.16
2911	55281	18.99
2912	45485	15.62
2913	45507	15.62
2914	45515	15.62
2915	46977	16.12
2916	67217	23.05
2917	46887	16.07
2918	48110	16.49
2919	46134	15.80
2920	47753	16.35
2921	56139	19.22
2922	45907	15.71
2923	46914	16.05
2924	46627	15.95
2925	47122	16.11
2926	48779	16.67
2927	46552	15.90
2928	46083	15.74
2929	45709	15.61
2930	45762	15.62
2931	45711	15.60
2932	47027	16.04
2933	47046	16.04
2934	47824	16.30
2935	45903	15.64
2936	49634	16.91
2937	57717	19.65
2938	46382	15.79
2939	48119	16.37
2940	46053	15.66
2941	58382	19.85
2942	56597	19.24
2943	46088	15.66
2944	46124	15.67
2945	46491	15.79
2946	45999	15.61
2947	45948	15.59
2948	46098	15.64
2949	46146	15.65
2950	46083	15.62
2951	46064	15.61
2952	52599	17.82
2953	46117	15.62
2954	46208	15.64
2955	46519	15.74
2956	47166	15.96
2957	52281	17.68
2958	48271	16.32
2959	46538	15.73
2960	48574	16.41
2961	49995	16.88
2962	48334	16.32
2963	46822	15.80
2964	55832	18.84
2965	62751	21.16
2966	55528	18.72
2967	46924	15.82
2968	47329	15.95
2969	50647	17.06
2970	46457	15.64
2971	46956	15.80
2972	46567	15.67
2973	47662	16.03
2974	47644	16.02
2975	46427	15.61
2976	46466	15.61
2977	47683	16.02
2978	46521	15.62
2979	46568	15.63
2980	50833	17.06
2981	46517	15.60
2982	46837	15.71
2983	51064	17.12
2984	46611	15.62
2985	46685	15.64
2986	50088	16.77
2987	46836	15.68
2988	46554	15.58
2989	47805	15.99
2990	47199	15.79
2991	47357	15.83
2992	46922	15.68
2993	47154	15.75
2994	50361	16.82
2995	47089	15.72
2996	46644	15.57
2997	47049	15.70
2998	47622	15.88
2999	51986	17.33
3000	48163	16.05
3001	47537	15.84
3002	46802	15.59
3003	46889	15.61
3004	48825	16.25
3005	46909	15.61
3006	47006	15.64
3007	47469	15.79
3008	47854	15.91
3009	47159	15.67
3010	48632	16.16
3011	51366	17.06
3012	47009	15.61
3013	52948	17.57
3014	64350	21.35
3015	47281	15.68
3016	47218	15.66
3017	50787	16.83
3018	48530	16.08
3019	53847	17.84
3020	47159	15.62
3021	47623	15.76
3022	47757	15.80
3023	47331	15.66
3024	48677	16.10
3025	47397	15.67
3026	58271	19.26
3027	47058	15.55
3028	47901	15.82
3029	49563	16.36
3030	47687	15.74
3031	47499	15.67
3032	47521	15.67
3033	47486	15.66
3034	47876	15.78
3035	47536	15.66
3036	47372	15.60
3037	47463	15.63
3038	47808	15.74
3039	47429	15.61
3040	47437	15.60
3041	47625	15.66
3042	47586	15.64
3043	47481	15.60
3044	49234	16.17
3045	55743	18.31
3046	47781	15.69
3047	48185	15.81
3048	48898	16.04
3049	54489	17.87
3050	48550	15.92
3051	47692	15.63
3052	49132	16.10
3053	54189	17.75
3054	53154	17.40
3055	47845	15.66
3056	47771	15.63
3057	49505	16.19
3058	47785	15.63
3059	48620	15.89
3060	47941	15.67
3061	47821	15.62
3062	55750	18.21
3063	49375	16.12
3064	51406	16.78
3065	49398	16.12
3066	50851	16.59
3067	49357	16.09
3068	47897	15.61
3069	48770	15.89
3070	48072	15.66
3071	49358	16.07
3072	48404	15.76
3073	47973	15.61
3074	48061	15.63
3075	48094	15.64
3076	48361	15.72
3077	49532	16.10
3078	48071	15.62
3079	48133	15.63
3080	51572	16.74
3081	48674	15.80
3082	48091	15.60
3083	48823	15.84
3084	58113	18.84
3085	49547	16.06
3086	48361	15.67
3087	48205	15.62
3088	48444	15.69
3089	54399	17.61
3090	48224	15.61
3091	48583	15.72
3092	48283	15.62
3093	48299	15.62
3094	51139	16.53
3095	48537	15.68
3096	48500	15.67
3097	48516	15.67
3098	48451	15.64
3099	48583	15.68
3100	50032	16.14
3101	48593	15.67
3102	48709	15.70
3103	48449	15.61
3104	48616	15.66
3105	48452	15.60
3106	48545	15.63
3107	53627	17.26
3108	48651	15.65
3109	50706	16.31
3110	55701	17.91
3111	49802	16.01
3112	49574	15.93
3113	52420	16.84
3114	79919	25.66
3115	52228	16.77
3116	49262	15.81
3117	48745	15.64
3118	51450	16.50
3119	64967	20.83
3120	49551	15.88
3121	48785	15.63
3122	50241	16.09
3123	48713	15.60
3124	51029	16.33
3125	53525	17.13
3126	48946	15.66
3127	48923	15.65
3128	52581	16.81
3129	62255	19.90
3130	48960	15.64
3131	50918	16.26
3132	49053	15.66
3133	51294	16.37
3134	49105	15.67
3135	49126	15.67
3136	54656	17.43
3137	61003	19.45
3138	62791	20.01
3139	49555	15.79
3140	50861	16.20
3141	52894	16.84
3142	50852	16.18
3143	53069	16.88
3144	49997	15.90
3145	49497	15.74
3146	49114	15.61
3147	49238	15.65
3148	49127	15.61
3149	49187	15.62
3150	52054	16.53
3151	51599	16.38
3152	51022	16.19
3153	50724	16.09
3154	50802	16.11
3155	49191	15.59
3156	49293	15.62
3157	49338	15.63
3158	49302	15.61
3159	51993	16.46
3160	49300	15.60
3161	49333	15.61
3162	53578	16.94
3163	49591	15.68
3164	62918	19.89
3165	54439	17.20
3166	49476	15.63
3167	49434	15.61
3168	52043	16.43
3169	49766	15.70
3170	49801	15.71
3171	50717	15.99
3172	53627	16.91
3173	49653	15.65
3174	49743	15.67
3175	60049	18.91
3176	55854	17.59
3177	52730	16.60
3178	53485	16.83
3179	49657	15.62
3180	52186	16.41
3181	49705	15.63
3182	55268	17.37
3183	50678	15.92
3184	49929	15.68
3185	54340	17.06
3186	52742	16.55
3187	50755	15.93
3188	51320	16.10
3189	49822	15.62
3190	49824	15.62
3191	49836	15.62
3192	49960	15.65
3193	66468	20.82
3194	63293	19.82
3195	49822	15.59
3196	49744	15.56
3197	49772	15.57
3198	49741	15.55
3199	50084	15.66
3200	51785	16.18
3201	52103	16.28
3202	50989	15.92
3203	51087	15.95
3204	50019	15.61
3205	53439	16.67
3206	50980	15.90
3207	54565	17.01
3208	50111	15.62
3209	50148	15.63
3210	55648	17.34
3211	51163	15.93
3212	50142	15.61
3213	51658	16.08
3214	54213	16.87
3215	65559	20.39
3216	50786	15.79
3217	50290	15.63
3218	50461	15.68
3219	55852	17.35
3220	50389	15.65
3221	50462	15.67
3222	50772	15.76
3223	50364	15.63
3224	52987	16.44
3225	56654	17.57
3226	67986	21.07
3227	64055	19.85
3228	51698	16.02
3229	51810	16.05
3230	50892	15.76
3231	50456	15.62
3232	50390	15.59
3233	51160	15.82
3234	50453	15.60
3235	50798	15.70
3236	53700	16.59
3237	51164	15.81
3238	54887	16.95
3239	50713	15.66
3240	50560	15.60
3241	50544	15.60
3242	50624	15.62
3243	51038	15.74
3244	52577	16.21
3245	53648	16.53
3246	50961	15.70
3247	50697	15.61
3248	57150	17.60
3249	50567	15.56
3250	50799	15.63
3251	52121	16.03
3252	50625	15.57
3253	55922	17.19
3254	50954	15.66
3255	51341	15.77
3256	50807	15.60
3257	51234	15.73
3258	56067	17.21
3259	50877	15.61
3260	51679	15.85
3261	52640	16.14
3262	53797	16.49
3263	51151	15.68
3264	51438	15.76
3265	50929	15.60
3266	50941	15.60
3267	55048	16.85
3268	50878	15.57
3269	51668	15.81
3270	58275	17.82
3271	54198	16.57
3272	51420	15.72
3273	51267	15.66
3274	51141	15.62
3275	51145	15.62
3276	52009	15.88
3277	52168	15.92
3278	51967	15.85
3279	60202	18.36
3280	52204	15.92
3281	62892	19.17
3282	51165	15.59
3283	51397	15.66
3284	51420	15.66
3285	51278	15.61
3286	52394	15.94
3287	52538	15.98
3288	51491	15.66
3289	51702	15.72
3290	51405	15.62
3291	51292	15.59
3292	53743	16.33
3293	51632	15.68
3294	51563	15.65
3295	54938	16.67
3296	54322	16.48
3297	51445	15.60
3298	51513	15.62
3299	52525	15.92
3300	58194	17.63
3301	52419	15.88
3302	51519	15.60
3303	53520	16.20
3304	58657	17.75
3305	51800	15.67
3306	51653	15.62
3307	51693	15.63
3308	54706	16.54
3309	55772	16.85
3310	59580	18.00
3311	52091	15.73
3312	53168	16.05
3313	72597	21.91
3314	54383	16.41
3315	53490	16.14
3316	52150	15.73
3317	52833	15.93
3318	51813	15.62
3319	51642	15.56
3320	54767	16.50
3321	53689	16.17
3322	55471	16.70
3323	52166	15.70
3324	52819	15.89
3325	51782	15.57
3326	51808	15.58
3327	52069	15.65
3328	55658	16.72
3329	56156	16.87
3330	52240	15.69
3331	57050	17.13
3332	53904	16.18
3333	51949	15.59
3334	51965	15.59
3335	51985	15.59
3336	52140	15.63
3337	53992	16.18
3338	52505	15.73
3339	52262	15.65
3340	58040	17.38
3341	52466	15.70
3342	52708	15.77
3343	52134	15.59
3344	52236	15.62
3345	52393	15.66
3346	55689	16.64
3347	70453	21.05
3348	71986	21.50
3349	54646	16.32
3350	53142	15.86
3351	52393	15.64
3352	52398	15.63
3353	53731	16.02
3354	54580	16.27
3355	52228	15.57
3356	54667	16.29
3357	52496	15.64
3358	52249	15.56
3359	54774	16.31
3360	52523	15.63
3361	59272	17.64
3362	52867	15.72
3363	61516	18.29
3364	52733	15.68
3365	52556	15.62
3366	52729	15.67
3367	52646	15.64
3368	53566	15.90
3369	53576	15.90
3370	53668	15.93
3371	53941	16.00
3372	52679	15.62
3373	54136	16.05
3374	52783	15.64
3375	52741	15.63
3376	52633	15.59
3377	52725	15.61
3378	56829	16.82
3379	53552	15.85
3380	52947	15.66
3381	52968	15.67
3382	54691	16.17
3383	53125	15.70
3384	53537	15.82
3385	54181	16.01
3386	56183	16.59
3387	52906	15.62
3388	53124	15.68
3389	52836	15.59
3390	53409	15.75
3391	57528	16.96
3392	52769	15.56
3393	53216	15.68
3394	58246	17.16
3395	54893	16.17
3396	53319	15.70
3397	53181	15.66
3398	53517	15.75
3399	59886	17.62
3400	53784	15.82
3401	53081	15.61
3402	54013	15.88
3403	53303	15.66
3404	60714	17.84
3405	57002	16.74
3406	53312	15.65
3407	53896	15.82
3408	53288	15.64
3409	61262	17.97
3410	56433	16.55
3411	53951	15.82
3412	53510	15.68
3413	53311	15.62
3414	55954	16.39
3415	78603	23.02
3416	53128	15.55
3417	55041	16.11
3418	58188	17.02
3419	53984	15.79
3420	53543	15.66
3421	53587	15.66
3422	54404	15.90
3423	60159	17.57
3424	53564	15.64
3425	53471	15.61
3426	54730	15.97
3427	59279	17.30
3428	54226	15.82
3429	53595	15.63
3430	55272	16.11
3431	53793	15.68
3432	54628	15.92
3433	55275	16.10
3434	59483	17.32
3435	53825	15.67
3436	62428	18.17
3437	68856	20.03
3438	53645	15.60
3439	54159	15.75
3440	54012	15.70
3441	53859	15.65
3442	57936	16.83
3443	54254	15.76
3444	53729	15.60
3445	58444	16.96
3446	54541	15.83
3447	53816	15.61
3448	53890	15.63
3449	54753	15.88
3450	54046	15.67
3451	56513	16.38
3452	57484	16.65
3453	54133	15.68
3454	59858	17.33
3455	54629	15.81
3456	53961	15.61
3457	53846	15.58
3458	57373	16.59
3459	53846	15.57
3460	53849	15.56
3461	53902	15.57
3462	54533	15.75
3463	59535	17.19
3464	68814	19.87
3465	54278	15.66
3466	57146	16.49
3467	57503	16.59
3468	54156	15.62
3469	54286	15.65
3470	54205	15.62
3471	56874	16.39
3472	54951	15.83
3473	54427	15.67
3474	58788	16.92
3475	54233	15.61
3476	55445	15.95
3477	54286	15.61
3478	54400	15.64
3479	55023	15.82
3480	55613	15.98
3481	55521	15.95
3482	63242	18.16
3483	55078	15.81
3484	54281	15.58
3485	55714	15.99
3486	54416	15.61
3487	54493	15.63
3488	54709	15.68
3489	56358	16.15
3490	54636	15.66
3491	57892	16.58
3492	54525	15.61
3493	54573	15.62
3494	54949	15.73
3495	54821	15.69
3496	57175	16.35
3497	54606	15.62
3498	61464	17.57
3499	54781	15.66
3500	55185	15.77
3501	54745	15.64
3502	54623	15.60
3503	59153	16.89
3504	56174	16.03
3505	56641	16.16
3506	58683	16.74
3507	57813	16.49
3508	55161	15.72
3509	63374	18.06
3510	55648	15.85
3511	55622	15.84
3512	68239	19.43
3513	78881	22.45
3514	58267	16.58
3515	54852	15.61
3516	56131	15.96
3517	56578	16.09
3518	55328	15.73
3519	55088	15.65
3520	55475	15.76
3521	58880	16.72
3522	55157	15.66
3523	55126	15.65
3524	61254	17.38
3525	57176	16.22
3526	55617	15.77
3527	56501	16.02
3528	55817	15.82
3529	57070	16.17
3530	54937	15.56
3531	56307	15.95
3532	56594	16.02
3533	58397	16.53
3534	55152	15.61
3535	55028	15.57
3536	55020	15.56
3537	57552	16.27
3538	55128	15.58
3539	55441	15.67
3540	56761	16.03
3541	61137	17.27
3542	64933	18.33
3543	55333	15.62
3544	56255	15.87
3545	56496	15.94
3546	55388	15.62
3547	59669	16.82
3548	55335	15.60
3549	55239	15.56
3550	56041	15.79
3551	55340	15.58
3552	55492	15.62
3553	59588	16.77
3554	59622	16.78
3555	58239	16.38
3556	55508	15.61
3557	55667	15.65
3558	56284	15.82
3559	57582	16.18
3560	58709	16.49
3561	56240	15.79
3562	55421	15.56
3563	59682	16.75
3564	57122	16.03
3565	75201	21.09
3566	75070	21.05
3567	75496	21.17
3568	57699	16.17
3569	56185	15.74
3570	58163	16.29
3571	55711	15.60
3572	55695	15.59
3573	56641	15.85
3574	56563	15.83
3575	55987	15.66
3576	61072	17.08
3577	55802	15.60
3578	56791	15.87
3579	55890	15.62
3580	58743	16.41
3581	56027	15.65
3582	57395	16.02
3583	59468	16.60
3584	61299	17.10
3585	59549	16.61
3586	56005	15.62
3587	56033	15.62
3588	56869	15.85
3589	58813	16.39
3590	66178	18.43
3591	57986	16.15
3592	74133	20.64
3593	65101	18.12
3594	60994	16.97
3595	56103	15.61
3596	56136	15.61
3597	56838	15.80
3598	59781	16.62
3599	56289	15.64
3600	58656	16.29
3601	57655	16.01
3602	56573	15.71
3603	57537	15.97
3604	56452	15.66
3605	60024	16.65
3606	59510	16.50
3607	56299	15.61
3608	58311	16.16
3609	81092	22.47
3610	69593	19.28
3611	62584	17.33
3612	56382	15.61
3613	57804	16.00
3614	56432	15.61
3615	56654	15.67
3616	56418	15.60
3617	57126	15.79
3618	61466	16.99
3619	57239	15.82
3620	59274	16.37
3621	59345	16.39
3622	58671	16.20
3623	57933	15.99
3624	56515	15.59
3625	59280	16.35
3626	57515	15.86
3627	57574	15.87
3628	57343	15.81
3629	58257	16.05
3630	57339	15.80
3631	56654	15.60
3632	56892	15.66
3633	67332	18.53
3634	76518	21.06
3635	61743	16.99
3636	59249	16.30
3637	56736	15.60
3638	57236	15.73
3639	74928	20.59
3640	76753	21.09
3641	61851	16.99
3642	57034	15.66
3643	63168	17.34
3644	56944	15.63
3645	56920	15.62
3646	58247	15.98
3647	63956	17.54
3648	57133	15.66
3649	56774	15.56
3650	57286	15.69
3651	57083	15.63
3652	58636	16.06
3653	57176	15.65
3654	74162	20.30
3655	59340	16.24
3656	57002	15.59
3657	57130	15.62
3658	57980	15.85
3659	61867	16.91
3660	59174	16.17
3661	57927	15.82
3662	57162	15.61
3663	57569	15.72
3664	57429	15.67
3665	69600	18.99
3666	77410	21.12
3667	58183	15.87
3668	61304	16.71
3669	58274	15.88
3670	59556	16.23
3671	57866	15.76
3672	58636	15.97
3673	66188	18.02
3674	59959	16.32
3675	70737	19.25
3676	61437	16.71
3677	57933	15.76
3678	59689	16.23
3679	58003	15.77
3680	57552	15.64
3681	57746	15.69
3682	58500	15.89
3683	57698	15.67
3684	57876	15.71
3685	58519	15.88
3686	57844	15.69
3687	57577	15.62
3688	62955	17.07
3689	61155	16.58
3690	57630	15.62
3691	58403	15.82
3692	64927	17.59
3693	58378	15.81
3694	59152	16.01
3695	61378	16.61
3696	61812	16.72
3697	58572	15.84
3698	58039	15.69
3699	59177	16.00
3700	66143	17.88
3701	67618	18.27
3702	73825	19.94
3703	58196	15.72
3704	58697	15.85
3705	57778	15.59
3706	57686	15.57
3707	60931	16.44
3708	62355	16.82
3709	74722	20.15
3710	60375	16.27
3711	58493	15.76
3712	57995	15.62
3713	59914	16.14
3714	58129	15.65
3715	57827	15.57
3716	57855	15.57
3717	61376	16.51
3718	58081	15.62
3719	58052	15.61
3720	58060	15.61
3721	59933	16.11
3722	60227	16.18
3723	59314	15.93
3724	61663	16.56
3725	62350	16.74
3726	58141	15.60
3727	60215	16.16
3728	58204	15.61
3729	65346	17.52
3730	58370	15.65
3731	58414	15.66
3732	60431	16.19
3733	77312	20.71
3734	70563	18.90
3735	58264	15.60
3736	62468	16.72
3737	59158	15.83
3738	60261	16.12
3739	60331	16.14
3740	59750	15.98
3741	62671	16.75
3742	59159	15.81
3743	58683	15.68
3744	58815	15.71
3745	59878	15.99
3746	58404	15.59
3747	60967	16.27
3748	59738	15.94
3749	58482	15.60
3750	66784	17.81
3751	69446	18.51
3752	71293	19.00
3753	58498	15.59
3754	61871	16.48
3755	58415	15.56
3756	58990	15.71
3757	65243	17.37
3758	58739	15.63
3759	61361	16.32
3760	58813	15.64
3761	67712	18.00
3762	58731	15.61
3763	59114	15.71
3764	59704	15.86
3765	74445	19.77
3766	66151	17.57
3767	58844	15.62
3768	59680	15.84
3769	61044	16.20
3770	64388	17.08
3771	59761	15.85
3772	66192	17.55
3773	59970	15.89
3774	66943	17.74
3775	60330	15.98
3776	63163	16.73
3777	66582	17.63
3778	59993	15.88
3779	59223	15.67
3780	59093	15.63
3781	60586	16.02
3782	59916	15.84
3783	59765	15.80
3784	59057	15.61
3785	61808	16.33
3786	59140	15.62
3787	68355	18.05
3788	68162	17.99
3789	59199	15.62
3790	63377	16.72
3791	69447	18.32
3792	59148	15.60
3793	59161	15.60
3794	79727	21.01
3795	60777	16.02
3796	59896	15.78
3797	65876	17.35
3798	63010	16.59
3799	59716	15.72
3800	61560	16.20
3801	73941	19.45
3802	62053	16.32
3803	59186	15.56
3804	63660	16.74
3805	61453	16.15
3806	60016	15.77
3807	59866	15.73
3808	73217	19.23
3809	87280	22.91
3810	59418	15.60
3811	59597	15.64
3812	61690	16.18
3813	60504	15.87
3814	63019	16.52
3815	59572	15.62
3816	60713	15.91
3817	61859	16.21
3818	62626	16.40
3819	59590	15.60
3820	59771	15.65
3821	73822	19.32
3822	61190	16.01
3823	71188	18.62
3824	80416	21.03
3825	78504	20.52
3826	59783	15.63
3827	61860	16.16
3828	59554	15.56
3829	63138	16.49
3830	59771	15.61
3831	61183	15.97
3832	61517	16.05
3833	60685	15.83
3834	60421	15.76
3835	59811	15.60
3836	62414	16.27
3837	72782	18.97
3838	61677	16.07
3839	59896	15.60
3840	61873	16.11
3841	65690	17.10
3842	59931	15.60
3843	61326	15.96
3844	60109	15.64
3845	60315	15.69
3846	60098	15.63
3847	72245	18.78
3848	60358	15.69
3849	63930	16.61
3850	60957	15.83
3851	61130	15.87
3852	62054	16.11
3853	60242	15.64
3854	70356	18.26
3855	60352	15.66
3856	64773	16.80
3857	63965	16.58
3858	60132	15.59
3859	61720	15.99
3860	60479	15.67
3861	60751	15.73
3862	60432	15.65
3863	60199	15.58
3864	60387	15.63
3865	60296	15.60
3866	62366	16.13
3867	60567	15.66
3868	64910	16.78
3869	60356	15.60
3870	60798	15.71
3871	61830	15.97
3872	63353	16.36
3873	63405	16.37
3874	62744	16.20
3875	63514	16.39
3876	73562	18.98
3877	60454	15.59
3878	60444	15.59
3879	62055	16.00
3880	61532	15.86
3881	63673	16.41
3882	62958	16.22
3883	62033	15.98
3884	60864	15.67
3885	61751	15.89
3886	63239	16.27
3887	61530	15.83
3888	60582	15.58
3889	62190	15.99
3890	62916	16.17
3891	62360	16.03
3892	65031	16.71
3893	66421	17.06
3894	61151	15.70
3895	62769	16.12
3896	60751	15.59
3897	65179	16.73
3898	62574	16.05
3899	60998	15.64
3900	71377	18.30
3901	64335	16.49
3902	61020	15.64
3903	62057	15.90
3904	61969	15.87
3905	61932	15.86
3906	62111	15.90
3907	63543	16.26
3908	76223	19.50
3909	61070	15.62
3910	61244	15.66
3911	62644	16.02
3912	84796	21.68
3913	62043	15.86
3914	61056	15.60
3915	61317	15.66
3916	61857	15.80
3917	65714	16.78
3918	61293	15.64
3919	74321	18.96
3920	63632	16.23
3921	61179	15.60
3922	61788	15.75
3923	61159	15.59
3924	64130	16.34
3925	61217	15.60
3926	62597	15.94
3927	64338	16.38
3928	62369	15.88
3929	61732	15.71
3930	61281	15.59
3931	64021	16.29
3932	61302	15.59
3933	61375	15.61
3934	63758	16.21
3935	68018	17.29
3936	72192	18.34
3937	75671	19.22
3938	64117	16.28
3939	61777	15.68
3940	62238	15.80
3941	61406	15.58
3942	66018	16.75
3943	62133	15.76
3944	68286	17.31
3945	62076	15.74
3946	69476	17.61
3947	62552	15.85
3948	61537	15.59
3949	61647	15.61
3950	62865	15.92
3951	61834	15.65
3952	63674	16.11
3953	61584	15.58
3954	66001	16.69
3955	62007	15.68
3956	63139	15.96
3957	62206	15.72
3958	62665	15.83
3959	62056	15.67
3960	61892	15.63
3961	61829	15.61
3962	61846	15.61
3963	61808	15.60
3964	61931	15.62
3965	62630	15.80
3966	63806	16.09
3967	61976	15.62
3968	61956	15.61
3969	64831	16.33
3970	64036	16.13
3971	64576	16.26
3972	65561	16.51
3973	64879	16.33
3974	62074	15.62
3975	62126	15.63
3976	62316	15.67
3977	71501	17.98
3978	62005	15.59
3979	62361	15.67
3980	64092	16.10
3981	64141	16.11
3982	62103	15.60
3983	64002	16.07
3984	63911	16.04
3985	70129	17.60
3986	62568	15.70
3987	62304	15.63
3988	63379	15.89
3989	62366	15.63
3990	62469	15.66
3991	62704	15.71
3992	63006	15.78
3993	62998	15.78
3994	64425	16.13
3995	62959	15.76
3996	64947	16.25
3997	62726	15.69
3998	62203	15.56
3999	62204	15.55
4000	68570	17.14
