N	Total Time	Average CPE
1	370	370.00
2	120	60.00
3	120	40.00
4	120	30.00
5	124	24.80
6	131	21.83
7	142	20.29
8	606	75.75
9	1097	121.89
10	231	23.10
11	307	27.91
12	296	24.67
13	287	22.08
14	280	20.00
15	288	19.20
16	246	15.38
17	542	31.88
18	522	29.00
19	520	27.37
20	525	26.25
21	525	25.00
22	537	24.41
23	546	23.74
24	550	22.92
25	559	22.36
26	568	21.85
27	575	21.30
28	584	20.86
29	589	20.31
30	597	19.90
31	608	19.61
32	612	19.12
33	862	26.12
34	844	24.82
35	849	24.26
36	854	23.72
37	868	23.46
38	874	23.00
39	1047	26.85
40	1360	34.00
41	1349	32.90
42	3783	90.07
43	1390	32.33
44	1443	32.80
45	1227	27.27
46	1181	25.67
47	1334	28.38
48	877	18.27
49	890	18.16
50	894	17.88
51	905	17.75
52	916	17.62
53	941	17.75
54	950	17.59
55	2299	41.80
56	883	15.77
57	840	14.74
58	856	14.76
59	853	14.46
60	853	14.22
61	870	14.26
62	873	14.08
63	879	13.95
64	886	13.84
65	1058	16.28
66	1047	15.86
67	1043	15.57
68	1055	15.51
69	1056	15.30
70	1059	15.13
71	1080	15.21
72	1073	14.90
73	1162	15.92
74	1088	14.70
75	1093	14.57
76	1099	14.46
77	1807	23.47
78	1152	14.77
79	1113	14.09
80	1125	14.06
81	1348	16.64
82	1849	22.55
83	1208	14.55
84	1184	14.10
85	1186	13.95
86	1192	13.86
87	1196	13.75
88	1210	13.75
89	1214	13.64
90	1216	13.51
91	1221	13.42
92	1229	13.36
93	1239	13.32
94	1248	13.28
95	1252	13.18
96	1252	13.04
97	1265	13.04
98	1264	12.90
99	1284	12.97
100	1911	19.11
101	1286	12.73
102	1300	12.75
103	1307	12.69
104	1306	12.56
105	1309	12.47
106	1321	12.46
107	1328	12.41
108	1343	12.44
109	1349	12.38
110	1353	12.30
111	1360	12.25
112	1360	12.14
113	1368	12.11
114	1368	12.00
115	1382	12.02
116	2439	21.03
117	1833	15.67
118	2226	18.86
119	1463	12.29
120	1468	12.23
121	1475	12.19
122	1495	12.25
123	1503	12.22
124	1515	12.22
125	1520	12.16
126	1518	12.05
127	1542	12.14
128	1530	11.95
129	2211	17.14
130	1839	14.15
131	1844	14.08
132	1852	14.03
133	1857	13.96
134	1841	13.74
135	1838	13.61
136	1861	13.68
137	1857	13.55
138	1857	13.46
139	1872	13.47
140	1874	13.39
141	1886	13.38
142	1883	13.26
143	1899	13.28
144	1895	13.16
145	1908	13.16
146	1941	13.29
147	1951	13.27
148	1948	13.16
149	3436	23.06
150	2972	19.81
151	2024	13.40
152	2025	13.32
153	2039	13.33
154	2041	13.25
155	2051	13.23
156	2058	13.19
157	2067	13.17
158	2074	13.13
159	2082	13.09
160	2081	13.01
161	2090	12.98
162	2094	12.93
163	2100	12.88
164	2106	12.84
165	2124	12.87
166	2124	12.80
167	2126	12.73
168	2134	12.70
169	2135	12.63
170	2157	12.69
171	2156	12.61
172	2161	12.56
173	2172	12.55
174	2177	12.51
175	2189	12.51
176	2357	13.39
177	2188	12.36
178	2196	12.34
179	2211	12.35
180	2221	12.34
181	2222	12.28
182	2222	12.21
183	2228	12.17
184	2238	12.16
185	2245	12.14
186	2255	12.12
187	2257	12.07
188	2277	12.11
189	2317	12.26
190	2409	12.68
191	5223	27.35
192	2279	11.87
193	2299	11.91
194	2305	11.88
195	2303	11.81
196	2320	11.84
197	2323	11.79
198	2329	11.76
199	2327	11.69
200	4443	22.21
201	3440	17.11
202	2428	12.02
203	2480	12.22
204	2571	12.60
205	2610	12.73
206	2608	12.66
207	2557	12.35
208	2567	12.34
209	2567	12.28
210	2574	12.26
211	2638	12.50
212	2549	12.02
213	2625	12.32
214	2602	12.16
215	2611	12.14
216	2593	12.00
217	2595	11.96
218	2646	12.14
219	2972	13.57
220	3772	17.15
221	2554	11.56
222	2483	11.18
223	2843	12.75
224	3976	17.75
225	6325	28.11
226	3010	13.32
227	2510	11.06
228	2560	11.23
229	2631	11.49
230	2861	12.44
231	2792	12.09
232	2700	11.64
233	2678	11.49
234	4145	17.71
235	2576	10.96
236	2601	11.02
237	2629	11.09
238	2825	11.87
239	2591	10.84
240	2573	10.72
241	2589	10.74
242	2612	10.79
243	2600	10.70
244	2625	10.76
245	3890	15.88
246	5258	21.37
247	5211	21.10
248	5033	20.29
249	4027	16.17
250	4408	17.63
251	3970	15.82
252	4529	17.97
253	4804	18.99
254	6625	26.08
255	3135	12.29
256	3838	14.99
257	3061	11.91
258	3184	12.34
259	3036	11.72
260	3039	11.69
261	3885	14.89
262	3133	11.96
263	3130	11.90
264	3069	11.62
265	3082	11.63
266	3220	12.11
267	3091	11.58
268	3206	11.96
269	3100	11.52
270	3669	13.59
271	3170	11.70
272	6264	23.03
273	3801	13.92
274	3194	11.66
275	3200	11.64
276	3226	11.69
277	3233	11.67
278	3234	11.63
279	3236	11.60
280	3245	11.59
281	3249	11.56
282	3267	11.59
283	4677	16.53
284	3227	11.36
285	3715	13.04
286	3312	11.58
287	3411	11.89
288	3493	12.13
289	3653	12.64
290	3513	12.11
291	3407	11.71
292	3521	12.06
293	3623	12.37
294	3499	11.90
295	3528	11.96
296	3544	11.97
297	3584	12.07
298	3467	11.63
299	3582	11.98
300	6455	21.52
301	5218	17.34
302	5402	17.89
303	3383	11.17
304	4149	13.65
305	3912	12.83
306	3352	10.95
307	3368	10.97
308	3392	11.01
309	3389	10.97
310	3406	10.99
311	3408	10.96
312	3410	10.93
313	3412	10.90
314	3418	10.89
315	3423	10.87
316	3421	10.83
317	3434	10.83
318	3437	10.81
319	3445	10.80
320	3454	10.79
321	3470	10.81
322	3467	10.77
323	3464	10.72
324	3494	10.78
325	3494	10.75
326	3498	10.73
327	3501	10.71
328	3518	10.73
329	3510	10.67
330	3530	10.70
331	3542	10.70
332	3547	10.68
333	3547	10.65
334	3560	10.66
335	3564	10.64
336	3587	10.68
337	3577	10.61
338	5516	16.32
339	3616	10.67
340	3625	10.66
341	3636	10.66
342	3650	10.67
343	3655	10.66
344	3655	10.62
345	3650	10.58
346	6337	18.32
347	3638	10.48
348	3650	10.49
349	3650	10.46
350	3663	10.47
351	3674	10.47
352	3674	10.44
353	3688	10.45
354	3696	10.44
355	3707	10.44
356	3709	10.42
357	3728	10.44
358	3738	10.44
359	6420	17.88
360	6595	18.32
361	5624	15.58
362	5246	14.49
363	4079	11.24
364	4665	12.82
365	3733	10.23
366	3757	10.27
367	3803	10.36
368	3756	10.21
369	6934	18.79
370	5537	14.96
371	4283	11.54
372	3854	10.36
373	6436	17.25
374	4049	10.83
375	3899	10.40
376	3897	10.36
377	3911	10.37
378	3944	10.43
379	4936	13.02
380	6390	16.82
381	6419	16.85
382	6439	16.86
383	6416	16.75
384	6451	16.80
385	6505	16.90
386	6669	17.28
387	6500	16.80
388	6644	17.12
389	6787	17.45
390	6534	16.75
391	6685	17.10
392	6751	17.22
393	6809	17.33
394	6618	16.80
395	6705	16.97
396	4497	11.36
397	4024	10.14
398	4064	10.21
399	4048	10.15
400	7517	18.79
401	6842	17.06
402	6743	16.77
403	6765	16.79
404	6752	16.71
405	6820	16.84
406	4089	10.07
407	4103	10.08
408	4123	10.11
409	4125	10.09
410	4111	10.03
411	4120	10.02
412	5240	12.72
413	4587	11.11
414	4092	9.88
415	4099	9.88
416	4108	9.88
417	4117	9.87
418	4117	9.85
419	4126	9.85
420	4128	9.83
421	4129	9.81
422	4204	9.96
423	4157	9.83
424	4148	9.78
425	4159	9.79
426	4171	9.79
427	4193	9.82
428	4195	9.80
429	4180	9.74
430	4187	9.74
431	4204	9.75
432	4206	9.74
433	4211	9.73
434	4221	9.73
435	4305	9.90
436	4249	9.75
437	4252	9.73
438	4250	9.70
439	4242	9.66
440	4258	9.68
441	4268	9.68
442	4288	9.70
443	5494	12.40
444	5793	13.05
445	7038	15.82
446	7114	15.95
447	7267	16.26
448	6168	13.77
449	5555	12.37
450	5529	12.29
451	5440	12.06
452	5461	12.08
453	5468	12.07
454	4415	9.72
455	4437	9.75
456	5235	11.48
457	4830	10.57
458	4450	9.72
459	5704	12.43
460	5589	12.15
461	5574	12.09
462	5643	12.21
463	5657	12.22
464	5653	12.18
465	5678	12.21
466	47677	102.31
467	5969	12.78
468	6578	14.06
469	6838	14.58
470	7056	15.01
471	6675	14.17
472	6654	14.10
473	6783	14.34
474	6644	14.02
475	7010	14.76
476	7076	14.87
477	6695	14.04
478	6317	13.22
479	6662	13.91
480	7794	16.24
481	6730	13.99
482	6985	14.49
483	7034	14.56
484	6814	14.08
485	6847	14.12
486	7411	15.25
487	7907	16.24
488	7249	14.85
489	7175	14.67
490	9233	18.84
491	4626	9.42
492	7140	14.51
493	4810	9.76
494	4838	9.79
495	4773	9.64
496	4746	9.57
497	4813	9.68
498	4980	10.00
499	4669	9.36
500	5157	10.31
501	5354	10.69
502	4712	9.39
503	4698	9.34
504	4697	9.32
505	4703	9.31
506	5223	10.32
507	5203	10.26
508	4745	9.34
509	4740	9.31
510	4750	9.31
511	4751	9.30
512	4763	9.30
513	5303	10.34
514	4968	9.67
515	4984	9.68
516	4974	9.64
517	4985	9.64
518	4993	9.64
519	5008	9.65
520	4995	9.61
521	6121	11.75
522	6670	12.78
523	5774	11.04
524	6449	12.31
525	5415	10.31
526	5412	10.29
527	5411	10.27
528	5436	10.30
529	5449	10.30
530	5465	10.31
531	5468	10.30
532	5483	10.31
533	5495	10.31
534	5495	10.29
535	5504	10.29
536	5509	10.28
537	5514	10.27
538	5526	10.27
539	5527	10.25
540	5528	10.24
541	5541	10.24
542	5553	10.25
543	5549	10.22
544	5554	10.21
545	5564	10.21
546	5567	10.20
547	5575	10.19
548	5584	10.19
549	5587	10.18
550	5583	10.15
551	5607	10.18
552	5604	10.15
553	5619	10.16
554	5614	10.13
555	5630	10.14
556	5637	10.14
557	5647	10.14
558	7829	14.03
559	5670	10.14
560	6133	10.95
561	6499	11.58
562	5334	9.49
563	6097	10.83
564	5692	10.09
565	5685	10.06
566	5689	10.05
567	7898	13.93
568	5406	9.52
569	5414	9.51
570	5435	9.54
571	5444	9.53
572	5450	9.53
573	5432	9.48
574	5476	9.54
575	5894	10.25
576	6046	10.50
577	5763	9.99
578	5762	9.97
579	5771	9.97
580	5778	9.96
581	5784	9.96
582	5787	9.94
583	5789	9.93
584	5797	9.93
585	5809	9.93
586	5827	9.94
587	5819	9.91
588	5832	9.92
589	5836	9.91
590	5852	9.92
591	5848	9.90
592	5848	9.88
593	5859	9.88
594	5871	9.88
595	5864	9.86
596	5880	9.87
597	5891	9.87
598	5894	9.86
599	5906	9.86
600	6235	10.39
601	5902	9.82
602	5915	9.83
603	5915	9.81
604	5921	9.80
605	5934	9.81
606	5933	9.79
607	5950	9.80
608	5944	9.78
609	5953	9.78
610	5959	9.77
611	5960	9.75
612	5971	9.76
613	5979	9.75
614	5959	9.71
615	5993	9.74
616	5993	9.73
617	6006	9.73
618	6008	9.72
619	6019	9.72
620	6017	9.70
621	6021	9.70
622	6045	9.72
623	6045	9.70
624	6051	9.70
625	6048	9.68
626	6057	9.68
627	6069	9.68
628	6071	9.67
629	6083	9.67
630	6084	9.66
631	6099	9.67
632	6919	10.95
633	6133	9.69
634	6135	9.68
635	6142	9.67
636	6141	9.66
637	6153	9.66
638	6157	9.65
639	6165	9.65
640	6165	9.63
641	6177	9.64
642	9460	14.74
643	5882	9.15
644	6587	10.23
645	9889	15.33
646	6672	10.33
647	6348	9.81
648	5856	9.04
649	5844	9.00
650	5847	9.00
651	5859	9.00
652	5872	9.01
653	5878	9.00
654	5875	8.98
655	5889	8.99
656	5902	9.00
657	5903	8.98
658	5905	8.97
659	5909	8.97
660	5918	8.97
661	5932	8.97
662	5942	8.98
663	5945	8.97
664	5942	8.95
665	5950	8.95
666	5960	8.95
667	5961	8.94
668	5964	8.93
669	5971	8.93
670	5993	8.94
671	5994	8.93
672	6003	8.93
673	6004	8.92
674	6017	8.93
675	6005	8.90
676	6025	8.91
677	6754	9.98
678	6033	8.90
679	6053	8.91
680	6042	8.89
681	6064	8.90
682	6061	8.89
683	6110	8.95
684	6113	8.94
685	6097	8.90
686	8191	11.94
687	7049	10.26
688	6532	9.49
689	6987	10.14
690	6888	9.98
691	6432	9.31
692	6254	9.04
693	6259	9.03
694	6269	9.03
695	6288	9.05
696	6294	9.04
697	8144	11.68
698	6586	9.44
699	6599	9.44
700	6497	9.28
701	6212	8.86
702	6213	8.85
703	6218	8.84
704	6227	8.85
705	6231	8.84
706	6253	8.86
707	6249	8.84
708	7660	10.82
709	6580	9.28
710	7681	10.82
711	6741	9.48
712	6648	9.34
713	6661	9.34
714	6654	9.32
715	6681	9.34
716	6674	9.32
717	6695	9.34
718	7746	10.79
719	6667	9.27
720	6673	9.27
721	6682	9.27
722	6686	9.26
723	6700	9.27
724	6697	9.25
725	6697	9.24
726	6721	9.26
727	6722	9.25
728	6721	9.23
729	6727	9.23
730	6732	9.22
731	6747	9.23
732	6746	9.22
733	6741	9.20
734	6765	9.22
735	6768	9.21
736	6787	9.22
737	6772	9.19
738	6793	9.20
739	6793	9.19
740	6800	9.19
741	6806	9.18
742	8755	11.80
743	7597	10.22
744	6474	8.70
745	6479	8.70
746	6496	8.71
747	6485	8.68
748	6508	8.70
749	6496	8.67
750	6507	8.68
751	7257	9.66
752	6946	9.24
753	6944	9.22
754	6938	9.20
755	6951	9.21
756	6964	9.21
757	6979	9.22
758	7287	9.61
759	6997	9.22
760	6988	9.19
761	7001	9.20
762	7006	9.19
763	7023	9.20
764	7027	9.20
765	7030	9.19
766	7026	9.17
767	7036	9.17
768	7042	9.17
769	7040	9.15
770	7054	9.16
771	7055	9.15
772	7568	9.80
773	7082	9.16
774	7089	9.16
775	7102	9.16
776	7092	9.14
777	7098	9.14
778	7109	9.14
779	7121	9.14
780	7128	9.14
781	7144	9.15
782	7215	9.23
783	7132	9.11
784	7154	9.12
785	7154	9.11
786	7171	9.12
787	7158	9.10
788	7158	9.08
789	7320	9.28
790	7338	9.29
791	8241	10.42
792	7022	8.87
793	6951	8.77
794	6786	8.55
795	6787	8.54
796	6803	8.55
797	6800	8.53
798	6815	8.54
799	6826	8.54
800	8029	10.04
801	7275	9.08
802	7306	9.11
803	7299	9.09
804	7282	9.06
805	7289	9.05
806	7303	9.06
807	7305	9.05
808	7319	9.06
809	7318	9.05
810	7309	9.02
811	8418	10.38
812	6994	8.61
813	8521	10.48
814	12904	15.85
815	7304	8.96
816	7287	8.93
817	7287	8.92
818	7291	8.91
819	7292	8.90
820	7410	9.04
821	7314	8.91
822	7315	8.90
823	7330	8.91
824	7334	8.90
825	7325	8.88
826	7345	8.89
827	7343	8.88
828	7348	8.87
829	7368	8.89
830	7372	8.88
831	7494	9.02
832	7404	8.90
833	7402	8.89
834	7416	8.89
835	7937	9.51
836	8779	10.50
837	7107	8.49
838	7112	8.49
839	7102	8.46
840	7128	8.49
841	7139	8.49
842	8481	10.07
843	7429	8.81
844	7828	9.27
845	7553	8.94
846	7428	8.78
847	7178	8.47
848	7181	8.47
849	7181	8.46
850	7874	9.26
851	7219	8.48
852	7230	8.49
853	7224	8.47
854	7236	8.47
855	7242	8.47
856	7249	8.47
857	7245	8.45
858	7264	8.47
859	7266	8.46
860	7287	8.47
861	7280	8.46
862	7287	8.45
863	8869	10.28
864	7293	8.44
865	7310	8.45
866	7302	8.43
867	7310	8.43
868	7317	8.43
869	7320	8.42
870	7325	8.42
871	7342	8.43
872	7344	8.42
873	7355	8.42
874	7367	8.43
875	7361	8.41
876	7372	8.42
877	7376	8.41
878	7380	8.41
879	7384	8.40
880	7394	8.40
881	7404	8.40
882	7412	8.40
883	7548	8.55
884	7410	8.38
885	7424	8.39
886	7408	8.36
887	7431	8.38
888	7869	8.86
889	7403	8.33
890	7414	8.33
891	7420	8.33
892	7668	8.60
893	7440	8.33
894	7455	8.34
895	7466	8.34
896	7458	8.32
897	7478	8.34
898	7469	8.32
899	7482	8.32
900	9406	10.45
901	7943	8.82
902	7874	8.73
903	7871	8.72
904	7896	8.73
905	7969	8.81
906	7551	8.33
907	7550	8.32
908	7558	8.32
909	7564	8.32
910	7568	8.32
911	7564	8.30
912	7566	8.30
913	7563	8.28
914	7593	8.31
915	7593	8.30
916	7603	8.30
917	7619	8.31
918	8296	9.04
919	7764	8.45
920	8966	9.75
921	8249	8.96
922	7659	8.31
923	7850	8.50
924	7725	8.36
925	7724	8.35
926	7705	8.32
927	7722	8.33
928	7827	8.43
929	7768	8.36
930	7737	8.32
931	7741	8.31
932	7759	8.33
933	9843	10.55
934	7872	8.43
935	12539	13.41
936	7741	8.27
937	8345	8.91
938	9784	10.43
939	7699	8.20
940	7688	8.18
941	8293	8.81
942	7850	8.33
943	7734	8.20
944	7756	8.22
945	8067	8.54
946	7732	8.17
947	7738	8.17
948	7752	8.18
949	7754	8.17
950	7759	8.17
951	7764	8.16
952	7769	8.16
953	7784	8.17
954	7794	8.17
955	7794	8.16
956	7801	8.16
957	7818	8.17
958	7817	8.16
959	7821	8.16
960	7833	8.16
961	7829	8.15
962	7852	8.16
963	7847	8.15
964	7856	8.15
965	7847	8.13
966	9310	9.64
967	7891	8.16
968	7876	8.14
969	8026	8.28
970	8302	8.56
971	7958	8.20
972	7953	8.18
973	7942	8.16
974	7967	8.18
975	8418	8.63
976	12429	12.73
977	9886	10.12
978	9034	9.24
979	8041	8.21
980	8050	8.21
981	8064	8.22
982	8065	8.21
983	8067	8.21
984	9166	9.32
985	8175	8.30
986	8132	8.25
987	8125	8.23
988	8131	8.23
989	8144	8.23
990	8793	8.88
991	9043	9.13
992	14107	14.22
993	10433	10.51
994	8126	8.18
995	8118	8.16
996	8138	8.17
997	8145	8.17
998	8232	8.25
999	8178	8.19
1000	8449	8.45
1001	8373	8.36
1002	8143	8.13
1003	8143	8.12
1004	8149	8.12
1005	8178	8.14
1006	8165	8.12
1007	8162	8.11
1008	8186	8.12
1009	8175	8.10
1010	8187	8.11
1011	8192	8.10
1012	8201	8.10
1013	8389	8.28
1014	8236	8.12
1015	10511	10.36
1016	8331	8.20
1017	10826	10.65
1018	8455	8.31
1019	10443	10.25
1020	8307	8.14
1021	8292	8.12
1022	8699	8.51
1023	8305	8.12
1024	8537	8.34
1025	9747	9.51
1026	9006	8.78
1027	9011	8.77
1028	9021	8.78
1029	9038	8.78
1030	11493	11.16
1031	12928	12.54
1032	9035	8.75
1033	9069	8.78
1034	9070	8.77
1035	9078	8.77
1036	9152	8.83
1037	8722	8.41
1038	8713	8.39
1039	8724	8.40
1040	8741	8.40
1041	8730	8.39
1042	10233	9.82
1043	8769	8.41
1044	8751	8.38
1045	9447	9.04
1046	8778	8.39
1047	8796	8.40
1048	8918	8.51
1049	8802	8.39
1050	8806	8.39
1051	8820	8.39
1052	8821	8.38
1053	8828	8.38
1054	8836	8.38
1055	8848	8.39
1056	8845	8.38
1057	8880	8.40
1058	8850	8.36
1059	8887	8.39
1060	8890	8.39
1061	8890	8.38
1062	8899	8.38
1063	8898	8.37
1064	8882	8.35
1065	8886	8.34
1066	8894	8.34
1067	8958	8.40
1068	10443	9.78
1069	11593	10.84
1070	9734	9.10
1071	9333	8.71
1072	10450	9.75
1073	10097	9.41
1074	9342	8.70
1075	9339	8.69
1076	9361	8.70
1077	9368	8.70
1078	9340	8.66
1079	9363	8.68
1080	9375	8.68
1081	10167	9.41
1082	10178	9.41
1083	16858	15.57
1084	9094	8.39
1085	9093	8.38
1086	9116	8.39
1087	10208	9.39
1088	9086	8.35
1089	9084	8.34
1090	9098	8.35
1091	9109	8.35
1092	9137	8.37
1093	10284	9.41
1094	10031	9.17
1095	11889	10.86
1096	9233	8.42
1097	9174	8.36
1098	10401	9.47
1099	9124	8.30
1100	11908	10.83
1101	9599	8.72
1102	9583	8.70
1103	9591	8.70
1104	9606	8.70
1105	9600	8.69
1106	9601	8.68
1107	9628	8.70
1108	9626	8.69
1109	9646	8.70
1110	9208	8.30
1111	9201	8.28
1112	9205	8.28
1113	9198	8.26
1114	9205	8.26
1115	9413	8.44
1116	9596	8.60
1117	9607	8.60
1118	9610	8.60
1119	9631	8.61
1120	9635	8.60
1121	9639	8.60
1122	9657	8.61
1123	9646	8.59
1124	9649	8.58
1125	9685	8.61
1126	9686	8.60
1127	9682	8.59
1128	9709	8.61
1129	10837	9.60
1130	10227	9.05
1131	10101	8.93
1132	10653	9.41
1133	9346	8.25
1134	9344	8.24
1135	9342	8.23
1136	9341	8.22
1137	9756	8.58
1138	9340	8.21
1139	9349	8.21
1140	9344	8.20
1141	9359	8.20
1142	9353	8.19
1143	9566	8.37
1144	9385	8.20
1145	9385	8.20
1146	9393	8.20
1147	9404	8.20
1148	9421	8.21
1149	9406	8.19
1150	9887	8.60
1151	9436	8.20
1152	9994	8.68
1153	9487	8.23
1154	10940	9.48
1155	9477	8.21
1156	9498	8.22
1157	9512	8.22
1158	9514	8.22
1159	9767	8.43
1160	9864	8.50
1161	9854	8.49
1162	9872	8.50
1163	10051	8.64
1164	9878	8.49
1165	13746	11.80
1166	10964	9.40
1167	9566	8.20
1168	11857	10.15
1169	9592	8.21
1170	9608	8.21
1171	9595	8.19
1172	13599	11.60
1173	10784	9.19
1174	15869	13.52
1175	10307	8.77
1176	9624	8.18
1177	9637	8.19
1178	9654	8.20
1179	9639	8.18
1180	9743	8.26
1181	9653	8.17
1182	9669	8.18
1183	9664	8.17
1184	9682	8.18
1185	9683	8.17
1186	9686	8.17
1187	9704	8.18
1188	9712	8.18
1189	9695	8.15
1190	9687	8.14
1191	9733	8.17
1192	9709	8.15
1193	10490	8.79
1194	18651	15.62
1195	11415	9.55
1196	10111	8.45
1197	14959	12.50
1198	14391	12.01
1199	12643	10.54
1200	14805	12.34
1201	11270	9.38
1202	11944	9.94
1203	9804	8.15
1204	10906	9.06
1205	10349	8.59
1206	10227	8.48
1207	10235	8.48
1208	10267	8.50
1209	10287	8.51
1210	10292	8.51
1211	11571	9.55
1212	9830	8.11
1213	9832	8.11
1214	9853	8.12
1215	9850	8.11
1216	9846	8.10
1217	11273	9.26
1218	10243	8.41
1219	10235	8.40
1220	10248	8.40
1221	10254	8.40
1222	10259	8.40
1223	10258	8.39
1224	10287	8.40
1225	10281	8.39
1226	10323	8.42
1227	10324	8.41
1228	10332	8.41
1229	10329	8.40
1230	10341	8.41
1231	10352	8.41
1232	10350	8.40
1233	10365	8.41
1234	10364	8.40
1235	10381	8.41
1236	10380	8.40
1237	10392	8.40
1238	10556	8.53
1239	10010	8.08
1240	10013	8.07
1241	10038	8.09
1242	10043	8.09
1243	11669	9.39
1244	10072	8.10
1245	10079	8.10
1246	10076	8.09
1247	10079	8.08
1248	10074	8.07
1249	10093	8.08
1250	10105	8.08
1251	10111	8.08
1252	10365	8.28
1253	10164	8.11
1254	10146	8.09
1255	10171	8.10
1256	10153	8.08
1257	10175	8.09
1258	10219	8.12
1259	10153	8.06
1260	10166	8.07
1261	10172	8.07
1262	10504	8.32
1263	11081	8.77
1264	10558	8.35
1265	10583	8.37
1266	10606	8.38
1267	10605	8.37
1268	10790	8.51
1269	11261	8.87
1270	11249	8.86
1271	16700	13.14
1272	10655	8.38
1273	10635	8.35
1274	10668	8.37
1275	10664	8.36
1276	10747	8.42
1277	10338	8.10
1278	10664	8.34
1279	11042	8.63
1280	10686	8.35
1281	10699	8.35
1282	10703	8.35
1283	10802	8.42
1284	10674	8.31
1285	10697	8.32
1286	10720	8.34
1287	10727	8.33
1288	10734	8.33
1289	10743	8.33
1290	10752	8.33
1291	12658	9.80
1292	10402	8.05
1293	10426	8.06
1294	10447	8.07
1295	10421	8.05
1296	10420	8.04
1297	10550	8.13
1298	10770	8.30
1299	14150	10.89
1300	15545	11.96
1301	11027	8.48
1302	12278	9.43
1303	12307	9.45
1304	10753	8.25
1305	10431	7.99
1306	10442	8.00
1307	10434	7.98
1308	10442	7.98
1309	10456	7.99
1310	10461	7.99
1311	10483	8.00
1312	10469	7.98
1313	11502	8.76
1314	11874	9.04
1315	10544	8.02
1316	12758	9.69
1317	10885	8.26
1318	10905	8.27
1319	11058	8.38
1320	10953	8.30
1321	10968	8.30
1322	10953	8.29
1323	10963	8.29
1324	10980	8.29
1325	11002	8.30
1326	10985	8.28
1327	11010	8.30
1328	11009	8.29
1329	10990	8.27
1330	14376	10.81
1331	11706	8.79
1332	11012	8.27
1333	11007	8.26
1334	11031	8.27
1335	11029	8.26
1336	11035	8.26
1337	11953	8.94
1338	11035	8.25
1339	11062	8.26
1340	11073	8.26
1341	11078	8.26
1342	11068	8.25
1343	10926	8.14
1344	10692	7.96
1345	10672	7.93
1346	10681	7.94
1347	10710	7.95
1348	10714	7.95
1349	10719	7.95
1350	10718	7.94
1351	14043	10.39
1352	10938	8.09
1353	10780	7.97
1354	10786	7.97
1355	10794	7.97
1356	11177	8.24
1357	11194	8.25
1358	11212	8.26
1359	11236	8.27
1360	11201	8.24
1361	11214	8.24
1362	12671	9.30
1363	10822	7.94
1364	10835	7.94
1365	10828	7.93
1366	11699	8.56
1367	11292	8.26
1368	14193	10.38
1369	13290	9.71
1370	11562	8.44
1371	11242	8.20
1372	12273	8.95
1373	10916	7.95
1374	11320	8.24
1375	10884	7.92
1376	10873	7.90
1377	10927	7.94
1378	10920	7.92
1379	10909	7.91
1380	10963	7.94
1381	10914	7.90
1382	10934	7.91
1383	10956	7.92
1384	10973	7.93
1385	10944	7.90
1386	10950	7.90
1387	10978	7.91
1388	10973	7.91
1389	10963	7.89
1390	11101	7.99
1391	11020	7.92
1392	13756	9.88
1393	11277	8.10
1394	15220	10.92
1395	11911	8.54
1396	12640	9.05
1397	11297	8.09
1398	11842	8.47
1399	11429	8.17
1400	14989	10.71
1401	11128	7.94
1402	11119	7.93
1403	11136	7.94
1404	11129	7.93
1405	11140	7.93
1406	11142	7.92
1407	11149	7.92
1408	11163	7.93
1409	11155	7.92
1410	11428	8.10
1411	11577	8.20
1412	11570	8.19
1413	11550	8.17
1414	11569	8.18
1415	11563	8.17
1416	13230	9.34
1417	11226	7.92
1418	11235	7.92
1419	11252	7.93
1420	11249	7.92
1421	11263	7.93
1422	11400	8.02
1423	11287	7.93
1424	11259	7.91
1425	11266	7.91
1426	11286	7.91
1427	11274	7.90
1428	11714	8.20
1429	11590	8.11
1430	11607	8.12
1431	11608	8.11
1432	11642	8.13
1433	11660	8.14
1434	11652	8.13
1435	11847	8.26
1436	11315	7.88
1437	11325	7.88
1438	11354	7.90
1439	11365	7.90
1440	11361	7.89
1441	11363	7.89
1442	11373	7.89
1443	11383	7.89
1444	11386	7.89
1445	11387	7.88
1446	11909	8.24
1447	11381	7.87
1448	11379	7.86
1449	11384	7.86
1450	11396	7.86
1451	11407	7.86
1452	11413	7.86
1453	11407	7.85
1454	38623	26.56
1455	16761	11.52
1456	11495	7.89
1457	11501	7.89
1458	11505	7.89
1459	11507	7.89
1460	11490	7.87
1461	11515	7.88
1462	13788	9.43
1463	15821	10.81
1464	13856	9.46
1465	11495	7.85
1466	11516	7.86
1467	11505	7.84
1468	11540	7.86
1469	11557	7.87
1470	11581	7.88
1471	11854	8.06
1472	15497	10.53
1473	13219	8.97
1474	11618	7.88
1475	11635	7.89
1476	11906	8.07
1477	15543	10.52
1478	16709	11.31
1479	11606	7.85
1480	12566	8.49
1481	11986	8.09
1482	12008	8.10
1483	13021	8.78
1484	12934	8.72
1485	11646	7.84
1486	11663	7.85
1487	15747	10.59
1488	12070	8.11
1489	12049	8.09
1490	12059	8.09
1491	12049	8.08
1492	12055	8.08
1493	13349	8.94
1494	12003	8.03
1495	12758	8.53
1496	12079	8.07
1497	12482	8.34
1498	12005	8.01
1499	12020	8.02
1500	11971	7.98
1501	11927	7.95
1502	11750	7.82
1503	11760	7.82
1504	11748	7.81
1505	11795	7.84
1506	11788	7.83
1507	11776	7.81
1508	11783	7.81
1509	11795	7.82
1510	11795	7.81
1511	11817	7.82
1512	11819	7.82
1513	11809	7.81
1514	11907	7.86
1515	11835	7.81
1516	11829	7.80
1517	12838	8.46
1518	12008	7.91
1519	11885	7.82
1520	11876	7.81
1521	12251	8.05
1522	12892	8.47
1523	14218	9.34
1524	12250	8.04
1525	12468	8.18
1526	12248	8.03
1527	12273	8.04
1528	14090	9.22
1529	12865	8.41
1530	15378	10.05
1531	15853	10.35
1532	11947	7.80
1533	12710	8.29
1534	11986	7.81
1535	11972	7.80
1536	11981	7.80
1537	11993	7.80
1538	11980	7.79
1539	12012	7.81
1540	12181	7.91
1541	13633	8.85
1542	12360	8.02
1543	12733	8.25
1544	12003	7.77
1545	12039	7.79
1546	12037	7.79
1547	12172	7.87
1548	12050	7.78
1549	12043	7.77
1550	12080	7.79
1551	12106	7.81
1552	12128	7.81
1553	12148	7.82
1554	12218	7.86
1555	12139	7.81
1556	12161	7.82
1557	12158	7.81
1558	12238	7.85
1559	14210	9.11
1560	17322	11.10
1561	14123	9.05
1562	12265	7.85
1563	12247	7.84
1564	12240	7.83
1565	12256	7.83
1566	12249	7.82
1567	12266	7.83
1568	12293	7.84
1569	12742	8.12
1570	13224	8.42
1571	12553	7.99
1572	12594	8.01
1573	12588	8.00
1574	12615	8.01
1575	12706	8.07
1576	12607	8.00
1577	12645	8.02
1578	12623	8.00
1579	12632	8.00
1580	12613	7.98
1581	12638	7.99
1582	12335	7.80
1583	12352	7.80
1584	15285	9.65
1585	14090	8.89
1586	19938	12.57
1587	13206	8.32
1588	12928	8.14
1589	12470	7.85
1590	12435	7.82
1591	12435	7.82
1592	12428	7.81
1593	12395	7.78
1594	12846	8.06
1595	12294	7.71
1596	12296	7.70
1597	12449	7.80
1598	12435	7.78
1599	12440	7.78
1600	13284	8.30
1601	12411	7.75
1602	12407	7.74
1603	12404	7.74
1604	13891	8.66
1605	12425	7.74
1606	12458	7.76
1607	12475	7.76
1608	12459	7.75
1609	13389	8.32
1610	12569	7.81
1611	12535	7.78
1612	12581	7.80
1613	12641	7.84
1614	12550	7.78
1615	12545	7.77
1616	12520	7.75
1617	15438	9.55
1618	12519	7.74
1619	12536	7.74
1620	12881	7.95
1621	12534	7.73
1622	12546	7.73
1623	12567	7.74
1624	12540	7.72
1625	12577	7.74
1626	12570	7.73
1627	12571	7.73
1628	12563	7.72
1629	12753	7.83
1630	12604	7.73
1631	12595	7.72
1632	12614	7.73
1633	13964	8.55
1634	12600	7.71
1635	12630	7.72
1636	12641	7.73
1637	12617	7.71
1638	12643	7.72
1639	12634	7.71
1640	12654	7.72
1641	12643	7.70
1642	12662	7.71
1643	13573	8.26
1644	17209	10.47
1645	13766	8.37
1646	12986	7.89
1647	13016	7.90
1648	13131	7.97
1649	13028	7.90
1650	13019	7.89
1651	13026	7.89
1652	13050	7.90
1653	13049	7.89
1654	13063	7.90
1655	13064	7.89
1656	14045	8.48
1657	20754	12.53
1658	12882	7.77
1659	12880	7.76
1660	14684	8.85
1661	14722	8.86
1662	12922	7.77
1663	13270	7.98
1664	21587	12.97
1665	21179	12.72
1666	13727	8.24
1667	12833	7.70
1668	12853	7.71
1669	12835	7.69
1670	13459	8.06
1671	15935	9.54
1672	13239	7.92
1673	13254	7.92
1674	13254	7.92
1675	13259	7.92
1676	13272	7.92
1677	13282	7.92
1678	13289	7.92
1679	13293	7.92
1680	13305	7.92
1681	14765	8.78
1682	13489	8.02
1683	13325	7.92
1684	13332	7.92
1685	13397	7.95
1686	13346	7.92
1687	13346	7.91
1688	13685	8.11
1689	13838	8.19
1690	16115	9.54
1691	15367	9.09
1692	13084	7.73
1693	13070	7.72
1694	13047	7.70
1695	13044	7.70
1696	13059	7.70
1697	13039	7.68
1698	13693	8.06
1699	13104	7.71
1700	14081	8.28
1701	13143	7.73
1702	13144	7.72
1703	13610	7.99
1704	13589	7.97
1705	13117	7.69
1706	13122	7.69
1707	13144	7.70
1708	13118	7.68
1709	13093	7.66
1710	14843	8.68
1711	15456	9.03
1712	13223	7.72
1713	13223	7.72
1714	13230	7.72
1715	13241	7.72
1716	13244	7.72
1717	13244	7.71
1718	13444	7.83
1719	13288	7.73
1720	13263	7.71
1721	13288	7.72
1722	13271	7.71
1723	14045	8.15
1724	13308	7.72
1725	13314	7.72
1726	13334	7.73
1727	13329	7.72
1728	13336	7.72
1729	13339	7.71
1730	13364	7.72
1731	13350	7.71
1732	13367	7.72
1733	13385	7.72
1734	13390	7.72
1735	15132	8.72
1736	13415	7.73
1737	15272	8.79
1738	15226	8.76
1739	13650	7.85
1740	13645	7.84
1741	13650	7.84
1742	13693	7.86
1743	13669	7.84
1744	13700	7.86
1745	13688	7.84
1746	13695	7.84
1747	13696	7.84
1748	15007	8.59
1749	13413	7.67
1750	13428	7.67
1751	13447	7.68
1752	14311	8.17
1753	13806	7.88
1754	21018	11.98
1755	13489	7.69
1756	13588	7.74
1757	13514	7.69
1758	13527	7.69
1759	13518	7.69
1760	13515	7.68
1761	19323	10.97
1762	15071	8.55
1763	15024	8.52
1764	13574	7.70
1765	13590	7.70
1766	13747	7.78
1767	13979	7.91
1768	13463	7.61
1769	13478	7.62
1770	13492	7.62
1771	14121	7.97
1772	13792	7.78
1773	13708	7.73
1774	13684	7.71
1775	13688	7.71
1776	13716	7.72
1777	13740	7.73
1778	13720	7.72
1779	13716	7.71
1780	13767	7.73
1781	15025	8.44
1782	13625	7.65
1783	13650	7.66
1784	13627	7.64
1785	13637	7.64
1786	13658	7.65
1787	13675	7.65
1788	13673	7.65
1789	13660	7.64
1790	13664	7.63
1791	13679	7.64
1792	13683	7.64
1793	13688	7.63
1794	13717	7.65
1795	15171	8.45
1796	18116	10.09
1797	13624	7.58
1798	13603	7.57
1799	13634	7.58
1800	14624	8.12
1801	13808	7.67
1802	13790	7.65
1803	13813	7.66
1804	13809	7.65
1805	13824	7.66
1806	13806	7.64
1807	13813	7.64
1808	13854	7.66
1809	15138	8.37
1810	15010	8.29
1811	14100	7.79
1812	13714	7.57
1813	13723	7.57
1814	13732	7.57
1815	13736	7.57
1816	13761	7.58
1817	13758	7.57
1818	13736	7.56
1819	14081	7.74
1820	13952	7.67
1821	13939	7.65
1822	13920	7.64
1823	13922	7.64
1824	13943	7.64
1825	15385	8.43
1826	13939	7.63
1827	14822	8.11
1828	13971	7.64
1829	13953	7.63
1830	14056	7.68
1831	13999	7.65
1832	14013	7.65
1833	13990	7.63
1834	14023	7.65
1835	16512	9.00
1836	14001	7.63
1837	14032	7.64
1838	14022	7.63
1839	14028	7.63
1840	15727	8.55
1841	16738	9.09
1842	14023	7.61
1843	14038	7.62
1844	14036	7.61
1845	14035	7.61
1846	14054	7.61
1847	14077	7.62
1848	14092	7.63
1849	15416	8.34
1850	18964	10.25
1851	14164	7.65
1852	14170	7.65
1853	14298	7.72
1854	14043	7.57
1855	16301	8.79
1856	15829	8.53
1857	18472	9.95
1858	14599	7.86
1859	14793	7.96
1860	14428	7.76
1861	14404	7.74
1862	14449	7.76
1863	14447	7.75
1864	14468	7.76
1865	14786	7.93
1866	14760	7.91
1867	14457	7.74
1868	14448	7.73
1869	14596	7.81
1870	14519	7.76
1871	14488	7.74
1872	14498	7.74
1873	14506	7.74
1874	14498	7.74
1875	14524	7.75
1876	14536	7.75
1877	14522	7.74
1878	14563	7.75
1879	14548	7.74
1880	14551	7.74
1881	15954	8.48
1882	18463	9.81
1883	14627	7.77
1884	14625	7.76
1885	14639	7.77
1886	14644	7.76
1887	14641	7.76
1888	14603	7.73
1889	14617	7.74
1890	14621	7.74
1891	14639	7.74
1892	15090	7.98
1893	14596	7.71
1894	14573	7.69
1895	14696	7.76
1896	15011	7.92
1897	15898	8.38
1898	14307	7.54
1899	14314	7.54
1900	15453	8.13
1901	18901	9.94
1902	15239	8.01
1903	14468	7.60
1904	14441	7.58
1905	14442	7.58
1906	14529	7.62
1907	14430	7.57
1908	14446	7.57
1909	14455	7.57
1910	14553	7.62
1911	15747	8.24
1912	15550	8.13
1913	14538	7.60
1914	14517	7.58
1915	14551	7.60
1916	14543	7.59
1917	14549	7.59
1918	14555	7.59
1919	15615	8.14
1920	15006	7.82
1921	14539	7.57
1922	14534	7.56
1923	14555	7.57
1924	14542	7.56
1925	14947	7.76
1926	14468	7.51
1927	14449	7.50
1928	14491	7.52
1929	14457	7.49
1930	14500	7.51
1931	15107	7.82
1932	14867	7.70
1933	14863	7.69
1934	14878	7.69
1935	14893	7.70
1936	14855	7.67
1937	14719	7.60
1938	14708	7.59
1939	14669	7.57
1940	14665	7.56
1941	14666	7.56
1942	14673	7.56
1943	14697	7.56
1944	15127	7.78
1945	14627	7.52
1946	14631	7.52
1947	14659	7.53
1948	15258	7.83
1949	25013	12.83
1950	14734	7.56
1951	14673	7.52
1952	14691	7.53
1953	16811	8.61
1954	14603	7.47
1955	14897	7.62
1956	15014	7.68
1957	15009	7.67
1958	15028	7.68
1959	15014	7.66
1960	15001	7.65
1961	15041	7.67
1962	16896	8.61
1963	16403	8.36
1964	14852	7.56
1965	14817	7.54
1966	14824	7.54
1967	14835	7.54
1968	15061	7.65
1969	19249	9.78
1970	17450	8.86
1971	15499	7.86
1972	14875	7.54
1973	14870	7.54
1974	14846	7.52
1975	16761	8.49
1976	14960	7.57
1977	15823	8.00
1978	15776	7.98
1979	15182	7.67
1980	15212	7.68
1981	15205	7.68
1982	15229	7.68
1983	15194	7.66
1984	16644	8.39
1985	15216	7.67
1986	15234	7.67
1987	15224	7.66
1988	20705	10.41
1989	15967	8.03
1990	15373	7.73
1991	14904	7.49
1992	15024	7.54
1993	14961	7.51
1994	14961	7.50
1995	14957	7.50
1996	14974	7.50
1997	14994	7.51
1998	14986	7.50
1999	18351	9.18
2000	15111	7.56
2001	15242	7.62
2002	15301	7.64
2003	15334	7.66
2004	15321	7.65
2005	15352	7.66
2006	15336	7.65
2007	15337	7.64
2008	15743	7.84
2009	16680	8.30
2010	15177	7.55
2011	17977	8.94
2012	17278	8.59
2013	15221	7.56
2014	15222	7.56
2015	15220	7.55
2016	15328	7.60
2017	15086	7.48
2018	15122	7.49
2019	15120	7.49
2020	15131	7.49
2021	15155	7.50
2022	15838	7.83
2023	15184	7.51
2024	15178	7.50
2025	15183	7.50
2026	15176	7.49
2027	15190	7.49
2028	15200	7.50
2029	15652	7.71
2030	15323	7.55
2031	15267	7.52
2032	15373	7.57
2033	15284	7.52
2034	15314	7.53
2035	15343	7.54
2036	15307	7.52
2037	15331	7.53
2038	15324	7.52
2039	15406	7.56
2040	17750	8.70
2041	15322	7.51
2042	15319	7.50
2043	15807	7.74
2044	16396	8.02
2045	20280	9.92
2046	15625	7.64
2047	15624	7.63
2048	16228	7.92
2049	17216	8.40
2050	15710	7.66
2051	15712	7.66
2052	16575	8.08
2053	15810	7.70
2054	18446	8.98
2055	17233	8.39
2056	18165	8.84
2057	17905	8.70
2058	15674	7.62
2059	15687	7.62
2060	15688	7.62
2061	16606	8.06
2062	15658	7.59
2063	15605	7.56
2064	17263	8.36
2065	16320	7.90
2066	16341	7.91
2067	16512	7.99
2068	16462	7.96
2069	16363	7.91
2070	16356	7.90
2071	16376	7.91
2072	16378	7.90
2073	16379	7.90
2074	18723	9.03
2075	15785	7.61
2076	15809	7.62
2077	15846	7.63
2078	15756	7.58
2079	15771	7.59
2080	15743	7.57
2081	15764	7.58
2082	15928	7.65
2083	15879	7.62
2084	15760	7.56
2085	15865	7.61
2086	15760	7.56
2087	25507	12.22
2088	26704	12.79
2089	18289	8.75
2090	18550	8.88
2091	22609	10.81
2092	22688	10.85
2093	22673	10.83
2094	22761	10.87
2095	22725	10.85
2096	21834	10.42
2097	18442	8.79
2098	18431	8.79
2099	18350	8.74
2100	21730	10.35
2101	18579	8.84
2102	18584	8.84
2103	18590	8.84
2104	18594	8.84
2105	19606	9.31
2106	16567	7.87
2107	16576	7.87
2108	16903	8.02
2109	17468	8.28
2110	16561	7.85
2111	18579	8.80
2112	16608	7.86
2113	16634	7.87
2114	16648	7.88
2115	16670	7.88
2116	16654	7.87
2117	16673	7.88
2118	17868	8.44
2119	16022	7.56
2120	16012	7.55
2121	17463	8.23
2122	16018	7.55
2123	16143	7.60
2124	16196	7.63
2125	16058	7.56
2126	16066	7.56
2127	16066	7.55
2128	16053	7.54
2129	16077	7.55
2130	16083	7.55
2131	16101	7.56
2132	17819	8.36
2133	18385	8.62
2134	16560	7.76
2135	16749	7.84
2136	16746	7.84
2137	16743	7.83
2138	17563	8.21
2139	17648	8.25
2140	22848	10.68
2141	18084	8.45
2142	19123	8.93
2143	16815	7.85
2144	16946	7.90
2145	16846	7.85
2146	16857	7.86
2147	18003	8.39
2148	16763	7.80
2149	19622	9.13
2150	17979	8.36
2151	17681	8.22
2152	18345	8.52
2153	17460	8.11
2154	16904	7.85
2155	16902	7.84
2156	17066	7.92
2157	16903	7.84
2158	16923	7.84
2159	18747	8.68
2160	16406	7.60
2161	16410	7.59
2162	16433	7.60
2163	17893	8.27
2164	16450	7.60
2165	16447	7.60
2166	17540	8.10
2167	16395	7.57
2168	16367	7.55
2169	16394	7.56
2170	16626	7.66
2171	17076	7.87
2172	16562	7.63
2173	19382	8.92
2174	16498	7.59
2175	16493	7.58
2176	16496	7.58
2177	16496	7.58
2178	16517	7.58
2179	16520	7.58
2180	17380	7.97
2181	16536	7.58
2182	16519	7.57
2183	16507	7.56
2184	16511	7.56
2185	17551	8.03
2186	16538	7.57
2187	16551	7.57
2188	16556	7.57
2189	16576	7.57
2190	17799	8.13
2191	17120	7.81
2192	17154	7.83
2193	20027	9.13
2194	17152	7.82
2195	17148	7.81
2196	18003	8.20
2197	17637	8.03
2198	16583	7.54
2199	16595	7.55
2200	17524	7.97
2201	16571	7.53
2202	16574	7.53
2203	16570	7.52
2204	16589	7.53
2205	16579	7.52
2206	16492	7.48
2207	16495	7.47
2208	16525	7.48
2209	16699	7.56
2210	16508	7.47
2211	16521	7.47
2212	16530	7.47
2213	17487	7.90
2214	17588	7.94
2215	19955	9.01
2216	17469	7.88
2217	17135	7.73
2218	18776	8.47
2219	27029	12.18
2220	26100	11.76
2221	26470	11.92
2222	21571	9.71
2223	18047	8.12
2224	17489	7.86
2225	19773	8.89
2226	19723	8.86
2227	24618	11.05
2228	17636	7.92
2229	16930	7.60
2230	18413	8.26
2231	17487	7.84
2232	17474	7.83
2233	17976	8.05
2234	17499	7.83
2235	17590	7.87
2236	17430	7.80
2237	17406	7.78
2238	17432	7.79
2239	17969	8.03
2240	22233	9.93
2241	16813	7.50
2242	16822	7.50
2243	16847	7.51
2244	17072	7.61
2245	22318	9.94
2246	20733	9.23
2247	18745	8.34
2248	17065	7.59
2249	17041	7.58
2250	16970	7.54
2251	16912	7.51
2252	16887	7.50
2253	16892	7.50
2254	16914	7.50
2255	17202	7.63
2256	16975	7.52
2257	19396	8.59
2258	17560	7.78
2259	19032	8.42
2260	17715	7.84
2261	17627	7.80
2262	17563	7.76
2263	17576	7.77
2264	17583	7.77
2265	19335	8.54
2266	18515	8.17
2267	19444	8.58
2268	17733	7.82
2269	17616	7.76
2270	17619	7.76
2271	17641	7.77
2272	17811	7.84
2273	17685	7.78
2274	17668	7.77
2275	19808	8.71
2276	17691	7.77
2277	17698	7.77
2278	18439	8.09
2279	17076	7.49
2280	17101	7.50
2281	22651	9.93
2282	20222	8.86
2283	17157	7.52
2284	17158	7.51
2285	17157	7.51
2286	17162	7.51
2287	17182	7.51
2288	17177	7.51
2289	17175	7.50
2290	17171	7.50
2291	17194	7.51
2292	17199	7.50
2293	17224	7.51
2294	17605	7.67
2295	17180	7.49
2296	17187	7.49
2297	17200	7.49
2298	17186	7.48
2299	17214	7.49
2300	19451	8.46
2301	18006	7.83
2302	18814	8.17
2303	17726	7.70
2304	17206	7.47
2305	19429	8.43
2306	17192	7.46
2307	17211	7.46
2308	17184	7.45
2309	17184	7.44
2310	17205	7.45
2311	17246	7.46
2312	17231	7.45
2313	17236	7.45
2314	17242	7.45
2315	18002	7.78
2316	17427	7.52
2317	17360	7.49
2318	17346	7.48
2319	17347	7.48
2320	17369	7.49
2321	17384	7.49
2322	17367	7.48
2323	17705	7.62
2324	17456	7.51
2325	17459	7.51
2326	18385	7.90
2327	18104	7.78
2328	18040	7.75
2329	18061	7.75
2330	18067	7.75
2331	18066	7.75
2332	18090	7.76
2333	18118	7.77
2334	18237	7.81
2335	17436	7.47
2336	17369	7.44
2337	17380	7.44
2338	17692	7.57
2339	19848	8.49
2340	23916	10.22
2341	18156	7.76
2342	18199	7.77
2343	18183	7.76
2344	18256	7.79
2345	18179	7.75
2346	18196	7.76
2347	21773	9.28
2348	18206	7.75
2349	18390	7.83
2350	18239	7.76
2351	18326	7.79
2352	18325	7.79
2353	18296	7.78
2354	18264	7.76
2355	18274	7.76
2356	18270	7.75
2357	19847	8.42
2358	22564	9.57
2359	18489	7.84
2360	18378	7.79
2361	18065	7.65
2362	18296	7.75
2363	18254	7.72
2364	18235	7.71
2365	18239	7.71
2366	18239	7.71
2367	18259	7.71
2368	18538	7.83
2369	18226	7.69
2370	18233	7.69
2371	19966	8.42
2372	17674	7.45
2373	17689	7.45
2374	17656	7.44
2375	17661	7.44
2376	17701	7.45
2377	17683	7.44
2378	17721	7.45
2379	17740	7.46
2380	17728	7.45
2381	18770	7.88
2382	20310	8.53
2383	17806	7.47
2384	17771	7.45
2385	17801	7.46
2386	17812	7.47
2387	17807	7.46
2388	17804	7.46
2389	17810	7.46
2390	18353	7.68
2391	18418	7.70
2392	18670	7.81
2393	18415	7.70
2394	18522	7.74
2395	21737	9.08
2396	17857	7.45
2397	17888	7.46
2398	18688	7.79
2399	18628	7.76
2400	18994	7.91
2401	18479	7.70
2402	18505	7.70
2403	18509	7.70
2404	18502	7.70
2405	18524	7.70
2406	18515	7.70
2407	20050	8.33
2408	18538	7.70
2409	18547	7.70
2410	18547	7.70
2411	19160	7.95
2412	18565	7.70
2413	18854	7.81
2414	17996	7.45
2415	18022	7.46
2416	17967	7.44
2417	18060	7.47
2418	18006	7.45
2419	18005	7.44
2420	18015	7.44
2421	18004	7.44
2422	18018	7.44
2423	18037	7.44
2424	18030	7.44
2425	18058	7.45
2426	18786	7.74
2427	18079	7.45
2428	18088	7.45
2429	18056	7.43
2430	18085	7.44
2431	19471	8.01
2432	20912	8.60
2433	18372	7.55
2434	18110	7.44
2435	18095	7.43
2436	19702	8.09
2437	24690	10.13
2438	20195	8.28
2439	18728	7.68
2440	18717	7.67
2441	18737	7.68
2442	18757	7.68
2443	18839	7.71
2444	20514	8.39
2445	19966	8.17
2446	18900	7.73
2447	20368	8.32
2448	26047	10.64
2449	19796	8.08
2450	18767	7.66
2451	18771	7.66
2452	21341	8.70
2453	19196	7.83
2454	18314	7.46
2455	18214	7.42
2456	18206	7.41
2457	18202	7.41
2458	18300	7.45
2459	18226	7.41
2460	18359	7.46
2461	18312	7.44
2462	18263	7.42
2463	18256	7.41
2464	18318	7.43
2465	18272	7.41
2466	18282	7.41
2467	18301	7.42
2468	18535	7.51
2469	18380	7.44
2470	18319	7.42
2471	18312	7.41
2472	18301	7.40
2473	18335	7.41
2474	18347	7.42
2475	18358	7.42
2476	20198	8.16
2477	19597	7.91
2478	18951	7.65
2479	18960	7.65
2480	18956	7.64
2481	19255	7.76
2482	18415	7.42
2483	21208	8.54
2484	19475	7.84
2485	19129	7.70
2486	19135	7.70
2487	19119	7.69
2488	19259	7.74
2489	19181	7.71
2490	19087	7.67
2491	19080	7.66
2492	19086	7.66
2493	19094	7.66
2494	19109	7.66
2495	20528	8.23
2496	19104	7.65
2497	20121	8.06
2498	19102	7.65
2499	19109	7.65
2500	19773	7.91
2501	18533	7.41
2502	18502	7.39
2503	18499	7.39
2504	18472	7.38
2505	18471	7.37
2506	18492	7.38
2507	18493	7.38
2508	18467	7.36
2509	20833	8.30
2510	19525	7.78
2511	18548	7.39
2512	18544	7.38
2513	18567	7.39
2514	18565	7.38
2515	18592	7.39
2516	19364	7.70
2517	21832	8.67
2518	18736	7.44
2519	18621	7.39
2520	20027	7.95
2521	18628	7.39
2522	18650	7.39
2523	19143	7.59
2524	18758	7.43
2525	18698	7.41
2526	18668	7.39
2527	18695	7.40
2528	20165	7.98
2529	18703	7.40
2530	18766	7.42
2531	18724	7.40
2532	18738	7.40
2533	18731	7.39
2534	18757	7.40
2535	18751	7.40
2536	18766	7.40
2537	19799	7.80
2538	24264	9.56
2539	18831	7.42
2540	18860	7.43
2541	18965	7.46
2542	18842	7.41
2543	18834	7.41
2544	18856	7.41
2545	18833	7.40
2546	18848	7.40
2547	22674	8.90
2548	19455	7.64
2549	19452	7.63
2550	19737	7.74
2551	20239	7.93
2552	22982	9.01
2553	20928	8.20
2554	20945	8.20
2555	18922	7.41
2556	18929	7.41
2557	19807	7.75
2558	19018	7.43
2559	18981	7.42
2560	18951	7.40
2561	20187	7.88
2562	18998	7.42
2563	18978	7.40
2564	19016	7.42
2565	19014	7.41
2566	19601	7.64
2567	19030	7.41
2568	19015	7.40
2569	19048	7.41
2570	19027	7.40
2571	23089	8.98
2572	19084	7.42
2573	19097	7.42
2574	19089	7.42
2575	19094	7.42
2576	19052	7.40
2577	19023	7.38
2578	19087	7.40
2579	19674	7.63
2580	19130	7.41
2581	19143	7.42
2582	19147	7.42
2583	19176	7.42
2584	20604	7.97
2585	20280	7.85
2586	23069	8.92
2587	24374	9.42
2588	19105	7.38
2589	19111	7.38
2590	19112	7.38
2591	21052	8.13
2592	19161	7.39
2593	19157	7.39
2594	19222	7.41
2595	19133	7.37
2596	19125	7.37
2597	20581	7.92
2598	19125	7.36
2599	20108	7.74
2600	23144	8.90
2601	19220	7.39
2602	20346	7.82
2603	19851	7.63
2604	19648	7.55
2605	19241	7.39
2606	19259	7.39
2607	19301	7.40
2608	19751	7.57
2609	19319	7.40
2610	19317	7.40
2611	19309	7.40
2612	32684	12.51
2613	19364	7.41
2614	19340	7.40
2615	19381	7.41
2616	19261	7.36
2617	19247	7.35
2618	19274	7.36
2619	19750	7.54
2620	19316	7.37
2621	19299	7.36
2622	20803	7.93
2623	19330	7.37
2624	19313	7.36
2625	19367	7.38
2626	19356	7.37
2627	19375	7.38
2628	19381	7.37
2629	19901	7.57
2630	19456	7.40
2631	19636	7.46
2632	19435	7.38
2633	19415	7.37
2634	20642	7.84
2635	24180	9.18
2636	22453	8.52
2637	19491	7.39
2638	19505	7.39
2639	20933	7.93
2640	20082	7.61
2641	20101	7.61
2642	20098	7.61
2643	20120	7.61
2644	20110	7.61
2645	21569	8.15
2646	20099	7.60
2647	20112	7.60
2648	20610	7.78
2649	20184	7.62
2650	20146	7.60
2651	20162	7.61
2652	20138	7.59
2653	23663	8.92
2654	21120	7.96
2655	21299	8.02
2656	19594	7.38
2657	21670	8.16
2658	19709	7.41
2659	19656	7.39
2660	20070	7.55
2661	20749	7.80
2662	19802	7.44
2663	20206	7.59
2664	20245	7.60
2665	20245	7.60
2666	20235	7.59
2667	20278	7.60
2668	20286	7.60
2669	21664	8.12
2670	20685	7.75
2671	20270	7.59
2672	20236	7.57
2673	20264	7.58
2674	20231	7.57
2675	22355	8.36
2676	20206	7.55
2677	20218	7.55
2678	20645	7.71
2679	22016	8.22
2680	20304	7.58
2681	20303	7.57
2682	20285	7.56
2683	20281	7.56
2684	20290	7.56
2685	20334	7.57
2686	20295	7.56
2687	20389	7.59
2688	21924	8.16
2689	23750	8.83
2690	20501	7.62
2691	20498	7.62
2692	20480	7.61
2693	20480	7.60
2694	20501	7.61
2695	20500	7.61
2696	20475	7.59
2697	20501	7.60
2698	20718	7.68
2699	20437	7.57
2700	23415	8.67
2701	22692	8.40
2702	21211	7.85
2703	19917	7.37
2704	19836	7.34
2705	19847	7.34
2706	20117	7.43
2707	20396	7.53
2708	19976	7.38
2709	20902	7.72
2710	21415	7.90
2711	19998	7.38
2712	19956	7.36
2713	19950	7.35
2714	20003	7.37
2715	20008	7.37
2716	20040	7.38
2717	22153	8.15
2718	23007	8.46
2719	20013	7.36
2720	19908	7.32
2721	20003	7.35
2722	20101	7.38
2723	19959	7.33
2724	19957	7.33
2725	19957	7.32
2726	19940	7.31
2727	19983	7.33
2728	21425	7.85
2729	19960	7.31
2730	19982	7.32
2731	19975	7.31
2732	20390	7.46
2733	20011	7.32
2734	30622	11.20
2735	31675	11.58
2736	20643	7.54
2737	20637	7.54
2738	21867	7.99
2739	20477	7.48
2740	20178	7.36
2741	20148	7.35
2742	20169	7.36
2743	21346	7.78
2744	20619	7.51
2745	20658	7.53
2746	20672	7.53
2747	21352	7.77
2748	20985	7.64
2749	23211	8.44
2750	22240	8.09
2751	21676	7.88
2752	20415	7.42
2753	20557	7.47
2754	20204	7.34
2755	21872	7.94
2756	20236	7.34
2757	20252	7.35
2758	20207	7.33
2759	20227	7.33
2760	20247	7.34
2761	21702	7.86
2762	22018	7.97
2763	20942	7.58
2764	20870	7.55
2765	21313	7.71
2766	20930	7.57
2767	20256	7.32
2768	20465	7.39
2769	20301	7.33
2770	20280	7.32
2771	20281	7.32
2772	31727	11.45
2773	33604	12.12
2774	30507	11.00
2775	29178	10.51
2776	25380	9.14
2777	23550	8.48
2778	27471	9.89
2779	27635	9.94
2780	23562	8.48
2781	23586	8.48
2782	24607	8.85
2783	25703	9.24
2784	22123	7.95
2785	21039	7.55
2786	21042	7.55
2787	21113	7.58
2788	21009	7.54
2789	21020	7.54
2790	21323	7.64
2791	21059	7.55
2792	21052	7.54
2793	21068	7.54
2794	24664	8.83
2795	20474	7.33
2796	20361	7.28
2797	20412	7.30
2798	20389	7.29
2799	23041	8.23
2800	22781	8.14
2801	21091	7.53
2802	21087	7.53
2803	21093	7.53
2804	21100	7.52
2805	21107	7.52
2806	21111	7.52
2807	21903	7.80
2808	22164	7.89
2809	20573	7.32
2810	20643	7.35
2811	20571	7.32
2812	20615	7.33
2813	20602	7.32
2814	21134	7.51
2815	21790	7.74
2816	21316	7.57
2817	21227	7.54
2818	21231	7.53
2819	21256	7.54
2820	21265	7.54
2821	21264	7.54
2822	21246	7.53
2823	21266	7.53
2824	21268	7.53
2825	21268	7.53
2826	21500	7.61
2827	23731	8.39
2828	21693	7.67
2829	20702	7.32
2830	20703	7.32
2831	20701	7.31
2832	22905	8.09
2833	24474	8.64
2834	20798	7.34
2835	20819	7.34
2836	21717	7.66
2837	22049	7.77
2838	22172	7.81
2839	23780	8.38
2840	27568	9.71
2841	21563	7.59
2842	21330	7.51
2843	21337	7.51
2844	21355	7.51
2845	28804	10.12
2846	20773	7.30
2847	20720	7.28
2848	20796	7.30
2849	20770	7.29
2850	20820	7.31
2851	20800	7.30
2852	20811	7.30
2853	20821	7.30
2854	21533	7.54
2855	21288	7.46
2856	20799	7.28
2857	20814	7.29
2858	20846	7.29
2859	20867	7.30
2860	20839	7.29
2861	20839	7.28
2862	20842	7.28
2863	21579	7.54
2864	21331	7.45
2865	20913	7.30
2866	20897	7.29
2867	20865	7.28
2868	20899	7.29
2869	21385	7.45
2870	20952	7.30
2871	20960	7.30
2872	20981	7.31
2873	20957	7.29
2874	20951	7.29
2875	20954	7.29
2876	20955	7.29
2877	20937	7.28
2878	21056	7.32
2879	20973	7.28
2880	20975	7.28
2881	20993	7.29
2882	22595	7.84
2883	24339	8.44
2884	21087	7.31
2885	22884	7.93
2886	21258	7.37
2887	21162	7.33
2888	21176	7.33
2889	21164	7.33
2890	21131	7.31
2891	23806	8.23
2892	21077	7.29
2893	21072	7.28
2894	21062	7.28
2895	23601	8.15
2896	20982	7.25
2897	20954	7.23
2898	20983	7.24
2899	20995	7.24
2900	23264	8.02
2901	21775	7.51
2902	21770	7.50
2903	21786	7.50
2904	21898	7.54
2905	21907	7.54
2906	21802	7.50
2907	21796	7.50
2908	21782	7.49
2909	21793	7.49
2910	25104	8.63
2911	21229	7.29
2912	21472	7.37
2913	21310	7.32
2914	21326	7.32
2915	29072	9.97
2916	23023	7.90
2917	21513	7.38
2918	21493	7.37
2919	21277	7.29
2920	21268	7.28
2921	21279	7.28
2922	22499	7.70
2923	22623	7.74
2924	21896	7.49
2925	21916	7.49
2926	21913	7.49
2927	21919	7.49
2928	21918	7.49
2929	21920	7.48
2930	21915	7.48
2931	22592	7.71
2932	26006	8.87
2933	23841	8.13
2934	21410	7.30
2935	21415	7.30
2936	22510	7.67
2937	21445	7.30
2938	22750	7.74
2939	22664	7.71
2940	22124	7.53
2941	22199	7.55
2942	21462	7.30
2943	21445	7.29
2944	22837	7.76
2945	30528	10.37
2946	24758	8.40
2947	21488	7.29
2948	21480	7.29
2949	21482	7.28
2950	22040	7.47
2951	22133	7.50
2952	24339	8.24
2953	21467	7.27
2954	21427	7.25
2955	21463	7.26
2956	23714	8.02
2957	21432	7.25
2958	21750	7.35
2959	21473	7.26
2960	21462	7.25
2961	21459	7.25
2962	21480	7.25
2963	24063	8.12
2964	21575	7.28
2965	21598	7.28
2966	21587	7.28
2967	21592	7.28
2968	21692	7.31
2969	21686	7.30
2970	21613	7.28
2971	21610	7.27
2972	22022	7.41
2973	22987	7.73
2974	21539	7.24
2975	22530	7.57
2976	24912	8.37
2977	23292	7.82
2978	21704	7.29
2979	21688	7.28
2980	22072	7.41
2981	22609	7.58
2982	24025	8.06
2983	22180	7.44
2984	22423	7.51
2985	21698	7.27
2986	21780	7.29
2987	21714	7.27
2988	21719	7.27
2989	23384	7.82
2990	24175	8.09
2991	23637	7.90
2992	22316	7.46
2993	22320	7.46
2994	22354	7.47
2995	29476	9.84
2996	22684	7.57
2997	22442	7.49
2998	22317	7.44
2999	22294	7.43
3000	22425	7.47
3001	21808	7.27
3002	22735	7.57
3003	24441	8.14
3004	22105	7.36
3005	21836	7.27
3006	22376	7.44
3007	22560	7.50
3008	23219	7.72
3009	22454	7.46
3010	22423	7.45
3011	22658	7.53
3012	22414	7.44
3013	22429	7.44
3014	22439	7.44
3015	22463	7.45
3016	23048	7.64
3017	26972	8.94
3018	22479	7.45
3019	26099	8.64
3020	21925	7.26
3021	21904	7.25
3022	21887	7.24
3023	21889	7.24
3024	22618	7.48
3025	22000	7.27
3026	21942	7.25
3027	21938	7.25
3028	22959	7.58
3029	21963	7.25
3030	23072	7.61
3031	26809	8.84
3032	24817	8.19
3033	21979	7.25
3034	21975	7.24
3035	21985	7.24
3036	22693	7.47
3037	22633	7.45
3038	22990	7.57
3039	22651	7.45
3040	26059	8.57
3041	22039	7.25
3042	22008	7.23
3043	24013	7.89
3044	23068	7.58
3045	23151	7.60
3046	23444	7.70
3047	29111	9.55
3048	23230	7.62
3049	23174	7.60
3050	22193	7.28
3051	22099	7.24
3052	22116	7.25
3053	22103	7.24
3054	23105	7.57
3055	22140	7.25
3056	22117	7.24
3057	22152	7.25
3058	24044	7.86
3059	23422	7.66
3060	22246	7.27
3061	22264	7.27
3062	23176	7.57
3063	22791	7.44
3064	22780	7.43
3065	22782	7.43
3066	23085	7.53
3067	22095	7.20
3068	24048	7.84
3069	23201	7.56
3070	22197	7.23
3071	23178	7.55
3072	22082	7.19
3073	22072	7.18
3074	22105	7.19
3075	26126	8.50
3076	22587	7.34
3077	22308	7.25
3078	22287	7.24
3079	22277	7.24
3080	22613	7.34
3081	22295	7.24
3082	23239	7.54
3083	22866	7.42
3084	22891	7.42
3085	22887	7.42
3086	22900	7.42
3087	22935	7.43
3088	22960	7.44
3089	22970	7.44
3090	22964	7.43
3091	23385	7.57
3092	22991	7.44
3093	22985	7.43
3094	33065	10.69
3095	24448	7.90
3096	22371	7.23
3097	22396	7.23
3098	22392	7.23
3099	22389	7.22
3100	23029	7.43
3101	22409	7.23
3102	22562	7.27
3103	23459	7.56
3104	25240	8.13
3105	22697	7.31
3106	22471	7.23
3107	22497	7.24
3108	22474	7.23
3109	22477	7.23
3110	22766	7.32
3111	23365	7.51
3112	22504	7.23
3113	22539	7.24
3114	22543	7.24
3115	25745	8.26
3116	23115	7.42
3117	23232	7.45
3118	23159	7.43
3119	23275	7.46
3120	23194	7.43
3121	22598	7.24
3122	22609	7.24
3123	22629	7.25
3124	23116	7.40
3125	22997	7.36
3126	22608	7.23
3127	22614	7.23
3128	22819	7.30
3129	23310	7.45
3130	30639	9.79
3131	23269	7.43
3132	27113	8.66
3133	27129	8.66
3134	22792	7.27
3135	22784	7.27
3136	22882	7.30
3137	23251	7.41
3138	23361	7.44
3139	25383	8.09
3140	23310	7.42
3141	23309	7.42
3142	23340	7.43
3143	24588	7.82
3144	23799	7.57
3145	24219	7.70
3146	25735	8.18
3147	22734	7.22
3148	23028	7.32
3149	22755	7.23
3150	22855	7.26
3151	22798	7.24
3152	22792	7.23
3153	23650	7.50
3154	23795	7.54
3155	24729	7.84
3156	23261	7.37
3157	23299	7.38
3158	25762	8.16
3159	23375	7.40
3160	23332	7.38
3161	23381	7.40
3162	23387	7.40
3163	23367	7.39
3164	23385	7.39
3165	23411	7.40
3166	23408	7.39
3167	23679	7.48
3168	22829	7.21
3169	26483	8.36
3170	25167	7.94
3171	23587	7.44
3172	23532	7.42
3173	25971	8.18
3174	24679	7.78
3175	25242	7.95
3176	23028	7.25
3177	23006	7.24
3178	23021	7.24
3179	22996	7.23
3180	23520	7.40
3181	23077	7.25
3182	22993	7.23
3183	23090	7.25
3184	23000	7.22
3185	22978	7.21
3186	23891	7.50
3187	23045	7.23
3188	23061	7.23
3189	23065	7.23
3190	23040	7.22
3191	23074	7.23
3192	23324	7.31
3193	23349	7.31
3194	25463	7.97
3195	24438	7.65
3196	23076	7.22
3197	23069	7.22
3198	23065	7.21
3199	23493	7.34
3200	23839	7.45
3201	23108	7.22
3202	26964	8.42
3203	23702	7.40
3204	23161	7.23
3205	23179	7.23
3206	23179	7.23
3207	24995	7.79
3208	23968	7.47
3209	23155	7.22
3210	23163	7.22
3211	24610	7.66
3212	23191	7.22
3213	23135	7.20
3214	23184	7.21
3215	24256	7.54
3216	23806	7.40
3217	24542	7.63
3218	23741	7.38
3219	23734	7.37
3220	24785	7.70
3221	23185	7.20
3222	23193	7.20
3223	23204	7.20
3224	23374	7.25
3225	23235	7.20
3226	23193	7.19
3227	23587	7.31
3228	23229	7.20
3229	23528	7.29
3230	30510	9.45
3231	26824	8.30
3232	23310	7.21
3233	23394	7.24
3234	23270	7.20
3235	23750	7.34
3236	23306	7.20
3237	24296	7.51
3238	23376	7.22
3239	23298	7.19
3240	24744	7.64
3241	23317	7.19
3242	23323	7.19
3243	28701	8.85
3244	30684	9.46
3245	26032	8.02
3246	24061	7.41
3247	24148	7.44
3248	23991	7.39
3249	25899	7.97
3250	24029	7.39
3251	23950	7.37
3252	23949	7.36
3253	24229	7.45
3254	24046	7.39
3255	24029	7.38
3256	25930	7.96
3257	25776	7.91
3258	24047	7.38
3259	24034	7.37
3260	24087	7.39
3261	24089	7.39
3262	24439	7.49
3263	24658	7.56
3264	24092	7.38
3265	24077	7.37
3266	24046	7.36
3267	24052	7.36
3268	24280	7.43
3269	27529	8.42
3270	24191	7.40
3271	24135	7.38
3272	24051	7.35
3273	24063	7.35
3274	24087	7.36
3275	24150	7.37
3276	25906	7.91
3277	23634	7.21
3278	23720	7.24
3279	23636	7.21
3280	23662	7.21
3281	23616	7.20
3282	23642	7.20
3283	25820	7.86
3284	24780	7.55
3285	23661	7.20
3286	23629	7.19
3287	23549	7.16
3288	23564	7.17
3289	25958	7.89
3290	24442	7.43
3291	24581	7.47
3292	28841	8.76
3293	23630	7.18
3294	24327	7.39
3295	23644	7.18
3296	25663	7.79
3297	23747	7.20
3298	24214	7.34
3299	23761	7.20
3300	24081	7.30
3301	23839	7.22
3302	23855	7.22
3303	25468	7.71
3304	25869	7.83
3305	24404	7.38
3306	24409	7.38
3307	24907	7.53
3308	24467	7.40
3309	24433	7.38
3310	24420	7.38
3311	24437	7.38
3312	24450	7.38
3313	24470	7.39
3314	24472	7.38
3315	24466	7.38
3316	27015	8.15
3317	24653	7.43
3318	23821	7.18
3319	23837	7.18
3320	23863	7.19
3321	23841	7.18
3322	23852	7.18
3323	26599	8.00
3324	25293	7.61
3325	23927	7.20
3326	24178	7.27
3327	23944	7.20
3328	24974	7.50
3329	31540	9.47
3330	24379	7.32
3331	27515	8.26
3332	23952	7.19
3333	23974	7.19
3334	23923	7.18
3335	24017	7.20
3336	31518	9.45
3337	35979	10.78
3338	28837	8.64
3339	24108	7.22
3340	26989	8.08
3341	24586	7.36
3342	24494	7.33
3343	24031	7.19
3344	24163	7.23
3345	24039	7.19
3346	24062	7.19
3347	24084	7.20
3348	25037	7.48
3349	25182	7.52
3350	28156	8.40
3351	26020	7.76
3352	24797	7.40
3353	24654	7.35
3354	24926	7.43
3355	26593	7.93
3356	24914	7.42
3357	24837	7.40
3358	26305	7.83
3359	24881	7.41
3360	24970	7.43
3361	24907	7.41
3362	24905	7.41
3363	26748	7.95
3364	25684	7.63
3365	26295	7.81
3366	24300	7.22
3367	24238	7.20
3368	24231	7.19
3369	24263	7.20
3370	24594	7.30
3371	24233	7.19
3372	25693	7.62
3373	24254	7.19
3374	25114	7.44
3375	24291	7.20
3376	26961	7.99
3377	26718	7.91
3378	24890	7.37
3379	27123	8.03
3380	24887	7.36
3381	26849	7.94
3382	24862	7.35
3383	24905	7.36
3384	24907	7.36
3385	24899	7.36
3386	26912	7.95
3387	26387	7.79
3388	24975	7.37
3389	25187	7.43
3390	25213	7.44
3391	24323	7.17
3392	24350	7.18
3393	24368	7.18
3394	24355	7.18
3395	24358	7.17
3396	24367	7.18
3397	24875	7.32
3398	24377	7.17
3399	24375	7.17
3400	25048	7.37
3401	25429	7.48
3402	24562	7.22
3403	24289	7.14
3404	24322	7.15
3405	24321	7.14
3406	24487	7.19
3407	24375	7.15
3408	24388	7.16
3409	24317	7.13
3410	24354	7.14
3411	29128	8.54
3412	24472	7.17
3413	24431	7.16
3414	24460	7.16
3415	26538	7.77
3416	25915	7.59
3417	25161	7.36
3418	25187	7.37
3419	25213	7.37
3420	25137	7.35
3421	25421	7.43
3422	25271	7.38
3423	25295	7.39
3424	25256	7.38
3425	25252	7.37
3426	25279	7.38
3427	26626	7.77
3428	34147	9.96
3429	25639	7.48
3430	25196	7.35
3431	25223	7.35
3432	25933	7.56
3433	25417	7.40
3434	24634	7.17
3435	24664	7.18
3436	24653	7.17
3437	24885	7.24
3438	24685	7.18
3439	24649	7.17
3440	28435	8.27
3441	26590	7.73
3442	25948	7.54
3443	25274	7.34
3444	25302	7.35
3445	25302	7.34
3446	27453	7.97
3447	24726	7.17
3448	26237	7.61
3449	24743	7.17
3450	24819	7.19
3451	24739	7.17
3452	28009	8.11
3453	25368	7.35
3454	25968	7.52
3455	25330	7.33
3456	25348	7.33
3457	27283	7.89
3458	25463	7.36
3459	25476	7.37
3460	25457	7.36
3461	25466	7.36
3462	25448	7.35
3463	27296	7.88
3464	25470	7.35
3465	25452	7.35
3466	26114	7.53
3467	28996	8.36
3468	26157	7.54
3469	24791	7.15
3470	24813	7.15
3471	25547	7.36
3472	25345	7.30
3473	25488	7.34
3474	25523	7.35
3475	25514	7.34
3476	26109	7.51
3477	25510	7.34
3478	25981	7.47
3479	25006	7.19
3480	24985	7.18
3481	24987	7.18
3482	25583	7.35
3483	24906	7.15
3484	24856	7.13
3485	24923	7.15
3486	25785	7.40
3487	26056	7.47
3488	25074	7.19
3489	25074	7.19
3490	25141	7.20
3491	25040	7.17
3492	25477	7.30
3493	25056	7.17
3494	25069	7.17
3495	25085	7.18
3496	25089	7.18
3497	25107	7.18
3498	25092	7.17
3499	25091	7.17
3500	25993	7.43
3501	25076	7.16
3502	25077	7.16
3503	30090	8.59
3504	25047	7.15
3505	25012	7.14
3506	25014	7.13
3507	25035	7.14
3508	25031	7.14
3509	27407	7.81
3510	25765	7.34
3511	25784	7.34
3512	27204	7.75
3513	25764	7.33
3514	25761	7.33
3515	25788	7.34
3516	27205	7.74
3517	29932	8.51
3518	25134	7.14
3519	25134	7.14
3520	25092	7.13
3521	25151	7.14
3522	25130	7.14
3523	26913	7.64
3524	26418	7.50
3525	27022	7.67
3526	31354	8.89
3527	25974	7.36
3528	25831	7.32
3529	26670	7.56
3530	29051	8.23
3531	27298	7.73
3532	25537	7.23
3533	25496	7.22
3534	25474	7.21
3535	27904	7.89
3536	25681	7.26
3537	25825	7.30
3538	26606	7.52
3539	26160	7.39
3540	25821	7.29
3541	25884	7.31
3542	26650	7.52
3543	25871	7.30
3544	25721	7.26
3545	25733	7.26
3546	25729	7.26
3547	27794	7.84
3548	25514	7.19
3549	25671	7.23
3550	25616	7.22
3551	25495	7.18
3552	25483	7.17
3553	25500	7.18
3554	26027	7.32
3555	25482	7.17
3556	25514	7.17
3557	25503	7.17
3558	25566	7.19
3559	25562	7.18
3560	29281	8.22
3561	25455	7.15
3562	25407	7.13
3563	27951	7.84
3564	25602	7.18
3565	25527	7.16
3566	25988	7.29
3567	25459	7.14
3568	25722	7.21
3569	25472	7.14
3570	25749	7.21
3571	29584	8.28
3572	25535	7.15
3573	25528	7.14
3574	25534	7.14
3575	25567	7.15
3576	25563	7.15
3577	26106	7.30
3578	26425	7.39
3579	27016	7.55
3580	30699	8.58
3581	27278	7.62
3582	25641	7.16
3583	25620	7.15
3584	26130	7.29
3585	26952	7.52
3586	26343	7.35
3587	26366	7.35
3588	26361	7.35
3589	26361	7.34
3590	26375	7.35
3591	26399	7.35
3592	26391	7.35
3593	32609	9.08
3594	25757	7.17
3595	25753	7.16
3596	25764	7.16
3597	25762	7.16
3598	25767	7.16
3599	26133	7.26
3600	26567	7.38
3601	28003	7.78
3602	27118	7.53
3603	25795	7.16
3604	30853	8.56
3605	25789	7.15
3606	25994	7.21
3607	25805	7.15
3608	25881	7.17
3609	25791	7.15
3610	26300	7.29
3611	25847	7.16
3612	25814	7.15
3613	25858	7.16
3614	26643	7.37
3615	32716	9.05
3616	27813	7.69
3617	26464	7.32
3618	26724	7.39
3619	26427	7.30
3620	26447	7.31
3621	26490	7.32
3622	27634	7.63
3623	25831	7.13
3624	25774	7.11
3625	25824	7.12
3626	32895	9.07
3627	28743	7.92
3628	28164	7.76
3629	29505	8.13
3630	26629	7.34
3631	26568	7.32
3632	26611	7.33
3633	26606	7.32
3634	27623	7.60
3635	27744	7.63
3636	26560	7.30
3637	26683	7.34
3638	26641	7.32
3639	26645	7.32
3640	26566	7.30
3641	26659	7.32
3642	25964	7.13
3643	26426	7.25
3644	25994	7.13
3645	27042	7.42
3646	26591	7.29
3647	26700	7.32
3648	28311	7.76
3649	26140	7.16
3650	26081	7.15
3651	26331	7.21
3652	27318	7.48
3653	26404	7.23
3654	27167	7.43
3655	26054	7.13
3656	26168	7.16
3657	31564	8.63
3658	26856	7.34
3659	26689	7.29
3660	26978	7.37
3661	27411	7.49
3662	26679	7.29
3663	27249	7.44
3664	29487	8.05
3665	29390	8.02
3666	26730	7.29
3667	26730	7.29
3668	26708	7.28
3669	26734	7.29
3670	28309	7.71
3671	26602	7.25
3672	26664	7.26
3673	26238	7.14
3674	26165	7.12
3675	26149	7.12
3676	26173	7.12
3677	26968	7.33
3678	26231	7.13
3679	26747	7.27
3680	29990	8.15
3681	27316	7.42
3682	27151	7.37
3683	26404	7.17
3684	26398	7.17
3685	26395	7.16
3686	27127	7.36
3687	26939	7.31
3688	26923	7.30
3689	29872	8.10
3690	27314	7.40
3691	26963	7.31
3692	26300	7.12
3693	26508	7.18
3694	26761	7.24
3695	26326	7.12
3696	26325	7.12
3697	27803	7.52
3698	26338	7.12
3699	26373	7.13
3700	29506	7.97
3701	27760	7.50
3702	26323	7.11
3703	26329	7.11
3704	26334	7.11
3705	26638	7.19
3706	26378	7.12
3707	26380	7.12
3708	26401	7.12
3709	27370	7.38
3710	27300	7.36
3711	26389	7.11
3712	26432	7.12
3713	26410	7.11
3714	28118	7.57
3715	27322	7.35
3716	26542	7.14
3717	26521	7.14
3718	26444	7.11
3719	26391	7.10
3720	26422	7.10
3721	26413	7.10
3722	26427	7.10
3723	29549	7.94
3724	27356	7.35
3725	33517	9.00
3726	27207	7.30
3727	27216	7.30
3728	27219	7.30
3729	27434	7.36
3730	27122	7.27
3731	27105	7.26
3732	27130	7.27
3733	27163	7.28
3734	27857	7.46
3735	28572	7.65
3736	27238	7.29
3737	30484	8.16
3738	28883	7.73
3739	27249	7.29
3740	26668	7.13
3741	26633	7.12
3742	27392	7.32
3743	26667	7.12
3744	30524	8.15
3745	26678	7.12
3746	29075	7.76
3747	28007	7.47
3748	31501	8.40
3749	34333	9.16
3750	28534	7.61
3751	27290	7.28
3752	27294	7.27
3753	27615	7.36
3754	27425	7.31
3755	27338	7.28
3756	27539	7.33
3757	30142	8.02
3758	26825	7.14
3759	26809	7.13
3760	26845	7.14
3761	26830	7.13
3762	26823	7.13
3763	27211	7.23
3764	28542	7.58
3765	29474	7.83
3766	27399	7.28
3767	27418	7.28
3768	27434	7.28
3769	27428	7.28
3770	27444	7.28
3771	28036	7.43
3772	29667	7.87
3773	26817	7.11
3774	26836	7.11
3775	26829	7.11
3776	26852	7.11
3777	30561	8.09
3778	31673	8.38
3779	32792	8.68
3780	31709	8.39
3781	31225	8.26
3782	27209	7.19
3783	26995	7.14
3784	27113	7.17
3785	28752	7.60
3786	26942	7.12
3787	26996	7.13
3788	26986	7.12
3789	26967	7.12
3790	30385	8.02
3791	27689	7.30
3792	27668	7.30
3793	27674	7.30
3794	27732	7.31
3795	27683	7.29
3796	27695	7.30
3797	27724	7.30
3798	27717	7.30
3799	28473	7.49
3800	28307	7.45
3801	27739	7.30
3802	27739	7.30
3803	27761	7.30
3804	27696	7.28
3805	27735	7.29
3806	34687	9.11
3807	29728	7.81
3808	27729	7.28
3809	27729	7.28
3810	27741	7.28
3811	27766	7.29
3812	27745	7.28
3813	27909	7.32
3814	27729	7.27
3815	27773	7.28
3816	27713	7.26
3817	27739	7.27
3818	28013	7.34
3819	30769	8.06
3820	27047	7.08
3821	27835	7.28
3822	28061	7.34
3823	27849	7.28
3824	33040	8.64
3825	27798	7.27
3826	27795	7.26
3827	31844	8.32
3828	27858	7.28
3829	31970	8.35
3830	27494	7.18
3831	27186	7.10
3832	27193	7.10
3833	28284	7.38
3834	28410	7.41
3835	27999	7.30
3836	27905	7.27
3837	27923	7.28
3838	28813	7.51
3839	27844	7.25
3840	28774	7.49
3841	28761	7.49
3842	27289	7.10
3843	27304	7.10
3844	27313	7.11
3845	29329	7.63
3846	27352	7.11
3847	27305	7.10
3848	27344	7.11
3849	32221	8.37
3850	27441	7.13
3851	28227	7.33
3852	28349	7.36
3853	30867	8.01
3854	27369	7.10
3855	27377	7.10
3856	27928	7.24
3857	28024	7.27
3858	33164	8.60
3859	32523	8.43
3860	34019	8.81
3861	31785	8.23
3862	28108	7.28
3863	28124	7.28
3864	28116	7.28
3865	28108	7.27
3866	28196	7.29
3867	28099	7.27
3868	28755	7.43
3869	27904	7.21
3870	29227	7.55
3871	28138	7.27
3872	28152	7.27
3873	28144	7.27
3874	28274	7.30
3875	28145	7.26
3876	28148	7.26
3877	29519	7.61
3878	27501	7.09
3879	27523	7.10
3880	27467	7.08
3881	27513	7.09
3882	28489	7.34
3883	28160	7.25
3884	28301	7.29
3885	28180	7.25
3886	28179	7.25
3887	28162	7.25
3888	28180	7.25
3889	30613	7.87
3890	28926	7.44
3891	27594	7.09
3892	27861	7.16
3893	27572	7.08
3894	27588	7.08
3895	27582	7.08
3896	28732	7.37
3897	28255	7.25
3898	30639	7.86
3899	30023	7.70
3900	27853	7.14
3901	27715	7.10
3902	27659	7.09
3903	30339	7.77
3904	28253	7.24
3905	28237	7.23
3906	28216	7.22
3907	28263	7.23
3908	28267	7.23
3909	28919	7.40
3910	30927	7.91
3911	27882	7.13
3912	28551	7.30
3913	27732	7.09
3914	27767	7.09
3915	27780	7.10
3916	27853	7.11
3917	27797	7.10
3918	27784	7.09
3919	27860	7.11
3920	28476	7.26
3921	33369	8.51
3922	29575	7.54
3923	29490	7.52
3924	32699	8.33
3925	27868	7.10
3926	28547	7.27
3927	29029	7.39
3928	27865	7.09
3929	27836	7.08
3930	27881	7.09
3931	36805	9.36
3932	33036	8.40
3933	28078	7.14
3934	28492	7.24
3935	29288	7.44
3936	27867	7.08
3937	28553	7.25
3938	27918	7.09
3939	27920	7.09
3940	27960	7.10
3941	27924	7.09
3942	28886	7.33
3943	27932	7.08
3944	27963	7.09
3945	28733	7.28
3946	28694	7.27
3947	28792	7.29
3948	28693	7.27
3949	28800	7.29
3950	27885	7.06
3951	30746	7.78
3952	27962	7.08
3953	28680	7.26
3954	31210	7.89
3955	30599	7.74
3956	28008	7.08
3957	27964	7.07
3958	27994	7.07
3959	28900	7.30
3960	29214	7.38
3961	28666	7.24
3962	32843	8.29
3963	28062	7.08
3964	29387	7.41
3965	28050	7.07
3966	28151	7.10
3967	28093	7.08
3968	29180	7.35
3969	28086	7.08
3970	31593	7.96
3971	28072	7.07
3972	30554	7.69
3973	28151	7.09
3974	28132	7.08
3975	28557	7.18
3976	29264	7.36
3977	28774	7.24
3978	28757	7.23
3979	28815	7.24
3980	28820	7.24
3981	29302	7.36
3982	30403	7.64
3983	28824	7.24
3984	28823	7.23
3985	29510	7.41
3986	28189	7.07
3987	28300	7.10
3988	28187	7.07
3989	29015	7.27
3990	28254	7.08
3991	29776	7.46
3992	28837	7.22
3993	30617	7.67
3994	37963	9.51
3995	30374	7.60
3996	28265	7.07
3997	28993	7.25
3998	28944	7.24
3999	29154	7.29
4000	28881	7.22
