N	Total Time	Average CPE
1	109	109.00
2	210	105.00
3	333	111.00
4	440	110.00
5	600	120.00
6	797	132.83
7	849	121.29
8	979	122.38
9	1092	121.33
10	1226	122.60
11	1370	124.55
12	1504	125.33
13	1633	125.62
14	1769	126.36
15	1898	126.53
16	2031	126.94
17	2153	126.65
18	2292	127.33
19	2423	127.53
20	2548	127.40
21	2679	127.57
22	2813	127.86
23	2943	127.96
24	3074	128.08
25	3208	128.32
26	3336	128.31
27	3471	128.56
28	3596	128.43
29	3733	128.72
30	3860	128.67
31	3994	128.84
32	4124	128.88
33	4258	129.03
34	4387	129.03
35	4520	129.14
36	4650	129.17
37	4780	129.19
38	5113	134.55
39	5044	129.33
40	5178	129.45
41	10017	244.32
42	6943	165.31
43	5596	130.14
44	5679	129.07
45	5804	128.98
46	5930	128.91
47	6064	129.02
48	6197	129.10
49	6322	129.02
50	6458	129.16
51	6582	129.06
52	7376	141.85
53	7674	144.79
54	7036	130.30
55	7519	136.71
56	7984	142.57
57	7436	130.46
58	7553	130.22
59	7686	130.27
60	7817	130.28
61	7935	130.08
62	8065	130.08
63	8200	130.16
64	8325	130.08
65	8831	135.86
66	8598	130.27
67	8722	130.18
68	8861	130.31
69	8995	130.36
70	9203	131.47
71	9249	130.27
72	9411	130.71
73	9513	130.32
74	10673	144.23
75	9789	130.52
76	9915	130.46
77	10038	130.36
78	10216	130.97
79	10566	133.75
80	10890	136.12
81	12361	152.60
82	10863	132.48
83	11793	142.08
84	11348	135.10
85	11388	133.98
86	12372	143.86
87	11172	128.41
88	11300	128.41
89	11569	129.99
90	11560	128.44
91	13379	147.02
92	11963	130.03
93	12292	132.17
94	14246	151.55
95	14042	147.81
96	15116	157.46
97	16452	169.61
98	21160	215.92
99	16251	164.15
100	15607	156.07
101	16393	162.31
102	16404	160.82
103	14536	141.13
104	32506	312.56
105	19249	183.32
106	16671	157.27
107	35166	328.65
108	17483	161.88
109	16086	147.58
110	14275	129.77
111	14218	128.09
112	14360	128.21
113	14866	131.56
114	16523	144.94
115	14794	128.64
116	14942	128.81
117	15105	129.10
118	15697	133.03
119	15230	127.98
120	15301	127.51
121	18672	154.31
122	15647	128.25
123	15818	128.60
124	15882	128.08
125	15999	127.99
126	16115	127.90
127	16227	127.77
128	16352	127.75
129	16534	128.17
130	16555	127.35
131	16686	127.37
132	17570	133.11
133	16864	126.80
134	16742	124.94
135	16845	124.78
136	16972	124.79
137	17083	124.69
138	17195	124.60
139	17310	124.53
140	17788	127.06
141	17561	124.55
142	17672	124.45
143	19069	133.35
144	18443	128.08
145	18322	126.36
146	20986	143.74
147	18695	127.18
148	18556	125.38
149	18665	125.27
150	20137	134.25
151	20507	135.81
152	19110	125.72
153	19589	128.03
154	21346	138.61
155	19933	128.60
156	19332	123.92
157	19808	126.17
158	20065	126.99
159	19938	125.40
160	20044	125.28
161	20144	125.12
162	20272	125.14
163	20408	125.20
164	20826	126.99
165	20922	126.80
166	21050	126.81
167	20947	125.43
168	21142	125.85
169	21053	124.57
170	21124	124.26
171	23390	136.78
172	23247	135.16
173	21727	125.59
174	21864	125.66
175	22048	125.99
176	21898	124.42
177	21738	122.81
178	22441	126.07
179	22500	125.70
180	22644	125.80
181	22763	125.76
182	24064	132.22
183	23052	125.97
184	23656	128.57
185	33727	182.31
186	28000	150.54
187	25945	138.74
188	23288	123.87
189	24119	127.61
190	24014	126.39
191	24169	126.54
192	24295	126.54
193	25079	129.94
194	24185	124.66
195	24031	123.24
196	24752	126.29
197	25759	130.76
198	24395	123.21
199	24515	123.19
200	26084	130.42
201	25606	127.39
202	24932	123.43
203	25051	123.40
204	25536	125.18
205	25933	126.50
206	26331	127.82
207	26192	126.53
208	27015	129.88
209	26458	126.59
210	26668	126.99
211	26727	126.67
212	25897	122.16
213	26027	122.19
214	25993	121.46
215	26103	121.41
216	26206	121.32
217	27136	125.05
218	26750	122.71
219	26819	122.46
220	26950	122.50
221	27294	123.50
222	27235	122.68
223	27306	122.45
224	27438	122.49
225	29335	130.38
226	30014	132.81
227	30588	134.75
228	28797	126.30
229	28937	126.36
230	29039	126.26
231	28393	122.91
232	28257	121.80
233	28270	121.33
234	30805	131.65
235	29774	126.70
236	29835	126.42
237	30043	126.76
238	29195	122.67
239	28835	120.65
240	28952	120.63
241	29182	121.09
242	29199	120.66
243	29329	120.70
244	29425	120.59
245	32100	131.02
246	30847	125.39
247	32934	133.34
248	31549	127.21
249	30388	122.04
250	30264	121.06
251	30277	120.63
252	30380	120.56
253	30473	120.45
254	30606	120.50
255	35163	137.89
256	32145	125.57
257	32255	125.51
258	32191	124.77
259	31626	122.11
260	32041	123.23
261	31658	121.30
262	31933	121.88
263	32635	124.09
264	32085	121.53
265	33378	125.95
266	33475	125.85
267	33778	126.51
268	32481	121.20
269	32657	121.40
270	33560	124.30
271	32652	120.49
272	33055	121.53
273	34181	125.21
274	34426	125.64
275	34550	125.64
276	34525	125.09
277	38517	139.05
278	36646	131.82
279	36235	129.87
280	34001	121.43
281	34060	121.21
282	34203	121.29
283	35165	124.26
284	34386	121.08
285	34502	121.06
286	34638	121.11
287	34916	121.66
288	35552	123.44
289	34612	119.76
290	34738	119.79
291	35294	121.29
292	35323	120.97
293	35439	120.95
294	35191	119.70
295	37047	125.58
296	36963	124.88
297	39439	132.79
298	38705	129.88
299	37264	124.63
300	38482	128.27
301	39355	130.75
302	37640	124.64
303	37767	124.64
304	37016	121.76
305	36516	119.72
306	38331	125.26
307	36846	120.02
308	42234	137.12
309	36996	119.73
310	37035	119.47
311	37346	120.08
312	37237	119.35
313	37350	119.33
314	37581	119.68
315	37845	120.14
316	38782	122.73
317	40128	126.59
318	41180	129.50
319	39867	124.97
320	39860	124.56
321	39916	124.35
322	40036	124.34
323	40148	124.30
324	45546	140.57
325	45483	139.95
326	40777	125.08
327	40583	124.11
328	40726	124.16
329	40965	124.51
330	41052	124.40
331	41042	123.99
332	40831	122.98
333	41637	125.04
334	41400	123.95
335	44595	133.12
336	40125	119.42
337	40175	119.21
338	40698	120.41
339	42032	123.99
340	43720	128.59
341	42300	124.05
342	42445	124.11
343	42629	124.28
344	42662	124.02
345	42767	123.96
346	43739	126.41
347	44334	127.76
348	43084	123.80
349	44261	126.82
350	45647	130.42
351	42576	121.30
352	42337	120.28
353	42595	120.67
354	42558	120.22
355	42688	120.25
356	44095	123.86
357	44997	126.04
358	43972	122.83
359	43152	120.20
360	43597	121.10
361	52715	146.02
362	44774	123.69
363	44833	123.51
364	44983	123.58
365	46673	127.87
366	43948	120.08
367	43587	118.77
368	43839	119.13
369	44324	120.12
370	44437	120.10
371	44504	119.96
372	47123	126.67
373	51715	138.65
374	56371	150.72
375	50460	134.56
376	46094	122.59
377	44754	118.71
378	46327	122.56
379	47565	125.50
380	47301	124.48
381	45350	119.03
382	48561	127.12
383	47302	123.50
384	47401	123.44
385	48089	124.91
386	50285	130.27
387	46692	120.65
388	46515	119.88
389	46631	119.87
390	47890	122.79
391	50359	128.80
392	50558	128.97
393	51862	131.96
394	49391	125.36
395	50469	127.77
396	49111	124.02
397	51142	128.82
398	49564	124.53
399	52490	131.55
400	64601	161.50
401	65898	164.33
402	59147	147.13
403	59572	147.82
404	51017	126.28
405	52753	130.25
406	51877	127.78
407	51117	125.59
408	51484	126.19
409	51716	126.44
410	52982	129.22
411	58040	141.22
412	62264	151.13
413	50142	121.41
414	52712	127.32
415	52150	125.66
416	53324	128.18
417	52860	126.76
418	61600	147.37
419	54027	128.94
420	53333	126.98
421	50965	121.06
422	51156	121.22
423	55384	130.93
424	54027	127.42
425	53093	124.92
426	55848	131.10
427	54072	126.63
428	51993	121.48
429	52103	121.45
430	55887	129.97
431	56601	131.32
432	62874	145.54
433	64697	149.42
434	61340	141.34
435	67280	154.67
436	71623	164.27
437	54909	125.65
438	52358	119.54
439	53296	121.40
440	61948	140.79
441	71692	162.57
442	66829	151.20
443	68077	153.67
444	66332	149.40
445	69280	155.69
446	68011	152.49
447	67991	152.11
448	73684	164.47
449	68632	152.86
450	67726	150.50
451	67064	148.70
452	73342	162.26
453	71119	157.00
454	87888	193.59
455	95173	209.17
456	81928	179.67
457	65300	142.89
458	66758	145.76
459	59988	130.69
460	56550	122.93
461	55207	119.75
462	54743	118.49
463	55626	120.14
464	54777	118.05
465	56171	120.80
466	55016	118.06
467	58537	125.35
468	57586	123.05
469	57748	123.13
470	57627	122.61
471	58863	124.97
472	55966	118.57
473	56321	119.07
474	60916	128.51
475	56533	119.02
476	56312	118.30
477	56298	118.03
478	57569	120.44
479	60593	126.50
480	57646	120.10
481	57385	119.30
482	58237	120.82
483	59210	122.59
484	60016	124.00
485	60459	124.66
486	57348	118.00
487	57598	118.27
488	59142	121.19
489	57760	118.12
490	58816	120.03
491	60489	123.20
492	60221	122.40
493	60380	122.47
494	60590	122.65
495	61962	125.18
496	59086	119.12
497	59330	119.38
498	60853	122.19
499	61325	122.90
500	60094	120.19
501	59110	117.98
502	59840	119.20
503	59959	119.20
504	62736	124.48
505	64539	127.80
506	61873	122.28
507	64229	126.68
508	60617	119.32
509	60650	119.16
510	60896	119.40
511	66974	131.06
512	63688	124.39
513	69150	134.80
514	65348	127.14
515	61217	118.87
516	61298	118.79
517	61301	118.57
518	65271	126.01
519	62660	120.73
520	61276	117.84
521	61498	118.04
522	63042	120.77
523	64740	123.79
524	62012	118.34
525	62781	119.58
526	62350	118.54
527	62160	117.95
528	62707	118.76
529	63572	120.17
530	64864	122.38
531	65040	122.49
532	64618	121.46
533	63639	119.40
534	66065	123.72
535	65426	122.29
536	65443	122.10
537	65489	121.95
538	65249	121.28
539	64837	120.29
540	64850	120.09
541	66808	123.49
542	66229	122.19
543	69571	128.12
544	70521	129.63
545	66519	122.05
546	67576	123.77
547	66734	122.00
548	67215	122.66
549	66176	120.54
550	65859	119.74
551	65484	118.85
552	68825	124.68
553	67481	122.03
554	68641	123.90
555	65447	117.92
556	68436	123.09
557	65457	117.52
558	67042	120.15
559	65970	118.01
560	66067	117.98
561	66128	117.88
562	66335	118.03
563	67028	119.06
564	66832	118.50
565	67897	120.17
566	68713	121.40
567	67392	118.86
568	67513	118.86
569	67573	118.76
570	72051	126.41
571	77905	136.44
572	72627	126.97
573	74765	130.48
574	80328	139.94
575	75658	131.58
576	73716	127.98
577	70367	121.95
578	74419	128.75
579	72431	125.10
580	71137	122.65
581	68258	117.48
582	68723	118.08
583	73088	125.37
584	69335	118.72
585	70841	121.10
586	69894	119.27
587	71762	122.25
588	72109	122.63
589	73185	124.25
590	69580	117.93
591	70382	119.09
592	71651	121.03
593	69670	117.49
594	80634	135.75
595	73564	123.64
596	72815	122.17
597	74725	125.17
598	73244	122.48
599	72758	121.47
600	72684	121.14
601	72664	120.91
602	71371	118.56
603	74425	123.42
604	71363	118.15
605	71324	117.89
606	74406	122.78
607	71475	117.75
608	76244	125.40
609	76137	125.02
610	75549	123.85
611	75095	122.91
612	74513	121.75
613	74957	122.28
614	74741	121.73
615	77912	126.69
616	75422	122.44
617	72404	117.35
618	72582	117.45
619	73156	118.18
620	73518	118.58
621	78036	125.66
622	75843	121.93
623	75871	121.78
624	75888	121.62
625	76042	121.67
626	77208	123.34
627	82562	131.68
628	77164	122.87
629	78705	125.13
630	76739	121.81
631	77035	122.08
632	79194	125.31
633	75114	118.66
634	74379	117.32
635	76481	120.44
636	79296	124.68
637	78739	123.61
638	75369	118.13
639	75461	118.09
640	76059	118.84
641	76562	119.44
642	78197	121.80
643	79451	123.56
644	78371	121.69
645	78418	121.58
646	78202	121.06
647	76307	117.94
648	76049	117.36
649	76472	117.83
650	76718	118.03
651	76893	118.12
652	77466	118.81
653	78675	120.48
654	77337	118.25
655	81161	123.91
656	76984	117.35
657	77294	117.65
658	81615	124.03
659	79896	121.24
660	77949	118.10
661	77464	117.19
662	80161	121.09
663	80877	121.99
664	82674	124.51
665	80320	120.78
666	109658	164.65
667	102167	153.17
668	95843	143.48
669	83187	124.35
670	81137	121.10
671	78928	117.63
672	80849	120.31
673	81542	121.16
674	79472	117.91
675	80298	118.96
676	82231	121.64
677	82539	121.92
678	83576	123.27
679	82418	121.38
680	81440	119.76
681	84736	124.43
682	83116	121.87
683	83636	122.45
684	82806	121.06
685	81183	118.52
686	81255	118.45
687	81467	118.58
688	81869	119.00
689	81455	118.22
690	80964	117.34
691	84337	122.05
692	84896	122.68
693	81527	117.64
694	81310	117.16
695	86720	124.78
696	84527	121.45
697	86375	123.92
698	86353	123.71
699	88219	126.21
700	85660	122.37
701	85926	122.58
702	85256	121.45
703	83154	118.28
704	82764	117.56
705	82918	117.61
706	83239	117.90
707	82776	117.08
708	89820	126.86
709	84302	118.90
710	87715	123.54
711	90599	127.42
712	87571	122.99
713	83386	116.95
714	83971	117.61
715	87003	121.68
716	90394	126.25
717	86537	120.69
718	83980	116.96
719	94104	130.88
720	113424	157.53
721	108872	151.00
722	138919	192.41
723	113754	157.34
724	126352	174.52
725	126860	174.98
726	140124	193.01
727	110426	151.89
728	107286	147.37
729	114901	157.61
730	108633	148.81
731	116177	158.93
732	111306	152.06
733	111440	152.03
734	107130	145.95
735	149158	202.94
736	114007	154.90
737	141140	191.51
738	139300	188.75
739	250026	338.33
740	130184	175.92
741	148074	199.83
742	117325	158.12
743	151472	203.87
744	333993	448.92
745	223847	300.47
746	143291	192.08
747	220825	295.62
748	377052	504.08
749	264131	352.64
750	120801	161.07
751	132446	176.36
752	113670	151.16
753	133763	177.64
754	107489	142.56
755	116675	154.54
756	111569	147.58
757	100758	133.10
758	118230	155.98
759	115623	152.34
760	150655	198.23
761	149240	196.11
762	118467	155.47
763	110364	144.64
764	102369	133.99
765	115313	150.74
766	122089	159.39
767	116459	151.84
768	108429	141.18
769	103229	134.24
770	104379	135.56
771	102725	133.24
772	102195	132.38
773	100512	130.03
774	98878	127.75
775	99013	127.76
776	99854	128.68
777	103808	133.60
778	99421	127.79
779	99101	127.22
780	99648	127.75
781	103753	132.85
782	100975	129.12
783	101495	129.62
784	111049	141.64
785	100916	128.56
786	103105	131.18
787	92794	117.91
788	93440	118.58
789	92341	117.04
790	97936	123.97
791	92714	117.21
792	96579	121.94
793	100105	126.24
794	101492	127.82
795	97983	123.25
796	97251	122.17
797	96527	121.11
798	98618	123.58
799	97467	121.99
800	95940	119.92
801	98011	122.36
802	99884	124.54
803	96295	119.92
804	95283	118.51
805	101891	126.57
806	98024	121.62
807	105695	130.97
808	101735	125.91
809	99083	122.48
810	98738	121.90
811	98896	121.94
812	100364	123.60
813	102556	126.15
814	104716	128.64
815	104292	127.97
816	106351	130.33
817	106129	129.90
818	105124	128.51
819	103115	125.90
820	108481	132.29
821	103549	126.13
822	106206	129.20
823	103623	125.91
824	108765	132.00
825	104356	126.49
826	107472	130.11
827	109168	132.00
828	110956	134.00
829	114645	138.29
830	101501	122.29
831	104220	125.42
832	108296	130.16
833	122899	147.54
834	114151	136.87
835	107556	128.81
836	100638	120.38
837	98849	118.10
838	100199	119.57
839	102195	121.81
840	102281	121.76
841	100427	119.41
842	103808	123.29
843	100248	118.92
844	102116	120.99
845	106621	126.18
846	104607	123.65
847	103738	122.48
848	104458	123.18
849	105933	124.77
850	103102	121.30
851	106355	124.98
852	100373	117.81
853	99867	117.08
854	101291	118.61
855	100527	117.58
856	100114	116.96
857	101744	118.72
858	104802	122.15
859	100313	116.78
860	107393	124.88
861	104924	121.86
862	104541	121.28
863	102423	118.68
864	105468	122.07
865	104773	121.12
866	104828	121.05
867	104990	121.10
868	106657	122.88
869	106209	122.22
870	105672	121.46
871	105324	120.92
872	102641	117.71
873	107326	122.94
874	108423	124.05
875	105832	120.95
876	108096	123.40
877	107514	122.59
878	106518	121.32
879	108000	122.87
880	107346	121.98
881	109581	124.38
882	104589	118.58
883	106807	120.96
884	103125	116.66
885	105984	119.76
886	103607	116.94
887	105341	118.76
888	103648	116.72
889	103703	116.65
890	109644	123.20
891	112121	125.84
892	108152	121.25
893	129494	145.01
894	110754	123.89
895	111032	124.06
896	111847	124.83
897	108068	120.48
898	107097	119.26
899	115745	128.75
900	110444	122.72
901	107613	119.44
902	109104	120.96
903	107147	118.66
904	108051	119.53
905	110380	121.97
906	114499	126.38
907	109091	120.28
908	111067	122.32
909	109863	120.86
910	113496	124.72
911	108800	119.43
912	106857	117.17
913	111365	121.98
914	113099	123.74
915	107203	117.16
916	107000	116.81
917	107769	117.52
918	112169	122.19
919	112655	122.58
920	109502	119.02
921	107900	117.16
922	107811	116.93
923	110643	119.87
924	110126	119.18
925	110196	119.13
926	111408	120.31
927	114073	123.06
928	108700	117.13
929	116200	125.08
930	113798	122.36
931	110594	118.79
932	111168	119.28
933	110007	117.91
934	110551	118.36
935	113020	120.88
936	112885	120.60
937	110726	118.17
938	115951	123.62
939	115382	122.88
940	111816	118.95
941	110918	117.87
942	114097	121.12
943	112556	119.36
944	111374	117.98
945	110254	116.67
946	114038	120.55
947	118382	125.01
948	114647	120.94
949	116272	122.52
950	113630	119.61
951	111733	117.49
952	111088	116.69
953	112746	118.31
954	111297	116.66
955	112003	117.28
956	118921	124.39
957	114962	120.13
958	115819	120.90
959	116902	121.90
960	113776	118.52
961	118202	123.00
962	117003	121.62
963	113605	117.97
964	114221	118.49
965	118069	122.35
966	116816	120.93
967	119592	123.67
968	115700	119.52
969	113242	116.86
970	114570	118.11
971	117460	120.97
972	119582	123.03
973	114241	117.41
974	119156	122.34
975	118452	121.49
976	118051	120.95
977	117905	120.68
978	115376	117.97
979	114616	117.07
980	114429	116.76
981	114507	116.72
982	116033	118.16
983	117813	119.85
984	118887	120.82
985	121253	123.10
986	115554	117.19
987	118112	119.67
988	122693	124.18
989	115417	116.70
990	117019	118.20
991	119254	120.34
992	120144	121.11
993	118908	119.75
994	121035	121.77
995	116717	117.30
996	126739	127.25
997	117568	117.92
998	119237	119.48
999	120745	120.87
1000	118931	118.93
1001	117974	117.86
1002	119605	119.37
1003	124670	124.30
1004	123503	123.01
1005	126964	126.33
1006	121542	120.82
1007	122532	121.68
1008	129011	127.99
1009	121088	120.01
1010	124596	123.36
1011	119869	118.56
1012	122941	121.48
1013	120678	119.13
1014	123557	121.85
1015	122690	120.88
1016	122303	120.38
1017	121888	119.85
1018	124989	122.78
1019	121738	119.47
1020	119264	116.93
1021	120424	117.95
1022	119347	116.78
1023	122211	119.46
1024	121484	118.64
1025	123014	120.01
1026	125516	122.34
1027	124956	121.67
1028	125297	121.88
1029	119788	116.41
1030	124864	121.23
1031	120993	117.35
1032	121343	117.58
1033	124380	120.41
1034	123917	119.84
1035	122405	118.27
1036	120889	116.69
1037	123718	119.30
1038	124492	119.93
1039	121632	117.07
1040	126314	121.46
1041	133131	127.89
1042	140374	134.72
1043	124442	119.31
1044	122353	117.20
1045	122114	116.86
1046	123757	118.31
1047	128487	122.72
1048	128071	122.21
1049	123890	118.10
1050	124977	119.03
1051	125025	118.96
1052	128677	122.32
1053	127118	120.72
1054	126416	119.94
1055	122956	116.55
1056	125058	118.43
1057	126109	119.31
1058	128366	121.33
1059	129464	122.25
1060	128108	120.86
1061	131228	123.68
1062	130141	122.54
1063	126603	119.10
1064	128690	120.95
1065	129553	121.65
1066	127272	119.39
1067	125855	117.95
1068	125881	117.87
1069	126307	118.15
1070	126286	118.02
1071	131208	122.51
1072	129759	121.04
1073	128969	120.19
1074	128015	119.19
1075	131477	122.30
1076	128514	119.44
1077	126896	117.82
1078	131779	122.24
1079	129570	120.08
1080	129820	120.20
1081	130488	120.71
1082	131711	121.73
1083	128522	118.67
1084	126199	116.42
1085	129092	118.98
1086	129486	119.23
1087	131442	120.92
1088	131312	120.69
1089	136514	125.36
1090	133856	122.80
1091	127357	116.73
1092	128697	117.85
1093	129883	118.83
1094	132510	121.12
1095	132456	120.96
1096	129268	117.95
1097	129682	118.22
1098	129111	117.59
1099	129640	117.96
1100	129924	118.11
1101	130384	118.42
1102	132997	120.69
1103	134393	121.84
1104	128674	116.55
1105	137098	124.07
1106	134450	121.56
1107	129167	116.68
1108	135538	122.33
1109	130947	118.08
1110	130575	117.64
1111	129725	116.76
1112	132054	118.75
1113	137457	123.50
1114	133662	119.98
1115	134633	120.75
1116	133436	119.57
1117	131251	117.50
1118	130457	116.69
1119	131874	117.85
1120	134250	119.87
1121	137626	122.77
1122	136270	121.45
1123	137565	122.50
1124	137687	122.50
1125	136709	121.52
1126	133008	118.12
1127	131328	116.53
1128	135265	119.92
1129	135483	120.00
1130	136216	120.55
1131	139729	123.54
1132	135375	119.59
1133	138988	122.67
1134	145074	127.93
1135	136376	120.16
1136	137125	120.71
1137	132969	116.95
1138	135255	118.85
1139	135370	118.85
1140	134167	117.69
1141	134554	117.93
1142	132959	116.43
1143	133781	117.04
1144	140602	122.90
1145	138133	120.64
1146	136568	119.17
1147	135090	117.78
1148	136802	119.17
1149	137321	119.51
1150	137214	119.32
1151	134225	116.62
1152	137818	119.63
1153	142081	123.23
1154	135007	116.99
1155	139195	120.52
1156	136771	118.31
1157	141147	121.99
1158	141566	122.25
1159	135201	116.65
1160	135159	116.52
1161	136215	117.33
1162	135237	116.38
1163	139985	120.37
1164	141200	121.31
1165	139301	119.57
1166	137558	117.97
1167	136654	117.10
1168	141364	121.03
1169	140257	119.98
1170	138190	118.11
1171	140091	119.63
1172	144578	123.36
1173	140360	119.66
1174	140410	119.60
1175	138749	118.08
1176	137175	116.65
1177	140781	119.61
1178	141995	120.54
1179	139253	118.11
1180	138466	117.34
1181	138310	117.11
1182	138715	117.36
1183	142622	120.56
1184	140806	118.92
1185	138977	117.28
1186	143828	121.27
1187	146240	123.20
1188	138435	116.53
1189	147161	123.77
1190	143202	120.34
1191	146178	122.74
1192	139355	116.91
1193	140991	118.18
1194	145330	121.72
1195	141312	118.25
1196	143326	119.84
1197	139250	116.33
1198	139469	116.42
1199	139441	116.30
1200	147922	123.27
1201	145707	121.32
1202	143105	119.06
1203	143632	119.39
1204	154458	128.29
1205	145477	120.73
1206	148030	122.74
1207	145439	120.50
1208	146637	121.39
1209	142998	118.28
1210	144496	119.42
1211	141035	116.46
1212	142820	117.84
1213	144970	119.51
1214	146378	120.57
1215	149209	122.81
1216	143980	118.40
1217	148545	122.06
1218	146942	120.64
1219	149100	122.31
1220	146269	119.89
1221	147342	120.67
1222	149692	122.50
1223	145404	118.89
1224	146357	119.57
1225	147864	120.71
1226	145619	118.78
1227	146030	119.01
1228	148065	120.57
1229	149050	121.28
1230	146432	119.05
1231	151307	122.91
1232	144403	117.21
1233	147638	119.74
1234	148993	120.74
1235	145739	118.01
1236	147963	119.71
1237	149723	121.04
1238	151975	122.76
1239	149167	120.39
1240	146087	117.81
1241	146497	118.05
1242	150134	120.88
1243	145443	117.01
1244	145316	116.81
1245	152166	122.22
1246	148945	119.54
1247	152185	122.04
1248	153027	122.62
1249	147774	118.31
1250	150356	120.28
1251	154291	123.33
1252	148086	118.28
1253	149271	119.13
1254	147530	117.65
1255	213600	170.20
1256	174094	138.61
1257	152128	121.02
1258	151529	120.45
1259	151584	120.40
1260	149107	118.34
1261	148665	117.89
1262	154392	122.34
1263	152780	120.97
1264	153465	121.41
1265	152932	120.89
1266	150304	118.72
1267	152853	120.64
1268	153516	121.07
1269	148032	116.65
1270	151757	119.49
1271	153849	121.05
1272	148640	116.86
1273	156953	123.29
1274	153513	120.50
1275	152372	119.51
1276	153554	120.34
1277	160284	125.52
1278	153877	120.40
1279	153072	119.68
1280	154005	120.32
1281	152734	119.23
1282	150857	117.67
1283	149241	116.32
1284	152296	118.61
1285	157669	122.70
1286	154383	120.05
1287	151175	117.46
1288	151715	117.79
1289	152685	118.45
1290	155990	120.92
1291	157731	122.18
1292	153463	118.78
1293	153753	118.91
1294	156084	120.62
1295	156867	121.13
1296	152097	117.36
1297	160158	123.48
1298	152535	117.52
1299	157006	120.87
1300	155655	119.73
1301	154212	118.53
1302	157132	120.69
1303	157907	121.19
1304	167644	128.56
1305	157026	120.33
1306	153832	117.79
1307	160571	122.85
1308	154645	118.23
1309	152473	116.48
1310	153952	117.52
1311	168363	128.42
1312	155544	118.55
1313	154119	117.38
1314	155966	118.70
1315	157021	119.41
1316	165377	125.67
1317	156962	119.18
1318	158595	120.33
1319	156317	118.51
1320	159348	120.72
1321	156228	118.26
1322	164112	124.14
1323	159514	120.57
1324	154318	116.55
1325	159873	120.66
1326	159511	120.29
1327	163265	123.03
1328	161844	121.87
1329	161942	121.85
1330	158979	119.53
1331	160580	120.65
1332	155961	117.09
1333	161097	120.85
1334	160645	120.42
1335	159228	119.27
1336	166555	124.67
1337	160043	119.70
1338	161339	120.58
1339	162563	121.41
1340	155939	116.37
1341	159368	118.84
1342	163456	121.80
1343	158415	117.96
1344	159924	118.99
1345	163670	121.69
1346	163689	121.61
1347	160906	119.46
1348	164119	121.75
1349	161590	119.79
1350	159739	118.33
1351	158450	117.28
1352	159363	117.87
1353	157850	116.67
1354	159087	117.49
1355	158234	116.78
1356	161404	119.03
1357	161981	119.37
1358	163448	120.36
1359	164773	121.25
1360	167600	123.24
1361	165446	121.56
1362	163620	120.13
1363	164073	120.38
1364	163231	119.67
1365	158777	116.32
1366	159085	116.46
1367	165063	120.75
1368	163311	119.38
1369	159746	116.69
1370	166277	121.37
1371	166054	121.12
1372	171141	124.74
1373	164391	119.73
1374	164865	119.99
1375	164752	119.82
1376	164721	119.71
1377	165424	120.13
1378	162632	118.02
1379	161447	117.08
1380	169244	122.64
1381	162353	117.56
1382	162822	117.82
1383	164478	118.93
1384	161043	116.36
1385	168317	121.53
1386	168873	121.84
1387	171338	123.53
1388	169736	122.29
1389	170273	122.59
1390	164836	118.59
1391	169030	121.52
1392	166852	119.86
1393	168131	120.70
1394	171185	122.80
1395	171040	122.61
1396	165106	118.27
1397	168294	120.47
1398	172131	123.13
1399	172485	123.29
1400	174358	124.54
1401	172929	123.43
1402	172011	122.69
1403	167953	119.71
1404	175851	125.25
1405	180835	128.71
1406	174037	123.78
1407	171628	121.98
1408	173147	122.97
1409	171449	121.68
1410	181813	128.95
1411	225699	159.96
1412	278695	197.38
1413	219217	155.14
1414	284615	201.28
1415	211760	149.65
1416	184687	130.43
1417	202278	142.75
1418	174328	122.94
1419	171364	120.76
1420	168878	118.93
1421	169395	119.21
1422	169139	118.94
1423	173637	122.02
1424	171923	120.73
1425	168368	118.15
1426	168574	118.21
1427	172780	121.08
1428	173872	121.76
1429	172150	120.47
1430	174578	122.08
1431	170824	119.37
1432	175037	122.23
1433	175349	122.36
1434	172793	120.50
1435	171927	119.81
1436	168645	117.44
1437	169075	117.66
1438	167170	116.25
1439	169129	117.53
1440	174530	121.20
1441	174756	121.27
1442	171368	118.84
1443	173838	120.47
1444	172717	119.61
1445	173652	120.17
1446	175401	121.30
1447	172503	119.21
1448	176971	122.22
1449	175445	121.08
1450	170363	117.49
1451	176077	121.35
1452	174474	120.16
1453	174703	120.24
1454	176167	121.16
1455	175881	120.88
1456	175287	120.39
1457	178325	122.39
1458	176201	120.85
1459	172281	118.08
1460	172555	118.19
1461	175252	119.95
1462	171627	117.39
1463	175310	119.83
1464	176531	120.58
1465	176864	120.73
1466	176102	120.12
1467	177305	120.86
1468	172847	117.74
1469	171704	116.88
1470	172251	117.18
1471	173009	117.61
1472	172833	117.41
1473	176394	119.75
1474	180008	122.12
1475	177052	120.04
1476	175781	119.09
1477	178311	120.73
1478	179439	121.41
1479	176437	119.29
1480	174129	117.65
1481	172798	116.68
1482	179655	121.22
1483	180224	121.53
1484	176476	118.92
1485	180703	121.69
1486	178057	119.82
1487	186418	125.37
1488	176352	118.52
1489	179696	120.68
1490	183768	123.33
1491	173361	116.27
1492	180940	121.27
1493	179469	120.21
1494	178774	119.66
1495	181209	121.21
1496	180672	120.77
1497	181590	121.30
1498	177822	118.71
1499	176889	118.00
1500	183404	122.27
1501	183599	122.32
1502	179481	119.49
1503	180557	120.13
1504	186424	123.95
1505	185752	123.42
1506	180314	119.73
1507	184326	122.31
1508	182261	120.86
1509	180992	119.94
1510	185306	122.72
1511	182072	120.50
1512	183992	121.69
1513	185874	122.85
1514	183847	121.43
1515	177362	117.07
1516	186102	122.76
1517	184452	121.59
1518	185133	121.96
1519	181209	119.29
1520	182107	119.81
1521	183127	120.40
1522	196028	128.80
1523	208894	137.16
1524	180024	118.13
1525	184729	121.13
1526	185795	121.75
1527	178776	117.08
1528	180675	118.24
1529	189283	123.80
1530	179326	117.21
1531	184613	120.58
1532	187313	122.27
1533	186975	121.97
1534	182647	119.07
1535	185924	121.12
1536	186150	121.19
1537	185000	120.36
1538	187545	121.94
1539	184727	120.03
1540	182637	118.60
1541	179086	116.21
1542	187728	121.74
1543	185514	120.23
1544	182673	118.31
1545	181978	117.79
1546	180365	116.67
1547	180043	116.38
1548	184133	118.95
1549	187372	120.96
1550	182003	117.42
1551	186817	120.45
1552	181485	116.94
1553	192833	124.17
1554	188420	121.25
1555	182848	117.59
1556	185767	119.39
1557	189567	121.75
1558	188503	120.99
1559	187648	120.36
1560	183316	117.51
1561	184692	118.32
1562	184048	117.83
1563	183529	117.42
1564	187550	119.92
1565	186469	119.15
1566	184270	117.67
1567	183213	116.92
1568	186778	119.12
1569	187036	119.21
1570	189510	120.71
1571	188839	120.20
1572	196291	124.87
1573	187822	119.40
1574	191253	121.51
1575	186561	118.45
1576	189334	120.14
1577	185881	117.87
1578	188763	119.62
1579	188007	119.07
1580	185695	117.53
1581	187149	118.37
1582	187975	118.82
1583	188513	119.09
1584	189538	119.66
1585	192659	121.55
1586	184499	116.33
1587	191762	120.83
1588	190772	120.13
1589	192075	120.88
1590	195264	122.81
1591	189410	119.05
1592	188070	118.13
1593	189470	118.94
1594	190671	119.62
1595	190269	119.29
1596	192043	120.33
1597	187534	117.43
1598	186883	116.95
1599	186461	116.61
1600	195246	122.03
1601	198250	123.83
1602	190727	119.06
1603	205451	128.17
1604	197600	123.19
1605	186546	116.23
1606	194726	121.25
1607	193701	120.54
1608	188881	117.46
1609	192148	119.42
1610	196042	121.77
1611	193986	120.41
1612	190105	117.93
1613	187896	116.49
1614	190025	117.74
1615	193715	119.95
1616	191840	118.71
1617	199975	123.67
1618	194589	120.27
1619	194498	120.13
1620	194412	120.01
1621	193143	119.15
1622	210291	129.65
1623	207301	127.73
1624	194359	119.68
1625	196427	120.88
1626	195600	120.30
1627	198174	121.80
1628	197975	121.61
1629	192034	117.88
1630	191217	117.31
1631	193115	118.40
1632	197216	120.84
1633	195941	119.99
1634	194158	118.82
1635	196165	119.98
1636	194968	119.17
1637	203509	124.32
1638	193052	117.86
1639	196805	120.08
1640	197285	120.30
1641	197602	120.42
1642	200541	122.13
1643	200644	122.12
1644	198505	120.75
1645	197699	120.18
1646	194572	118.21
1647	193292	117.36
1648	202235	122.72
1649	200696	121.71
1650	199665	121.01
1651	200329	121.34
1652	202684	122.69
1653	200247	121.14
1654	198680	120.12
1655	196057	118.46
1656	196623	118.73
1657	199523	120.41
1658	199995	120.62
1659	194495	117.24
1660	195039	117.49
1661	204006	122.82
1662	200661	120.73
1663	199539	119.99
1664	197235	118.53
1665	194957	117.09
1666	202300	121.43
1667	202827	121.67
1668	197770	118.57
1669	202401	121.27
1670	201431	120.62
1671	202692	121.30
1672	202536	121.13
1673	197192	117.87
1674	198072	118.32
1675	195671	116.82
1676	197565	117.88
1677	203593	121.40
1678	205762	122.62
1679	196561	117.07
1680	201226	119.78
1681	196241	116.74
1682	196180	116.63
1683	203727	121.05
1684	206746	122.77
1685	201299	119.47
1686	207445	123.04
1687	200723	118.98
1688	198215	117.43
1689	203651	120.57
1690	204048	120.74
1691	202622	119.82
1692	201908	119.33
1693	204006	120.50
1694	202081	119.29
1695	200275	118.16
1696	200250	118.07
1697	201577	118.78
1698	205892	121.26
1699	208244	122.57
1700	201949	118.79
1701	201541	118.48
1702	201416	118.34
1703	210727	123.74
1704	206737	121.32
1705	199806	117.19
1706	204105	119.64
1707	201277	117.91
1708	206492	120.90
1709	203417	119.03
1710	204636	119.67
1711	204172	119.33
1712	205384	119.97
1713	204792	119.55
1714	200403	116.92
1715	201653	117.58
1716	205022	119.48
1717	207192	120.67
1718	207440	120.75
1719	204043	118.70
1720	199989	116.27
1721	202314	117.56
1722	201767	117.17
1723	202439	117.49
1724	205128	118.98
1725	204744	118.69
1726	205983	119.34
1727	207197	119.98
1728	202300	117.07
1729	206708	119.55
1730	204616	118.28
1731	207926	120.12
1732	210909	121.77
1733	206179	118.97
1734	207962	119.93
1735	206973	119.29
1736	206535	118.97
1737	208858	120.24
1738	203047	116.83
1739	210178	120.86
1740	206868	118.89
1741	209457	120.31
1742	211423	121.37
1743	203713	116.87
1744	203666	116.78
1745	213812	122.53
1746	206713	118.39
1747	205914	117.87
1748	207549	118.74
1749	211227	120.77
1750	210587	120.34
1751	206513	117.94
1752	205183	117.11
1753	205595	117.28
1754	210268	119.88
1755	211239	120.36
1756	212160	120.82
1757	212414	120.90
1758	208203	118.43
1759	211654	120.33
1760	208771	118.62
1761	210041	119.27
1762	215101	122.08
1763	207184	117.52
1764	214379	121.53
1765	208839	118.32
1766	213210	120.73
1767	205955	116.56
1768	210958	119.32
1769	209821	118.61
1770	206461	116.64
1771	219484	123.93
1772	213579	120.53
1773	215830	121.73
1774	217389	122.54
1775	209969	118.29
1776	211969	119.35
1777	208620	117.40
1778	209625	117.90
1779	219613	123.45
1780	216945	121.88
1781	214389	120.38
1782	212795	119.41
1783	213916	119.98
1784	217347	121.83
1785	215817	120.91
1786	207740	116.32
1787	207943	116.36
1788	215568	120.56
1789	210103	117.44
1790	214069	119.59
1791	210114	117.32
1792	209019	116.64
1793	217867	121.51
1794	215657	120.21
1795	215705	120.17
1796	218217	121.50
1797	217576	121.08
1798	218954	121.78
1799	220277	122.44
1800	213988	118.88
1801	209918	116.56
1802	215519	119.60
1803	219539	121.76
1804	218243	120.98
1805	216644	120.02
1806	213624	118.29
1807	216069	119.57
1808	223369	123.54
1809	217679	120.33
1810	214458	118.49
1811	217834	120.28
1812	212726	117.40
1813	215070	118.63
1814	212585	117.19
1815	212114	116.87
1816	219641	120.95
1817	218731	120.38
1818	212753	117.03
1819	216375	118.95
1820	215120	118.20
1821	216526	118.90
1822	216888	119.04
1823	221039	121.25
1824	217239	119.10
1825	212736	116.57
1826	261824	143.39
1827	235585	128.95
1828	236356	129.30
1829	228458	124.91
1830	240350	131.34
1831	232767	127.13
1832	226586	123.68
1833	219236	119.61
1834	238367	129.97
1835	236448	128.85
1836	262595	143.03
1837	237988	129.55
1838	222424	121.01
1839	358020	194.68
1840	222348	120.84
1841	221953	120.56
1842	223311	121.23
1843	223455	121.25
1844	236682	128.35
1845	227673	123.40
1846	228178	123.61
1847	223905	121.23
1848	231044	125.02
1849	226461	122.48
1850	255612	138.17
1851	249900	135.01
1852	225584	121.81
1853	220129	118.80
1854	217660	117.40
1855	224453	121.00
1856	220761	118.94
1857	235179	126.64
1858	226813	122.07
1859	222184	119.52
1860	217475	116.92
1861	222915	119.78
1862	225807	121.27
1863	217749	116.88
1864	222548	119.39
1865	228139	122.33
1866	218147	116.91
1867	227831	122.03
1868	230008	123.13
1869	226052	120.95
1870	224483	120.04
1871	223742	119.58
1872	222083	118.63
1873	226591	120.98
1874	229370	122.40
1875	222632	118.74
1876	225817	120.37
1877	222963	118.79
1878	219550	116.91
1879	228624	121.67
1880	225096	119.73
1881	229926	122.24
1882	226048	120.11
1883	226863	120.48
1884	224902	119.37
1885	223903	118.78
1886	224439	119.00
1887	225751	119.63
1888	227667	120.59
1889	227388	120.37
1890	222118	117.52
1891	225822	119.42
1892	239534	126.60
1893	226256	119.52
1894	223175	117.83
1895	234251	123.62
1896	226871	119.66
1897	222043	117.05
1898	236618	124.67
1899	222670	117.26
1900	225588	118.73
1901	234180	123.19
1902	232074	122.02
1903	229615	120.66
1904	229927	120.76
1905	230951	121.23
1906	229701	120.51
1907	225865	118.44
1908	226907	118.92
1909	222466	116.54
1910	225430	118.03
1911	225445	117.97
1912	231659	121.16
1913	228757	119.58
1914	231448	120.92
1915	224991	117.49
1916	226666	118.30
1917	227328	118.59
1918	225747	117.70
1919	231839	120.81
1920	229411	119.48
1921	225738	117.51
1922	226715	117.96
1923	227194	118.15
1924	230168	119.63
1925	229850	119.40
1926	227764	118.26
1927	232123	120.46
1928	234751	121.76
1929	231752	120.14
1930	236257	122.41
1931	233856	121.11
1932	236899	122.62
1933	233100	120.59
1934	227695	117.73
1935	227176	117.40
1936	229118	118.35
1937	231614	119.57
1938	230106	118.73
1939	230348	118.80
1940	231168	119.16
1941	229725	118.35
1942	233018	119.99
1943	233899	120.38
1944	229590	118.10
1945	236773	121.73
1946	227278	116.79
1947	229409	117.83
1948	233068	119.64
1949	234845	120.50
1950	243347	124.79
1951	232101	118.97
1952	232184	118.95
1953	240771	123.28
1954	233002	119.24
1955	236168	120.80
1956	233410	119.33
1957	243962	124.66
1958	236484	120.78
1959	241735	123.40
1960	238012	121.43
1961	236289	120.49
1962	233472	119.00
1963	235728	120.09
1964	235322	119.82
1965	230509	117.31
1966	236154	120.12
1967	242299	123.18
1968	230856	117.30
1969	235937	119.83
1970	240031	121.84
1971	232181	117.80
1972	234949	119.14
1973	235230	119.22
1974	232572	117.82
1975	236733	119.86
1976	238450	120.67
1977	235085	118.91
1978	236389	119.51
1979	242784	122.68
1980	248714	125.61
1981	237667	119.97
1982	242969	122.59
1983	240765	121.41
1984	241474	121.71
1985	238396	120.10
1986	244368	123.05
1987	238855	120.21
1988	259617	130.59
1989	237635	119.47
1990	233532	117.35
1991	237816	119.45
1992	233757	117.35
1993	240561	120.70
1994	241381	121.05
1995	234713	117.65
1996	245952	123.22
1997	242711	121.54
1998	241094	120.67
1999	240714	120.42
2000	243129	121.56
2001	241638	120.76
2002	234831	117.30
2003	247590	123.61
2004	239817	119.67
2005	244173	121.78
2006	241237	120.26
2007	241091	120.13
2008	239803	119.42
2009	241000	119.96
2010	241241	120.02
2011	245291	121.97
2012	242716	120.63
2013	244378	121.40
2014	243771	121.04
2015	236861	117.55
2016	242388	120.23
2017	247073	122.50
2018	241478	119.66
2019	243179	120.45
2020	237442	117.55
2021	244004	120.73
2022	242894	120.13
2023	244832	121.02
2024	241630	119.38
2025	241710	119.36
2026	243296	120.09
2027	237683	117.26
2028	244702	120.66
2029	246437	121.46
2030	249721	123.02
2031	246449	121.34
2032	244121	120.14
2033	251183	123.55
2034	239648	117.82
2035	241515	118.68
2036	251228	123.39
2037	242153	118.88
2038	241947	118.72
2039	242350	118.86
2040	244009	119.61
2041	253375	124.14
2042	244020	119.50
2043	247701	121.24
2044	245726	120.22
2045	239627	117.18
2046	243756	119.14
2047	247795	121.05
2048	247092	120.65
2049	242352	118.28
2050	247706	120.83
2051	246036	119.96
2052	246275	120.02
2053	246141	119.89
2054	244652	119.11
2055	244750	119.10
2056	241459	117.44
2057	244721	118.97
2058	250213	121.58
2059	242697	117.87
2060	248586	120.67
2061	246191	119.45
2062	242422	117.57
2063	242243	117.42
2064	244837	118.62
2065	249740	120.94
2066	247990	120.03
2067	244974	118.52
2068	245531	118.73
2069	248134	119.93
2070	249919	120.73
2071	251289	121.34
2072	247553	119.48
2073	245137	118.25
2074	246418	118.81
2075	245033	118.09
2076	248773	119.83
2077	253627	122.11
2078	252045	121.29
2079	248729	119.64
2080	251133	120.74
2081	247233	118.80
2082	252103	121.09
2083	246138	118.17
2084	245945	118.02
2085	250094	119.95
2086	250762	120.21
2087	249894	119.74
2088	249140	119.32
2089	254211	121.69
2090	247257	118.30
2091	257998	123.38
2092	259045	123.83
2093	252777	120.77
2094	253867	121.24
2095	253214	120.87
2096	253714	121.05
2097	256381	122.26
2098	254622	121.36
2099	255601	121.77
2100	249916	119.01
2101	252384	120.13
2102	253012	120.37
2103	255554	121.52
2104	256071	121.71
2105	259226	123.15
2106	247642	117.59
2107	254105	120.60
2108	254563	120.76
2109	257297	122.00
2110	248629	117.83
2111	257240	121.86
2112	252250	119.44
2113	250299	118.46
2114	252931	119.65
2115	324020	153.20
2116	312890	147.87
2117	255743	120.80
2118	257471	121.56
2119	257224	121.39
2120	253970	119.80
2121	257335	121.33
2122	249948	117.79
2123	250345	117.92
2124	251595	118.45
2125	252165	118.67
2126	256282	120.55
2127	257699	121.16
2128	255839	120.23
2129	257097	120.76
2130	256773	120.55
2131	262125	123.01
2132	293995	137.90
2133	269037	126.13
2134	293364	137.47
2135	276943	129.72
2136	267370	125.17
2137	273038	127.77
2138	267372	125.06
2139	265155	123.96
2140	267827	125.15
2141	270487	126.34
2142	256588	119.79
2143	256382	119.64
2144	267497	124.77
2145	262064	122.17
2146	262993	122.55
2147	254904	118.73
2148	258553	120.37
2149	256285	119.26
2150	254726	118.48
2151	254052	118.11
2152	264402	122.86
2153	263550	122.41
2154	257214	119.41
2155	254869	118.27
2156	252248	117.00
2157	255377	118.39
2158	260501	120.71
2159	263006	121.82
2160	263962	122.20
2161	260958	120.76
2162	267595	123.77
2163	265040	122.53
2164	269241	124.42
2165	258963	119.61
2166	261301	120.64
2167	265816	122.67
2168	262386	121.03
2169	263765	121.61
2170	265482	122.34
2171	260059	119.79
2172	261450	120.37
2173	261111	120.16
2174	262754	120.86
2175	261838	120.39
2176	269606	123.90
2177	272987	125.40
2178	258315	118.60
2179	258093	118.45
2180	259887	119.21
2181	255617	117.20
2182	264880	121.39
2183	262806	120.39
2184	261717	119.83
2185	265186	121.37
2186	264081	120.81
2187	261371	119.51
2188	261630	119.57
2189	264648	120.90
2190	268362	122.54
2191	275503	125.74
2192	286653	130.77
2193	266268	121.42
2194	262284	119.55
2195	262158	119.43
2196	267089	121.63
2197	259208	117.98
2198	262114	119.25
2199	267234	121.53
2200	261729	118.97
2201	260149	118.20
2202	273864	124.37
2203	267297	121.33
2204	264566	120.04
2205	270136	122.51
2206	261950	118.74
2207	269830	122.26
2208	262476	118.88
2209	267913	121.28
2210	275623	124.72
2211	266891	120.71
2212	264466	119.56
2213	266326	120.35
2214	267982	121.04
2215	267944	120.97
2216	264013	119.14
2217	269313	121.48
2218	272913	123.04
2219	272722	122.90
2220	269337	121.32
2221	287752	129.56
2222	269621	121.34
2223	269726	121.33
2224	268938	120.93
2225	264058	118.68
2226	269984	121.29
2227	269457	121.00
2228	264022	118.50
2229	268307	120.37
2230	271755	121.86
2231	265226	118.88
2232	269816	120.89
2233	275409	123.34
2234	267483	119.73
2235	274392	122.77
2236	275952	123.41
2237	269640	120.54
2238	268387	119.92
2239	265816	118.72
2240	266584	119.01
2241	275994	123.16
2242	270929	120.84
2243	278151	124.01
2244	279258	124.45
2245	266409	118.67
2246	272459	121.31
2247	275133	122.44
2248	272908	121.40
2249	269856	119.99
2250	267306	118.80
2251	276478	122.82
2252	271488	120.55
2253	268809	119.31
2254	266141	118.07
2255	275752	122.28
2256	277373	122.95
2257	273506	121.18
2258	271471	120.23
2259	272157	120.48
2260	272531	120.59
2261	274506	121.41
2262	269886	119.31
2263	276906	122.36
2264	276641	122.19
2265	313675	138.49
2266	291391	128.59
2267	272699	120.29
2268	274274	120.93
2269	273201	120.41
2270	278548	122.71
2271	286050	125.96
2272	276468	121.68
2273	282546	124.31
2274	301200	132.45
2275	279513	122.86
2276	278386	122.31
2277	275764	121.11
2278	278430	122.23
2279	280323	123.00
2280	273826	120.10
2281	277942	121.85
2282	288413	126.39
2283	275174	120.53
2284	271311	118.79
2285	281100	123.02
2286	273173	119.50
2287	279184	122.07
2288	296654	129.66
2289	278586	121.71
2290	274076	119.68
2291	280496	122.43
2292	275153	120.05
2293	276120	120.42
2294	290052	126.44
2295	275085	119.86
2296	278250	121.19
2297	277048	120.61
2298	278695	121.28
2299	282272	122.78
2300	282654	122.89
2301	278907	121.21
2302	280785	121.97
2303	279306	121.28
2304	281642	122.24
2305	284323	123.35
2306	283658	123.01
2307	280537	121.60
2308	276675	119.88
2309	278851	120.77
2310	280975	121.63
2311	278898	120.68
2312	278362	120.40
2313	272783	117.93
2314	278261	120.25
2315	282913	122.21
2316	282699	122.06
2317	277001	119.55
2318	276174	119.14
2319	274627	118.42
2320	282207	121.64
2321	282884	121.88
2322	281171	121.09
2323	276473	119.02
2324	284240	122.31
2325	283860	122.09
2326	289990	124.67
2327	284320	122.18
2328	286192	122.93
2329	285493	122.58
2330	280503	120.39
2331	283153	121.47
2332	276484	118.56
2333	279323	119.73
2334	289537	124.05
2335	281372	120.50
2336	282152	120.78
2337	284834	121.88
2338	283585	121.29
2339	282599	120.82
2340	283471	121.14
2341	283606	121.15
2342	287001	122.55
2343	286137	122.12
2344	282555	120.54
2345	285697	121.83
2346	276841	118.01
2347	279055	118.90
2348	278422	118.58
2349	281283	119.75
2350	279695	119.02
2351	281541	119.75
2352	282533	120.12
2353	283348	120.42
2354	287212	122.01
2355	285792	121.36
2356	287293	121.94
2357	282878	120.02
2358	284102	120.48
2359	288196	122.17
2360	290030	122.89
2361	288405	122.15
2362	281086	119.00
2363	279613	118.33
2364	286131	121.04
2365	280723	118.70
2366	284493	120.24
2367	287305	121.38
2368	288190	121.70
2369	288561	121.81
2370	284522	120.05
2371	285917	120.59
2372	290378	122.42
2373	290258	122.32
2374	290680	122.44
2375	291660	122.80
2376	314231	132.25
2377	327947	137.97
2378	300225	126.25
2379	283588	119.20
2380	302092	126.93
2381	300222	126.09
2382	284867	119.59
2383	294243	123.48
2384	297320	124.71
2385	330644	138.63
2386	289048	121.14
2387	289184	121.15
2388	292758	122.60
2389	289783	121.30
2390	290952	121.74
2391	284887	119.15
2392	286708	119.86
2393	284885	119.05
2394	288296	120.42
2395	294837	123.11
2396	288249	120.30
2397	290214	121.07
2398	283135	118.07
2399	289730	120.77
2400	291193	121.33
2401	290685	121.07
2402	309328	128.78
2403	302800	126.01
2404	295689	123.00
2405	290873	120.95
2406	293774	122.10
2407	294520	122.36
2408	285230	118.45
2409	293368	121.78
2410	292651	121.43
2411	296548	123.00
2412	291185	120.72
2413	291403	120.76
2414	293445	121.56
2415	300297	124.35
2416	296100	122.56
2417	290035	120.00
2418	294769	121.91
2419	294963	121.94
2420	288643	119.27
2421	286765	118.45
2422	299527	123.67
2423	295027	121.76
2424	292970	120.86
2425	297366	122.63
2426	298087	122.87
2427	325271	134.02
2428	295251	121.60
2429	293145	120.69
2430	294306	121.11
2431	286768	117.96
2432	288472	118.62
2433	300431	123.48
2434	291303	119.68
2435	293919	120.71
2436	294815	121.02
2437	291502	119.62
2438	292112	119.82
2439	297218	121.86
2440	300129	123.00
2441	292145	119.68
2442	290175	118.83
2443	293988	120.34
2444	304327	124.52
2445	308999	126.38
2446	294247	120.30
2447	298393	121.94
2448	290913	118.84
2449	289523	118.22
2450	299454	122.23
2451	299610	122.24
2452	299160	122.01
2453	298601	121.73
2454	298045	121.45
2455	289739	118.02
2456	296092	120.56
2457	306926	124.92
2458	294003	119.61
2459	294642	119.82
2460	292479	118.89
2461	293324	119.19
2462	294816	119.75
2463	292305	118.68
2464	294286	119.43
2465	294859	119.62
2466	300048	121.67
2467	315532	127.90
2468	293145	118.78
2469	297035	120.31
2470	292821	118.55
2471	296540	120.01
2472	299458	121.14
2473	299525	121.12
2474	302387	122.23
2475	303959	122.81
2476	297907	120.32
2477	302363	122.07
2478	303519	122.49
2479	302828	122.16
2480	297071	119.79
2481	296160	119.37
2482	301458	121.46
2483	306205	123.32
2484	300179	120.85
2485	299641	120.58
2486	306167	123.16
2487	302985	121.83
2488	293953	118.15
2489	298585	119.96
2490	294844	118.41
2491	303408	121.80
2492	303991	121.99
2493	302147	121.20
2494	300088	120.32
2495	305284	122.36
2496	304623	122.04
2497	304865	122.09
2498	303094	121.33
2499	299394	119.81
2500	307120	122.85
2501	301611	120.60
2502	310806	124.22
2503	307136	122.71
2504	305467	121.99
2505	303184	121.03
2506	306898	122.47
2507	299441	119.44
2508	307116	122.45
2509	298520	118.98
2510	297370	118.47
2511	300003	119.48
2512	302704	120.50
2513	307230	122.26
2514	306487	121.91
2515	298209	118.57
2516	306235	121.72
2517	308805	122.69
2518	304389	120.89
2519	299474	118.89
2520	302425	120.01
2521	308636	122.43
2522	312719	124.00
2523	304615	120.74
2524	308359	122.17
2525	307105	121.63
2526	311070	123.15
2527	315455	124.83
2528	327619	129.60
2529	333163	131.74
2530	314403	124.27
2531	318538	125.85
2532	334949	132.29
2533	319559	126.16
2534	326992	129.04
2535	354689	139.92
2536	332672	131.18
2537	323765	127.62
2538	309612	121.99
2539	312280	122.99
2540	310982	122.43
2541	311336	122.52
2542	308634	121.41
2543	305894	120.29
2544	312619	122.88
2545	310768	122.11
2546	315752	124.02
2547	304922	119.72
2548	308026	120.89
2549	310854	121.95
2550	306668	120.26
2551	311898	122.26
2552	310934	121.84
2553	308125	120.69
2554	310003	121.38
2555	308773	120.85
2556	304979	119.32
2557	301945	118.09
2558	311853	121.91
2559	306290	119.69
2560	314706	122.93
2561	320252	125.05
2562	315578	123.18
2563	308152	120.23
2564	306766	119.64
2565	308211	120.16
2566	315879	123.10
2567	309562	120.59
2568	305339	118.90
2569	308667	120.15
2570	312178	121.47
2571	311889	121.31
2572	327276	127.25
2573	317199	123.28
2574	310388	120.59
2575	314220	122.03
2576	313352	121.64
2577	314684	122.11
2578	310735	120.53
2579	310500	120.40
2580	315388	122.24
2581	315833	122.37
2582	322661	124.97
2583	314141	121.62
2584	313074	121.16
2585	317646	122.88
2586	312710	120.92
2587	308967	119.43
2588	314822	121.65
2589	323277	124.87
2590	345108	133.25
2591	313611	121.04
2592	313446	120.93
2593	311135	119.99
2594	317110	122.25
2595	313737	120.90
2596	311223	119.89
2597	320561	123.44
2598	352266	135.59
2599	330588	127.20
2600	317864	122.26
2601	320554	123.24
2602	326145	125.34
2603	321999	123.70
2604	317728	122.02
2605	318116	122.12
2606	317415	121.80
2607	310619	119.15
2608	316039	121.18
2609	316573	121.34
2610	320065	122.63
2611	313569	120.10
2612	317719	121.64
2613	310101	118.68
2614	316517	121.09
2615	308738	118.06
2616	318060	121.58
2617	312131	119.27
2618	317956	121.45
2619	318014	121.43
2620	309940	118.30
2621	325489	124.19
2622	320529	122.25
2623	373373	142.35
2624	332675	126.78
2625	316538	120.59
2626	312198	118.89
2627	317627	120.91
2628	320914	122.11
2629	320300	121.83
2630	320143	121.73
2631	320924	121.98
2632	318784	121.12
2633	319724	121.43
2634	311730	118.35
2635	314907	119.51
2636	320902	121.74
2637	322096	122.14
2638	320024	121.31
2639	316765	120.03
2640	324406	122.88
2641	326578	123.66
2642	316200	119.68
2643	318736	120.60
2644	325943	123.28
2645	324132	122.55
2646	325862	123.15
2647	321607	121.50
2648	326191	123.18
2649	321945	121.53
2650	315294	118.98
2651	319645	120.58
2652	328654	123.93
2653	320905	120.96
2654	329697	124.23
2655	314017	118.27
2656	321740	121.14
2657	326674	122.95
2658	319403	120.17
2659	326122	122.65
2660	317775	119.46
2661	332461	124.94
2662	327036	122.85
2663	323979	121.66
2664	324163	121.68
2665	320460	120.25
2666	319303	119.77
2667	321794	120.66
2668	318740	119.47
2669	316901	118.73
2670	329434	123.38
2671	329957	123.53
2672	326620	122.24
2673	318881	119.30
2674	320387	119.82
2675	324735	121.40
2676	329484	123.13
2677	323548	120.86
2678	327051	122.13
2679	322158	120.25
2680	319045	119.05
2681	317663	118.49
2682	324383	120.95
2683	327591	122.10
2684	325161	121.15
2685	323826	120.61
2686	326272	121.47
2687	320249	119.18
2688	323645	120.40
2689	335985	124.95
2690	330050	122.70
2691	325042	120.79
2692	330570	122.80
2693	321984	119.56
2694	320880	119.11
2695	330821	122.75
2696	327846	121.60
2697	327307	121.36
2698	329816	122.24
2699	325101	120.45
2700	324209	120.08
2701	330945	122.53
2702	336030	124.36
2703	326878	120.93
2704	328948	121.65
2705	323474	119.58
2706	324630	119.97
2707	329482	121.71
2708	331048	122.25
2709	327745	120.98
2710	328063	121.06
2711	323595	119.36
2712	322126	118.78
2713	320245	118.04
2714	329809	121.52
2715	326753	120.35
2716	324959	119.65
2717	326617	120.21
2718	322009	118.47
2719	323480	118.97
2720	321759	118.29
2721	326409	119.96
2722	322595	118.51
2723	324054	119.01
2724	323187	118.64
2725	325128	119.31
2726	336364	123.39
2727	330343	121.14
2728	335324	122.92
2729	339368	124.36
2730	329416	120.67
2731	333399	122.08
2732	327479	119.87
2733	329997	120.75
2734	332576	121.64
2735	328191	120.00
2736	337544	123.37
2737	328737	120.11
2738	331925	121.23
2739	333119	121.62
2740	331762	121.08
2741	332240	121.21
2742	331358	120.85
2743	337875	123.18
2744	333211	121.43
2745	329947	120.20
2746	337521	122.91
2747	334921	121.92
2748	337115	122.68
2749	335889	122.19
2750	328306	119.38
2751	337400	122.65
2752	338453	122.98
2753	329526	119.70
2754	333071	120.94
2755	328700	119.31
2756	328895	119.34
2757	329181	119.40
2758	332766	120.65
2759	326837	118.46
2760	332890	120.61
2761	342312	123.98
2762	329879	119.43
2763	336908	121.94
2764	335470	121.37
2765	327461	118.43
2766	330519	119.49
2767	337385	121.93
2768	339051	122.49
2769	338516	122.25
2770	332796	120.14
2771	335860	121.21
2772	342665	123.62
2773	333264	120.18
2774	329079	118.63
2775	332963	119.99
2776	332844	119.90
2777	337345	121.48
2778	334343	120.35
2779	329591	118.60
2780	328507	118.17
2781	332291	119.49
2782	331907	119.31
2783	332564	119.50
2784	331833	119.19
2785	333957	119.91
2786	378803	135.97
2787	377822	135.57
2788	334052	119.82
2789	342355	122.75
2790	366299	131.29
2791	364929	130.75
2792	332269	119.01
2793	332331	118.99
2794	338703	121.23
2795	332514	118.97
2796	342674	122.56
2797	339030	121.21
2798	339674	121.40
2799	344345	123.02
2800	332279	118.67
2801	335379	119.74
2802	347564	124.04
2803	337030	120.24
2804	332389	118.54
2805	347922	124.04
2806	338393	120.60
2807	335445	119.50
2808	344369	122.64
2809	334583	119.11
2810	335033	119.23
2811	333899	118.78
2812	344559	122.53
2813	336354	119.57
2814	340902	121.14
2815	336740	119.62
2816	343737	122.07
2817	339992	120.69
2818	335524	119.06
2819	340587	120.82
2820	334712	118.69
2821	348080	123.39
2822	336210	119.14
2823	338544	119.92
2824	340089	120.43
2825	339427	120.15
2826	346836	122.73
2827	342534	121.17
2828	344578	121.85
2829	349016	123.37
2830	343888	121.52
2831	339603	119.96
2832	341037	120.42
2833	346245	122.22
2834	348297	122.90
2835	345883	122.00
2836	348140	122.76
2837	347329	122.43
2838	341812	120.44
2839	349357	123.06
2840	341318	120.18
2841	345453	121.60
2842	344273	121.14
2843	342595	120.50
2844	343518	120.79
2845	343748	120.83
2846	342835	120.46
2847	345523	121.36
2848	347074	121.87
2849	346353	121.57
2850	347531	121.94
2851	345757	121.28
2852	348390	122.16
2853	343132	120.27
2854	343831	120.47
2855	337599	118.25
2856	340602	119.26
2857	343491	120.23
2858	341077	119.34
2859	348708	121.97
2860	346042	120.99
2861	347259	121.38
2862	339474	118.61
2863	350401	122.39
2864	348944	121.84
2865	347957	121.45
2866	350993	122.47
2867	344285	120.09
2868	342510	119.42
2869	442731	154.32
2870	358799	125.02
2871	349312	121.67
2872	350573	122.07
2873	348587	121.33
2874	356584	124.07
2875	347974	121.03
2876	347396	120.79
2877	352508	122.53
2878	346715	120.47
2879	352940	122.59
2880	345115	119.83
2881	342701	118.95
2882	352352	122.26
2883	353823	122.73
2884	350132	121.40
2885	345880	119.89
2886	350329	121.39
2887	346025	119.86
2888	351528	121.72
2889	355844	123.17
2890	348761	120.68
2891	344324	119.10
2892	348108	120.37
2893	350066	121.00
2894	359630	124.27
2895	351169	121.30
2896	379723	131.12
2897	356684	123.12
2898	355141	122.55
2899	352591	121.63
2900	350051	120.71
2901	349260	120.39
2902	355267	122.42
2903	356472	122.79
2904	357808	123.21
2905	349290	120.24
2906	347047	119.42
2907	355651	122.34
2908	355547	122.27
2909	351229	120.74
2910	352525	121.14
2911	348210	119.62
2912	346080	118.85
2913	363875	124.91
2914	368796	126.56
2915	360231	123.58
2916	349869	119.98
2917	355433	121.85
2918	351812	120.57
2919	350246	119.99
2920	350786	120.13
2921	355351	121.65
2922	359088	122.89
2923	357060	122.16
2924	355592	121.61
2925	351466	120.16
2926	352414	120.44
2927	350209	119.65
2928	352120	120.26
2929	351732	120.09
2930	356292	121.60
2931	354354	120.90
2932	356068	121.44
2933	351971	120.00
2934	353611	120.52
2935	353378	120.40
2936	359273	122.37
2937	357938	121.87
2938	357152	121.56
2939	358681	122.04
2940	356618	121.30
2941	361101	122.78
2942	348720	118.53
2943	353900	120.25
2944	360740	122.53
2945	363387	123.39
2946	361309	122.64
2947	358863	121.77
2948	361846	122.74
2949	353634	119.92
2950	354988	120.33
2951	360101	122.03
2952	353813	119.86
2953	355346	120.33
2954	352961	119.49
2955	364323	123.29
2956	355891	120.40
2957	357126	120.77
2958	356491	120.52
2959	356671	120.54
2960	352265	119.01
2961	359303	121.35
2962	361679	122.11
2963	362896	122.48
2964	368822	124.43
2965	377487	127.31
2966	362390	122.18
2967	367475	123.85
2968	365769	123.24
2969	354028	119.24
2970	367068	123.59
2971	356846	120.11
2972	359202	120.86
2973	360732	121.34
2974	359544	120.90
2975	361700	121.58
2976	360436	121.11
2977	363403	122.07
2978	356867	119.83
2979	361306	121.28
2980	359379	120.60
2981	365626	122.65
2982	356031	119.39
2983	356669	119.57
2984	354593	118.83
2985	362537	121.45
2986	359217	120.30
2987	356435	119.33
2988	364488	121.98
2989	365961	122.44
2990	362387	121.20
2991	359613	120.23
2992	358264	119.74
2993	356724	119.19
2994	362126	120.95
2995	357688	119.43
2996	358135	119.54
2997	366536	122.30
2998	373849	124.70
2999	362397	120.84
3000	360244	120.08
3001	366515	122.13
3002	367727	122.49
3003	364952	121.53
3004	366484	122.00
3005	367969	122.45
3006	368409	122.56
3007	363295	120.82
3008	359626	119.56
3009	366201	121.70
3010	371973	123.58
3011	358327	119.01
3012	361346	119.97
3013	360007	119.48
3014	356167	118.17
3015	360473	119.56
3016	365824	121.29
3017	367080	121.67
3018	362773	120.20
3019	357603	118.45
3020	360226	119.28
3021	371441	122.95
3022	365782	121.04
3023	369107	122.10
3024	360882	119.34
3025	363316	120.10
3026	358384	118.43
3027	368047	121.59
3028	365439	120.69
3029	372106	122.85
3030	368194	121.52
3031	365409	120.56
3032	367222	121.12
3033	365698	120.57
3034	368352	121.41
3035	368763	121.50
3036	370172	121.93
3037	367392	120.97
3038	370476	121.95
3039	371811	122.35
3040	378138	124.39
3041	366206	120.42
3042	363523	119.50
3043	362213	119.03
3044	363419	119.39
3045	366743	120.44
3046	367549	120.67
3047	372715	122.32
3048	362159	118.82
3049	366926	120.34
3050	372781	122.22
3051	361488	118.48
3052	367622	120.45
3053	374579	122.69
3054	377540	123.62
3055	371278	121.53
3056	370898	121.37
3057	371345	121.47
3058	376779	123.21
3059	364157	119.04
3060	366153	119.66
3061	365788	119.50
3062	375750	122.71
3063	376342	122.87
3064	369604	120.63
3065	364230	118.84
3066	365136	119.09
3067	362659	118.25
3068	372448	121.40
3069	372194	121.28
3070	368430	120.01
3071	374343	121.90
3072	369986	120.44
3073	372139	121.10
3074	366873	119.35
3075	371404	120.78
3076	374527	121.76
3077	373655	121.43
3078	365590	118.78
3079	366647	119.08
3080	378273	122.82
3081	369725	120.00
3082	369051	119.74
3083	375520	121.80
3084	394758	128.00
3085	379233	122.93
3086	368650	119.46
3087	371372	120.30
3088	377976	122.40
3089	379100	122.73
3090	375428	121.50
3091	376409	121.78
3092	377307	122.03
3093	372649	120.48
3094	378588	122.36
3095	372330	120.30
3096	379525	122.59
3097	373854	120.71
3098	375050	121.06
3099	377536	121.83
3100	372863	120.28
3101	387187	124.86
3102	390542	125.90
3103	376642	121.38
3104	380087	122.45
3105	383652	123.56
3106	375638	120.94
3107	373983	120.37
3108	376892	121.27
3109	380260	122.31
3110	375187	120.64
3111	382688	123.01
3112	382758	122.99
3113	386646	124.20
3114	374020	120.11
3115	383236	123.03
3116	381804	122.53
3117	379697	121.81
3118	369965	118.65
3119	377022	120.88
3120	375811	120.45
3121	379297	121.53
3122	387409	124.09
3123	374469	119.91
3124	375046	120.05
3125	381788	122.17
3126	383464	122.67
3127	382244	122.24
3128	383820	122.70
3129	373674	119.42
3130	381469	121.88
3131	386699	123.51
3132	384003	122.61
3133	380074	121.31
3134	385386	122.97
3135	389154	124.13
3136	375990	119.89
3137	371801	118.52
3138	386991	123.32
3139	384249	122.41
3140	382402	121.78
3141	387289	123.30
3142	378054	120.32
3143	380178	120.96
3144	376369	119.71
3145	384907	122.39
3146	379929	120.77
3147	379678	120.65
3148	382766	121.59
3149	393397	124.93
3150	379956	120.62
3151	376279	119.42
3152	379219	120.31
3153	385750	122.34
3154	381186	120.86
3155	381338	120.87
3156	376882	119.42
3157	380575	120.55
3158	381205	120.71
3159	376771	119.27
3160	381439	120.71
3161	384941	121.78
3162	385807	122.01
3163	388979	122.98
3164	388578	122.81
3165	379939	120.04
3166	384117	121.33
3167	384389	121.37
3168	386426	121.98
3169	385013	121.49
3170	386717	121.99
3171	388307	122.46
3172	379442	119.62
3173	392048	123.56
3174	377686	118.99
3175	387789	122.14
3176	378809	119.27
3177	379615	119.49
3178	386477	121.61
3179	394495	124.09
3180	377118	118.59
3181	376125	118.24
3182	383757	120.60
3183	387068	121.60
3184	391029	122.81
3185	381447	119.76
3186	386238	121.23
3187	381556	119.72
3188	391894	122.93
3189	391956	122.91
3190	383124	120.10
3191	468778	146.91
3192	385355	120.73
3193	380140	119.05
3194	383040	119.92
3195	385478	120.65
3196	387955	121.39
3197	382877	119.76
3198	388110	121.36
3199	387443	121.11
3200	390270	121.96
3201	397286	124.11
3202	389884	121.76
3203	385397	120.32
3204	386043	120.49
3205	390569	121.86
3206	387983	121.02
3207	397505	123.95
3208	384756	119.94
3209	391308	121.94
3210	388187	120.93
3211	385602	120.09
3212	388887	121.07
3213	391477	121.84
3214	389533	121.20
3215	407978	126.90
3216	393224	122.27
3217	393781	122.41
3218	392003	121.82
3219	388171	120.59
3220	392492	121.89
3221	395074	122.66
3222	385719	119.71
3223	389514	120.85
3224	393489	122.05
3225	389866	120.89
3226	387938	120.25
3227	383518	118.85
3228	388494	120.35
3229	396087	122.67
3230	405281	125.47
3231	385844	119.42
3232	382931	118.48
3233	382377	118.27
3234	393010	121.52
3235	392622	121.37
3236	391377	120.94
3237	393719	121.63
3238	388808	120.08
3239	389641	120.30
3240	387107	119.48
3241	387365	119.52
3242	402485	124.15
3243	395818	122.05
3244	398013	122.69
3245	396901	122.31
3246	389793	120.08
3247	392817	120.98
3248	395023	121.62
3249	391330	120.45
3250	396538	122.01
3251	401668	123.55
3252	389290	119.71
3253	396830	121.99
3254	397538	122.17
3255	385132	118.32
3256	408859	125.57
3257	419967	128.94
3258	395105	121.27
3259	406900	124.85
3260	394964	121.15
3261	402740	123.50
3262	388849	119.21
3263	396455	121.50
3264	392070	120.12
3265	394342	120.78
3266	391018	119.72
3267	389939	119.36
3268	397623	121.67
3269	395274	120.92
3270	396412	121.23
3271	396344	121.17
3272	397574	121.51
3273	400694	122.42
3274	403255	123.17
3275	392882	119.96
3276	394343	120.37
3277	391763	119.55
3278	394838	120.45
3279	395073	120.49
3280	397282	121.12
3281	397314	121.10
3282	388170	118.27
3283	391273	119.18
3284	401131	122.15
3285	401966	122.36
3286	399107	121.46
3287	400044	121.70
3288	401169	122.01
3289	398042	121.02
3290	395436	120.19
3291	402313	122.25
3292	397903	120.87
3293	388685	118.03
3294	397787	120.76
3295	391225	118.73
3296	401521	121.82
3297	395194	119.86
3298	398252	120.76
3299	404752	122.69
3300	396880	120.27
3301	414993	125.72
3302	404573	122.52
3303	400621	121.29
3304	398683	120.67
3305	394951	119.50
3306	394190	119.23
3307	405058	122.49
3308	393877	119.07
3309	400666	121.08
3310	397321	120.04
3311	404645	122.21
3312	411942	124.38
3313	396079	119.55
3314	461717	139.32
3315	406503	122.63
3316	402758	121.46
3317	404295	121.89
3318	399128	120.29
3319	401379	120.93
3320	398110	119.91
3321	405365	122.06
3322	411028	123.73
3323	408164	122.83
3324	397628	119.62
3325	397510	119.55
3326	402772	121.10
3327	404521	121.59
3328	403167	121.14
3329	408720	122.78
3330	408779	122.76
3331	404942	121.57
3332	402081	120.67
3333	406117	121.85
3334	401226	120.34
3335	413513	123.99
3336	402846	120.76
3337	404707	121.28
3338	404498	121.18
3339	407964	122.18
3340	402443	120.49
3341	396125	118.56
3342	405635	121.37
3343	399817	119.60
3344	417104	124.73
3345	405584	121.25
3346	402199	120.20
3347	406178	121.36
3348	409692	122.37
3349	398567	119.01
3350	404341	120.70
3351	408044	121.77
3352	409948	122.30
3353	402016	119.90
3354	400103	119.29
3355	403208	120.18
3356	398791	118.83
3357	402027	119.76
3358	409710	122.01
3359	411332	122.46
3360	410045	122.04
3361	409155	121.74
3362	410734	122.17
3363	408818	121.56
3364	422271	125.53
3365	413227	122.80
3366	401489	119.28
3367	410905	122.04
3368	402775	119.59
3369	416333	123.58
3370	402145	119.33
3371	414405	122.93
3372	409578	121.46
3373	409380	121.37
3374	409335	121.32
3375	404555	119.87
3376	413898	122.60
3377	414325	122.69
3378	400868	118.67
3379	406837	120.40
3380	415018	122.79
3381	416126	123.08
3382	410910	121.50
3383	410704	121.40
3384	413137	122.09
3385	434984	128.50
3386	413329	122.07
3387	411896	121.61
3388	405998	119.83
3389	413869	122.12
3390	408944	120.63
3391	418282	123.35
3392	409006	120.58
3393	418016	123.20
3394	406834	119.87
3395	408683	120.38
3396	415081	122.23
3397	421167	123.98
3398	417159	122.77
3399	412590	121.39
3400	414028	121.77
3401	418397	123.02
3402	416864	122.53
3403	409566	120.35
3404	417878	122.76
3405	414371	121.69
3406	417033	122.44
3407	409766	120.27
3408	409356	120.12
3409	408325	119.78
3410	416006	122.00
3411	409736	120.12
3412	409093	119.90
3413	414580	121.47
3414	416049	121.87
3415	406515	119.04
3416	414962	121.48
3417	414217	121.22
3418	416829	121.95
3419	409980	119.91
3420	417863	122.18
3421	421822	123.30
3422	418952	122.43
3423	410665	119.97
3424	416557	121.66
3425	409863	119.67
3426	414063	120.86
3427	413974	120.80
3428	413341	120.58
3429	412500	120.30
3430	409175	119.29
3431	412378	120.19
3432	413854	120.59
3433	444137	129.37
3434	416152	121.19
3435	412755	120.16
3436	423020	123.11
3437	422149	122.82
3438	415998	121.00
3439	416440	121.09
3440	417267	121.30
3441	411828	119.68
3442	413698	120.19
3443	429238	124.67
3444	415717	120.71
3445	417638	121.23
3446	414901	120.40
3447	416136	120.72
3448	411747	119.42
3449	425179	123.28
3450	421232	122.10
3451	422060	122.30
3452	408742	118.41
3453	420753	121.85
3454	422965	122.46
3455	415901	120.38
3456	417887	120.92
3457	417912	120.89
3458	423319	122.42
3459	413951	119.67
3460	418495	120.95
3461	417108	120.52
3462	410360	118.53
3463	411772	118.91
3464	413860	119.47
3465	426773	123.17
3466	417370	120.42
3467	422949	121.99
3468	416774	120.18
3469	422648	121.84
3470	422555	121.77
3471	423131	121.90
3472	423888	122.09
3473	417898	120.33
3474	424170	122.10
3475	416194	119.77
3476	414595	119.27
3477	422428	121.49
3478	421146	121.09
3479	415053	119.30
3480	415820	119.49
3481	422433	121.35
3482	423718	121.69
3483	423178	121.50
3484	425507	122.13
3485	428220	122.88
3486	424714	121.83
3487	417356	119.69
3488	427047	122.43
3489	423304	121.33
3490	418077	119.79
3491	413297	118.39
3492	424214	121.48
3493	421843	120.77
3494	417984	119.63
3495	415947	119.01
3496	420691	120.33
3497	432174	123.58
3498	419000	119.78
3499	430481	123.03
3500	429323	122.66
3501	434044	123.98
3502	458315	130.87
3503	424828	121.28
3504	423413	120.84
3505	417308	119.06
3506	419266	119.59
3507	430458	122.74
3508	422560	120.46
3509	434910	123.94
3510	416625	118.70
3511	423883	120.73
3512	424838	120.97
3513	431017	122.69
3514	425092	120.97
3515	431529	122.77
3516	423142	120.35
3517	419831	119.37
3518	426821	121.32
3519	425704	120.97
3520	530150	150.61
3521	426447	121.12
3522	428395	121.63
3523	430767	122.27
3524	428638	121.63
3525	437258	124.04
3526	433141	122.84
3527	425567	120.66
3528	436349	123.68
3529	418561	118.61
3530	423154	119.87
3531	435789	123.42
3532	434535	123.03
3533	424703	120.21
3534	426264	120.62
3535	424286	120.02
3536	430233	121.67
3537	428557	121.16
3538	437031	123.52
3539	428479	121.07
3540	426536	120.49
3541	436083	123.15
3542	427202	120.61
3543	429557	121.24
3544	419031	118.24
3545	428593	120.90
3546	427418	120.54
3547	423681	119.45
3548	426770	120.28
3549	425760	119.97
3550	433802	122.20
3551	436919	123.04
3552	428890	120.75
3553	424303	119.42
3554	424729	119.51
3555	423332	119.08
3556	426245	119.87
3557	424714	119.40
3558	444723	124.99
3559	431240	121.17
3560	433041	121.64
3561	449781	126.31
3562	441493	123.95
3563	435430	122.21
3564	428163	120.14
3565	438657	123.05
3566	428202	120.08
3567	434254	121.74
3568	436412	122.31
3569	442235	123.91
3570	437651	122.59
3571	433860	121.50
3572	427647	119.72
3573	429926	120.33
3574	427907	119.73
3575	428593	119.89
3576	432480	120.94
3577	446408	124.80
3578	431080	120.48
3579	447126	124.93
3580	434462	121.36
3581	437110	122.06
3582	432552	120.76
3583	433685	121.04
3584	428374	119.52
3585	424698	118.47
3586	437756	122.07
3587	438612	122.28
3588	428345	119.38
3589	436014	121.49
3590	437456	121.85
3591	442249	123.15
3592	438934	122.20
3593	440951	122.73
3594	426233	118.60
3595	436711	121.48
3596	437521	121.67
3597	430494	119.68
3598	439797	122.23
3599	436648	121.32
3600	438037	121.68
3601	444837	123.53
3602	432574	120.09
3603	441223	122.46
3604	429977	119.31
3605	439291	121.86
3606	435059	120.65
3607	440021	121.99
3608	428649	118.81
3609	435149	120.57
3610	430714	119.31
3611	436280	120.82
3612	434035	120.16
3613	446655	123.62
3614	442538	122.45
3615	439737	121.64
3616	436928	120.83
3617	444172	122.80
3618	442757	122.38
3619	437283	120.83
3620	441730	122.02
3621	437695	120.88
3622	435008	120.10
3623	442133	122.04
3624	431192	118.98
3625	438452	120.95
3626	434986	119.96
3627	442005	121.87
3628	446395	123.04
3629	435669	120.05
3630	441676	121.67
3631	438744	120.83
3632	444635	122.42
3633	440968	121.38
3634	437863	120.49
3635	439677	120.96
3636	439156	120.78
3637	442304	121.61
3638	436261	119.92
3639	441197	121.24
3640	445547	122.40
3641	441753	121.33
3642	445172	122.23
3643	439457	120.63
3644	441442	121.14
3645	443384	121.64
3646	446621	122.50
3647	451735	123.86
3648	437701	119.98
3649	441656	121.03
3650	442653	121.27
3651	440764	120.72
3652	438563	120.09
3653	440048	120.46
3654	443812	121.46
3655	447573	122.45
3656	441351	120.72
3657	440541	120.47
3658	445132	121.69
3659	442717	120.99
3660	439724	120.14
3661	444831	121.51
3662	446786	122.01
3663	441099	120.42
3664	431521	117.77
3665	445917	121.67
3666	441119	120.33
3667	439945	119.97
3668	444191	121.10
3669	439227	119.71
3670	440235	119.96
3671	446031	121.50
3672	440953	120.09
3673	442547	120.49
3674	452163	123.07
3675	448799	122.12
3676	449771	122.35
3677	449347	122.20
3678	443007	120.45
3679	441415	119.98
3680	443035	120.39
3681	437255	118.79
3682	439607	119.39
3683	444562	120.71
3684	438882	119.13
3685	443610	120.38
3686	447236	121.33
3687	445192	120.75
3688	436264	118.29
3689	437028	118.47
3690	442283	119.86
3691	450768	122.13
3692	450690	122.07
3693	447884	121.28
3694	449209	121.61
3695	442242	119.69
3696	447751	121.14
3697	445755	120.57
3698	455053	123.05
3699	453815	122.69
3700	441138	119.23
3701	456306	123.29
3702	459013	123.99
3703	445870	120.41
3704	442370	119.43
3705	444956	120.10
3706	445450	120.20
3707	449136	121.16
3708	443041	119.48
3709	444353	119.80
3710	450701	121.48
3711	443955	119.63
3712	440083	118.56
3713	437529	117.84
3714	450914	121.41
3715	455776	122.69
3716	448787	120.77
3717	455785	122.62
3718	446351	120.05
3719	452289	121.62
3720	450172	121.01
3721	446149	119.90
3722	451131	121.21
3723	443343	119.08
3724	459859	123.49
3725	454274	121.95
3726	451201	121.10
3727	454191	121.87
3728	453504	121.65
3729	451237	121.01
3730	451932	121.16
3731	447420	119.92
3732	542152	145.27
3733	448895	120.25
3734	453646	121.49
3735	457787	122.57
3736	452242	121.05
3737	450440	120.54
3738	449583	120.27
3739	456781	122.17
3740	452975	121.12
3741	442626	118.32
3742	444167	118.70
3743	446035	119.17
3744	448654	119.83
3745	455599	121.66
3746	458985	122.53
3747	442959	118.22
3748	449819	120.02
3749	443540	118.31
3750	453887	121.04
3751	453315	120.85
3752	452761	120.67
3753	457025	121.78
3754	446454	118.93
3755	454529	121.05
3756	447359	119.11
3757	449389	119.61
3758	451269	120.08
3759	451860	120.21
3760	458871	122.04
3761	452804	120.39
3762	460020	122.28
3763	457046	121.46
3764	458579	121.83
3765	455895	121.09
3766	465729	123.67
3767	459051	121.86
3768	451716	119.88
3769	458303	121.60
3770	451258	119.70
3771	451046	119.61
3772	459127	121.72
3773	459476	121.78
3774	450133	119.27
3775	455702	120.72
3776	456274	120.84
3777	464669	123.03
3778	453961	120.16
3779	449708	119.00
3780	458142	121.20
3781	465009	122.99
3782	462566	122.31
3783	457038	120.81
3784	459105	121.33
3785	458788	121.21
3786	459396	121.34
3787	453693	119.80
3788	450701	118.98
3789	456167	120.39
3790	460756	121.57
3791	580112	153.02
3792	594092	156.67
3793	461086	121.56
3794	452091	119.16
3795	531330	140.01
3796	459025	120.92
3797	452762	119.24
3798	462102	121.67
3799	461123	121.38
3800	455035	119.75
3801	465931	122.58
3802	458621	120.63
3803	462975	121.74
3804	463032	121.72
3805	462309	121.50
3806	458860	120.56
3807	456489	119.91
3808	461066	121.08
3809	469173	123.17
3810	466638	122.48
3811	469763	123.27
3812	457016	119.89
3813	455519	119.46
3814	457125	119.85
3815	461747	121.03
3816	453819	118.93
3817	455324	119.29
3818	464936	121.77
3819	463472	121.36
3820	456732	119.56
3821	467101	122.25
3822	464953	121.65
3823	458041	119.81
3824	469651	122.82
3825	472934	123.64
3826	467075	122.08
3827	465480	121.63
3828	464502	121.34
3829	470082	122.77
3830	459005	119.84
3831	465991	121.64
3832	465995	121.61
3833	463659	120.97
3834	471451	122.97
3835	468735	122.23
3836	469341	122.35
3837	465502	121.32
3838	463331	120.72
3839	458266	119.37
3840	465281	121.17
3841	469984	122.36
3842	478140	124.45
3843	464900	120.97
3844	472688	122.97
3845	473661	123.19
3846	466081	121.19
3847	466416	121.24
3848	460834	119.76
3849	465260	120.88
3850	473064	122.87
3851	463527	120.37
3852	472116	122.56
3853	462263	119.97
3854	469807	121.90
3855	473220	122.75
3856	456610	118.42
3857	466723	121.01
3858	463870	120.24
3859	477488	123.73
3860	465509	120.60
3861	466770	120.89
3862	471560	122.10
3863	468488	121.28
3864	468745	121.31
3865	464715	120.24
3866	465808	120.49
3867	462106	119.50
3868	467368	120.83
3869	455919	117.84
3870	463644	119.80
3871	471216	121.73
3872	468189	120.92
3873	470960	121.60
3874	479576	123.79
3875	469356	121.12
3876	464441	119.82
3877	477676	123.21
3878	457903	118.08
3879	466603	120.29
3880	471598	121.55
3881	462565	119.19
3882	467783	120.50
3883	470216	121.10
3884	474105	122.07
3885	476261	122.59
3886	469130	120.72
3887	459982	118.34
3888	466315	119.94
3889	476246	122.46
3890	468688	120.49
3891	467080	120.04
3892	467232	120.05
3893	464218	119.24
3894	465980	119.67
3895	472426	121.29
3896	468338	120.21
3897	476104	122.17
3898	477910	122.60
3899	469561	120.43
3900	477816	122.52
3901	476110	122.05
3902	471100	120.73
3903	473884	121.42
3904	467343	119.71
3905	504457	129.18
3906	505512	129.42
3907	478006	122.35
3908	474622	121.45
3909	475499	121.64
3910	465608	119.08
3911	468918	119.90
3912	478417	122.29
3913	481595	123.08
3914	477428	121.98
3915	475606	121.48
3916	468542	119.65
3917	565584	144.39
3918	488009	124.56
3919	472732	120.63
3920	480162	122.49
3921	478830	122.12
3922	469680	119.76
3923	482106	122.89
3924	470196	119.83
3925	470725	119.93
3926	480726	122.45
3927	469043	119.44
3928	469074	119.42
3929	465642	118.51
3930	475689	121.04
3931	479901	122.08
3932	478748	121.76
3933	477782	121.48
3934	483174	122.82
3935	474879	120.68
3936	482875	122.68
3937	468988	119.12
3938	469531	119.23
3939	476321	120.92
3940	480040	121.84
3941	476342	120.87
3942	472035	119.75
3943	487213	123.56
3944	481446	122.07
3945	470189	119.19
3946	478126	121.17
3947	482675	122.29
3948	480441	121.69
3949	479727	121.48
3950	481959	122.01
3951	478467	121.10
3952	485663	122.89
3953	484075	122.46
3954	472525	119.51
3955	481169	121.66
3956	479770	121.28
3957	478166	120.84
3958	486579	122.94
3959	477077	120.50
3960	470241	118.75
3961	474512	119.80
3962	482865	121.87
3963	494719	124.83
3964	507992	128.15
3965	527641	133.07
3966	499510	125.95
3967	493936	124.51
3968	498402	125.61
3969	471019	118.67
3970	472083	118.91
3971	485569	122.28
3972	485988	122.35
3973	480800	121.02
3974	482506	121.42
3975	479485	120.63
3976	482458	121.34
3977	480350	120.78
3978	470765	118.34
3979	479524	120.51
3980	490469	123.23
3981	490224	123.14
3982	487015	122.30
3983	502564	126.18
3984	477240	119.79
3985	481030	120.71
3986	497672	124.85
3987	478840	120.10
3988	475737	119.29
3989	487236	122.14
3990	484996	121.55
3991	492041	123.29
3992	490364	122.84
3993	482104	120.74
3994	493112	123.46
3995	479731	120.08
3996	489248	122.43
3997	486460	121.71
3998	494489	123.68
3999	485304	121.36
4000	479091	119.77
