N	Total Time	Average CPE
1	115	115.00
2	105	52.50
3	110	36.67
4	123	30.75
5	134	26.80
6	146	24.33
7	155	22.14
8	165	20.62
9	184	20.44
10	270	27.00
11	269	24.45
12	250	20.83
13	210	16.15
14	220	15.71
15	254	16.93
16	256	16.00
17	471	27.71
18	469	26.06
19	464	24.42
20	463	23.15
21	472	22.48
22	486	22.09
23	492	21.39
24	502	20.92
25	514	20.56
26	521	20.04
27	532	19.70
28	544	19.43
29	548	18.90
30	577	19.23
31	586	18.90
32	593	18.53
33	865	26.21
34	868	25.53
35	863	24.66
36	865	24.03
37	882	23.84
38	888	23.37
39	896	22.97
40	904	22.60
41	916	22.34
42	929	22.12
43	931	21.65
44	947	21.52
45	953	21.18
46	988	21.48
47	989	21.04
48	1007	20.98
49	1014	20.69
50	1022	20.44
51	1026	20.12
52	1038	19.96
53	1048	19.77
54	1061	19.65
55	1064	19.35
56	1077	19.23
57	1081	18.96
58	1096	18.90
59	1108	18.78
60	1117	18.62
61	1128	18.49
62	1136	18.32
63	1138	18.06
64	1147	17.92
65	1462	22.49
66	1452	22.00
67	1457	21.75
68	1458	21.44
69	1468	21.28
70	1482	21.17
71	1499	21.11
72	1506	20.92
73	1521	20.84
74	1528	20.65
75	1544	20.59
76	1554	20.45
77	1593	20.69
78	1608	20.62
79	1599	20.24
80	3423	42.79
81	2381	29.40
82	1617	19.72
83	1622	19.54
84	1630	19.40
85	1640	19.29
86	2881	33.50
87	1662	19.10
88	1670	18.98
89	1679	18.87
90	3972	44.13
91	1773	19.48
92	1990	21.63
93	1812	19.48
94	1819	19.35
95	1831	19.27
96	1844	19.21
97	1849	19.06
98	1860	18.98
99	1873	18.92
100	2767	27.67
101	1789	17.71
102	1797	17.62
103	1806	17.53
104	1819	17.49
105	1826	17.39
106	1828	17.25
107	1844	17.23
108	1850	17.13
109	1863	17.09
110	1872	17.02
111	1884	16.97
112	3798	33.91
113	1908	16.88
114	1921	16.85
115	1923	16.72
116	1934	16.67
117	1944	16.62
118	1955	16.57
119	1961	16.48
120	1977	16.48
121	2088	17.26
122	2077	17.02
123	2086	16.96
124	2098	16.92
125	2108	16.86
126	2112	16.76
127	2124	16.72
128	2131	16.65
129	3022	23.43
130	2414	18.57
131	2404	18.35
132	2412	18.27
133	2415	18.16
134	2424	18.09
135	2444	18.10
136	2443	17.96
137	5122	37.39
138	2385	17.28
139	2380	17.12
140	2389	17.06
141	2449	17.37
142	2450	17.25
143	2468	17.26
144	2468	17.14
145	2488	17.16
146	2495	17.09
147	2500	17.01
148	2513	16.98
149	2537	17.03
150	2942	19.61
151	3083	20.42
152	2554	16.80
153	2719	17.77
154	2625	17.05
155	3262	21.05
156	2776	17.79
157	2576	16.41
158	3124	19.77
159	2689	16.91
160	2692	16.82
161	2707	16.81
162	2698	16.65
163	2714	16.65
164	2740	16.71
165	2734	16.57
166	2762	16.64
167	2754	16.49
168	2776	16.52
169	2792	16.52
170	2812	16.54
171	2848	16.65
172	2814	16.36
173	2815	16.27
174	2818	16.20
175	2830	16.17
176	2844	16.16
177	2944	16.63
178	2910	16.35
179	2872	16.04
180	2873	15.96
181	2887	15.95
182	2916	16.02
183	2918	15.95
184	2925	15.90
185	2941	15.90
186	2942	15.82
187	2956	15.81
188	2967	15.78
189	2966	15.69
190	2988	15.73
191	2996	15.69
192	3019	15.72
193	3042	15.76
194	3043	15.69
195	3095	15.87
196	3162	16.13
197	3197	16.23
198	3223	16.28
199	3232	16.24
200	3245	16.23
201	3220	16.02
202	3225	15.97
203	3231	15.92
204	3233	15.85
205	3246	15.83
206	3259	15.82
207	3276	15.83
208	3278	15.76
209	3300	15.79
210	3304	15.73
211	3306	15.67
212	3319	15.66
213	3329	15.63
214	3335	15.58
215	3333	15.50
216	3349	15.50
217	3374	15.55
218	3397	15.58
219	3401	15.53
220	3458	15.72
221	3424	15.49
222	3454	15.56
223	3463	15.53
224	3448	15.39
225	3447	15.32
226	3465	15.33
227	3482	15.34
228	3500	15.35
229	3542	15.47
230	3686	16.03
231	3685	15.95
232	3737	16.11
233	3811	16.36
234	3684	15.74
235	3731	15.88
236	3795	16.08
237	3764	15.88
238	3768	15.83
239	3743	15.66
240	3776	15.73
241	3767	15.63
242	5284	21.83
243	4609	18.97
244	3626	14.86
245	4318	17.62
246	4956	20.15
247	4605	18.64
248	3731	15.04
249	3604	14.47
250	3743	14.97
251	3989	15.89
252	3816	15.14
253	6334	25.04
254	7467	29.40
255	7827	30.69
256	5465	21.35
257	5335	20.76
258	4166	16.15
259	3792	14.64
260	3792	14.58
261	3796	14.54
262	3870	14.77
263	3907	14.86
264	3937	14.91
265	4000	15.09
266	4002	15.05
267	3998	14.97
268	3986	14.87
269	3987	14.82
270	4016	14.87
271	4029	14.87
272	4040	14.85
273	4042	14.81
274	4044	14.76
275	4068	14.79
276	4223	15.30
277	4108	14.83
278	4100	14.75
279	4096	14.68
280	4133	14.76
281	4158	14.80
282	4172	14.79
283	4175	14.75
284	4180	14.72
285	4191	14.71
286	4206	14.71
287	4216	14.69
288	4222	14.66
289	4243	14.68
290	4257	14.68
291	4249	14.60
292	4253	14.57
293	4270	14.57
294	4280	14.56
295	4356	14.77
296	4303	14.54
297	4310	14.51
298	4316	14.48
299	4334	14.49
300	4500	15.00
301	4388	14.58
302	4367	14.46
303	4374	14.44
304	4409	14.50
305	4423	14.50
306	5570	18.20
307	4509	14.69
308	4534	14.72
309	4539	14.69
310	4539	14.64
311	4551	14.63
312	4568	14.64
313	4574	14.61
314	4578	14.58
315	4592	14.58
316	4605	14.57
317	4606	14.53
318	4622	14.53
319	4622	14.49
320	4640	14.50
321	4655	14.50
322	4664	14.48
323	4675	14.47
324	4683	14.45
325	4699	14.46
326	4704	14.43
327	4711	14.41
328	4714	14.37
329	4725	14.36
330	4732	14.34
331	4750	14.35
332	5832	17.57
333	4768	14.32
334	4765	14.27
335	4749	14.18
336	4759	14.16
337	4759	14.12
338	4800	14.20
339	4809	14.19
340	4819	14.17
341	4826	14.15
342	4834	14.13
343	4845	14.13
344	9029	26.25
345	4848	14.05
346	4825	13.95
347	5099	14.69
348	4966	14.27
349	4987	14.29
350	5128	14.65
351	5014	14.28
352	7596	21.58
353	10593	30.01
354	5856	16.54
355	6034	17.00
356	5175	14.54
357	6693	18.75
358	7345	20.52
359	5036	14.03
360	5829	16.19
361	5062	14.02
362	5206	14.38
363	4922	13.56
364	5006	13.75
365	8528	23.36
366	5012	13.69
367	5030	13.71
368	4989	13.56
369	5021	13.61
370	5010	13.54
371	5030	13.56
372	5046	13.56
373	5043	13.52
374	7269	19.44
375	5716	15.24
376	5607	14.91
377	5202	13.80
378	5421	14.34
379	5445	14.37
380	5392	14.19
381	5458	14.33
382	5420	14.19
383	5395	14.09
384	5521	14.38
385	5373	13.96
386	5369	13.91
387	7314	18.90
388	5737	14.79
389	9573	24.61
390	5254	13.47
391	5251	13.43
392	5252	13.40
393	5278	13.43
394	5281	13.40
395	5283	13.37
396	5299	13.38
397	5305	13.36
398	5310	13.34
399	5322	13.34
400	5657	14.14
401	5350	13.34
402	5360	13.33
403	5365	13.31
404	5371	13.29
405	5389	13.31
406	5393	13.28
407	5410	13.29
408	5451	13.36
409	5450	13.33
410	5458	13.31
411	5455	13.27
412	5475	13.29
413	5495	13.31
414	5504	13.29
415	5508	13.27
416	5520	13.27
417	5521	13.24
418	8165	19.53
419	9616	22.95
420	5533	13.17
421	6051	14.37
422	8258	19.57
423	5658	13.38
424	5936	14.00
425	5651	13.30
426	6922	16.25
427	5698	13.34
428	6007	14.04
429	5615	13.09
430	6075	14.13
431	5910	13.71
432	5767	13.35
433	5920	13.67
434	5982	13.78
435	5719	13.15
436	5726	13.13
437	5727	13.11
438	6431	14.68
439	5877	13.39
440	5832	13.25
441	5807	13.17
442	5817	13.16
443	5859	13.23
444	5834	13.14
445	5861	13.17
446	5871	13.16
447	5884	13.16
448	5892	13.15
449	5906	13.15
450	5914	13.14
451	5935	13.16
452	5933	13.13
453	6116	13.50
454	5942	13.09
455	5958	13.09
456	5961	13.07
457	5982	13.09
458	5988	13.07
459	6018	13.11
460	6023	13.09
461	7828	16.98
462	5949	12.88
463	6118	13.21
464	7486	16.13
465	7567	16.27
466	6934	14.88
467	6131	13.13
468	6136	13.11
469	6139	13.09
470	6162	13.11
471	6172	13.10
472	6166	13.06
473	6191	13.09
474	6176	13.03
475	6209	13.07
476	6209	13.04
477	6236	13.07
478	6235	13.04
479	6247	13.04
480	6252	13.03
481	6257	13.01
482	6279	13.03
483	6279	13.00
484	6283	12.98
485	7215	14.88
486	6158	12.67
487	6188	12.71
488	6280	12.87
489	7973	16.30
490	6717	13.71
491	6408	13.05
492	6248	12.70
493	6239	12.66
494	7255	14.69
495	8912	18.00
496	6358	12.82
497	6749	13.58
498	6209	12.47
499	6222	12.47
500	7287	14.57
501	6369	12.71
502	6342	12.63
503	6337	12.60
504	6321	12.54
505	6367	12.61
506	6379	12.61
507	6389	12.60
508	6392	12.58
509	6390	12.55
510	6408	12.56
511	6419	12.56
512	6403	12.51
513	7168	13.97
514	6837	13.30
515	6828	13.26
516	6819	13.22
517	6815	13.18
518	7168	13.84
519	6879	13.25
520	6842	13.16
521	6850	13.15
522	6874	13.17
523	6888	13.17
524	6854	13.08
525	6900	13.14
526	6903	13.12
527	6875	13.05
528	6905	13.08
529	6912	13.07
530	6906	13.03
531	7755	14.60
532	7962	14.97
533	8554	16.05
534	7097	13.29
535	7054	13.19
536	7044	13.14
537	7070	13.17
538	7080	13.16
539	7080	13.14
540	7093	13.14
541	7115	13.15
542	7118	13.13
543	7118	13.11
544	7150	13.14
545	7141	13.10
546	7145	13.09
547	7151	13.07
548	7183	13.11
549	7401	13.48
550	9023	16.41
551	7667	13.91
552	7215	13.07
553	7233	13.08
554	7238	13.06
555	9194	16.57
556	7536	13.55
557	8249	14.81
558	7137	12.79
559	7147	12.79
560	7163	12.79
561	7161	12.76
562	7172	12.76
563	7171	12.74
564	7180	12.73
565	7208	12.76
566	9846	17.40
567	7359	12.98
568	7378	12.99
569	7366	12.95
570	7364	12.92
571	7374	12.91
572	7383	12.91
573	7393	12.90
574	7416	12.92
575	7429	12.92
576	7436	12.91
577	7457	12.92
578	7465	12.92
579	7475	12.91
580	7469	12.88
581	7479	12.87
582	7724	13.27
583	7539	12.93
584	7525	12.89
585	7541	12.89
586	7545	12.88
587	7557	12.87
588	7576	12.88
589	7575	12.86
590	7601	12.88
591	7599	12.86
592	7611	12.86
593	7660	12.92
594	7612	12.81
595	7633	12.83
596	7653	12.84
597	7657	12.83
598	7662	12.81
599	7675	12.81
600	8570	14.28
601	7540	12.55
602	7569	12.57
603	7550	12.52
604	7572	12.54
605	7596	12.56
606	7589	12.52
607	7619	12.55
608	7631	12.55
609	7628	12.53
610	7627	12.50
611	7659	12.54
612	7663	12.52
613	9939	16.21
614	7649	12.46
615	7647	12.43
616	7649	12.42
617	7653	12.40
618	7685	12.44
619	7682	12.41
620	7696	12.41
621	7704	12.41
622	7713	12.40
623	7718	12.39
624	10297	16.50
625	7784	12.45
626	8349	13.34
627	14404	22.97
628	7995	12.73
629	7972	12.67
630	7985	12.67
631	8010	12.69
632	9322	14.75
633	8519	13.46
634	8155	12.86
635	7819	12.31
636	7823	12.30
637	7853	12.33
638	7865	12.33
639	7857	12.30
640	7891	12.33
641	7915	12.35
642	7893	12.29
643	7922	12.32
644	9665	15.01
645	11162	17.31
646	8195	12.69
647	8228	12.72
648	8213	12.67
649	8242	12.70
650	8234	12.67
651	8250	12.67
652	8261	12.67
653	8263	12.65
654	8271	12.65
655	8266	12.62
656	8298	12.65
657	8295	12.63
658	12985	19.73
659	12509	18.98
660	12185	18.46
661	10230	15.48
662	8337	12.59
663	14907	22.48
664	14089	21.22
665	13464	20.25
666	13509	20.28
667	13420	20.12
668	13517	20.24
669	13640	20.39
670	13633	20.35
671	13674	20.38
672	13610	20.25
673	13661	20.30
674	13597	20.17
675	13801	20.45
676	13651	20.19
677	13635	20.14
678	132364	195.23
679	15919	23.44
680	15117	22.23
681	11937	17.53
682	21803	31.97
683	20824	30.49
684	19416	28.39
685	15480	22.60
686	19229	28.03
687	11947	17.39
688	11957	17.38
689	11991	17.40
690	12023	17.42
691	18310	26.50
692	19909	28.77
693	18052	26.05
694	18518	26.68
695	20380	29.32
696	16157	23.21
697	15915	22.83
698	12615	18.07
699	10724	15.34
700	12186	17.41
701	10162	14.50
702	10560	15.04
703	10605	15.09
704	10731	15.24
705	10638	15.09
706	10647	15.08
707	10215	14.45
708	10174	14.37
709	10417	14.69
710	10169	14.32
711	10436	14.68
712	9501	13.34
713	8839	12.40
714	8915	12.49
715	12444	17.40
716	9612	13.42
717	8745	12.20
718	8887	12.38
719	9009	12.53
720	8901	12.36
721	9296	12.89
722	8785	12.17
723	9002	12.45
724	8767	12.11
725	8901	12.28
726	8811	12.14
727	8923	12.27
728	9002	12.37
729	9180	12.59
730	9298	12.74
731	9531	13.04
732	8980	12.27
733	8993	12.27
734	9011	12.28
735	9007	12.25
736	9037	12.28
737	9634	13.07
738	9016	12.22
739	9176	12.42
740	9031	12.20
741	9080	12.25
742	9074	12.23
743	9088	12.23
744	9094	12.22
745	9123	12.25
746	9111	12.21
747	9119	12.21
748	9138	12.22
749	9157	12.23
750	9132	12.18
751	9177	12.22
752	9189	12.22
753	9196	12.21
754	9184	12.18
755	9193	12.18
756	9218	12.19
757	9225	12.19
758	9208	12.15
759	9215	12.14
760	9256	12.18
761	9256	12.16
762	9290	12.19
763	9289	12.17
764	9263	12.12
765	9299	12.16
766	9454	12.34
767	9332	12.17
768	9332	12.15
769	9782	12.72
770	9978	12.96
771	10349	13.42
772	9258	11.99
773	9238	11.95
774	9279	11.99
775	9287	11.98
776	9299	11.98
777	9278	11.94
778	9303	11.96
779	9307	11.95
780	9330	11.96
781	9346	11.97
782	9359	11.97
783	9345	11.93
784	9359	11.94
785	9392	11.96
786	9405	11.97
787	9510	12.08
788	9398	11.93
789	9415	11.93
790	9420	11.92
791	11445	14.47
792	9525	12.03
793	12823	16.17
794	12882	16.22
795	9526	11.98
796	9466	11.89
797	9500	11.92
798	9500	11.90
799	9520	11.91
800	11004	13.76
801	9715	12.13
802	9566	11.93
803	9584	11.94
804	9674	12.03
805	9625	11.96
806	12023	14.92
807	9970	12.35
808	10169	12.59
809	10821	13.38
810	10248	12.65
811	9631	11.88
812	9661	11.90
813	9671	11.90
814	9671	11.88
815	11057	13.57
816	10157	12.45
817	10080	12.34
818	10255	12.54
819	9971	12.17
820	9926	12.10
821	9948	12.12
822	10003	12.17
823	10015	12.17
824	9972	12.10
825	9959	12.07
826	9728	11.78
827	9920	12.00
828	9914	11.97
829	9865	11.90
830	9862	11.88
831	9869	11.88
832	9808	11.79
833	9811	11.78
834	9815	11.77
835	9887	11.84
836	9872	11.81
837	9885	11.81
838	10141	12.10
839	9860	11.75
840	9870	11.75
841	9872	11.74
842	9898	11.76
843	9863	11.70
844	9893	11.72
845	11993	14.19
846	11284	13.34
847	10077	11.90
848	10047	11.85
849	10154	11.96
850	10508	12.36
851	10227	12.02
852	10163	11.93
853	10544	12.36
854	10008	11.72
855	9981	11.67
856	9998	11.68
857	10049	11.73
858	10037	11.70
859	10059	11.71
860	10066	11.70
861	10061	11.69
862	10084	11.70
863	10106	11.71
864	10070	11.66
865	10102	11.68
866	10128	11.70
867	10100	11.65
868	11591	13.35
869	10117	11.64
870	10154	11.67
871	10157	11.66
872	10179	11.67
873	10175	11.66
874	10265	11.74
875	10341	11.82
876	10370	11.84
877	10338	11.79
878	10367	11.81
879	10995	12.51
880	10378	11.79
881	11123	12.63
882	10430	11.83
883	10417	11.80
884	10369	11.73
885	10421	11.78
886	10720	12.10
887	15652	17.65
888	18422	20.75
889	16116	18.13
890	16201	18.20
891	11031	12.38
892	10320	11.57
893	10331	11.57
894	10349	11.58
895	10357	11.57
896	10358	11.56
897	10599	11.82
898	10558	11.76
899	10551	11.74
900	10879	12.09
901	10843	12.03
902	10852	12.03
903	10451	11.57
904	10438	11.55
905	10450	11.55
906	10473	11.56
907	10524	11.60
908	10515	11.58
909	10526	11.58
910	11099	12.20
911	10533	11.56
912	10504	11.52
913	11954	13.09
914	10532	11.52
915	10570	11.55
916	10522	11.49
917	10539	11.49
918	10520	11.46
919	10555	11.49
920	11047	12.01
921	10771	11.69
922	10744	11.65
923	10704	11.60
924	10729	11.61
925	10778	11.65
926	11711	12.65
927	14131	15.24
928	12967	13.97
929	11920	12.83
930	11484	12.35
931	11528	12.38
932	10687	11.47
933	10685	11.45
934	10687	11.44
935	10702	11.45
936	10901	11.65
937	10726	11.45
938	10716	11.42
939	10780	11.48
940	10740	11.43
941	10732	11.40
942	11103	11.79
943	11009	11.67
944	10965	11.62
945	10976	11.61
946	10959	11.58
947	11008	11.62
948	10984	11.59
949	11052	11.65
950	11013	11.59
951	11061	11.63
952	11063	11.62
953	12080	12.68
954	15869	16.63
955	13931	14.59
956	11205	11.72
957	12129	12.67
958	11183	11.67
959	12565	13.10
960	11195	11.66
961	11176	11.63
962	11363	11.81
963	11230	11.66
964	11568	12.00
965	12353	12.80
966	11720	12.13
967	11076	11.45
968	11152	11.52
969	11116	11.47
970	11204	11.55
971	11081	11.41
972	11220	11.54
973	11316	11.63
974	11200	11.50
975	13389	13.73
976	17409	17.84
977	24873	25.46
978	16810	17.19
979	12765	13.04
980	11535	11.77
981	11611	11.84
982	11630	11.84
983	12142	12.35
984	11789	11.98
985	15790	16.03
986	11315	11.48
987	13767	13.95
988	11451	11.59
989	11427	11.55
990	11488	11.60
991	11495	11.60
992	18318	18.47
993	17239	17.36
994	16946	17.05
995	12961	13.03
996	11619	11.67
997	12953	12.99
998	11754	11.78
999	11756	11.77
1000	14450	14.45
1001	11510	11.50
1002	12114	12.09
1003	11490	11.46
1004	12653	12.60
1005	11608	11.55
1006	12242	12.17
1007	11634	11.55
1008	11666	11.57
1009	11711	11.61
1010	11668	11.55
1011	12767	12.63
1012	11710	11.57
1013	11695	11.54
1014	11715	11.55
1015	11749	11.58
1016	11724	11.54
1017	12838	12.62
1018	11492	11.29
1019	11498	11.28
1020	11511	11.29
1021	11559	11.32
1022	11553	11.30
1023	11574	11.31
1024	11581	11.31
1025	15401	15.03
1026	12342	12.03
1027	12337	12.01
1028	12492	12.15
1029	12402	12.05
1030	13197	12.81
1031	12352	11.98
1032	12271	11.89
1033	12268	11.88
1034	15311	14.81
1035	13704	13.24
1036	12317	11.89
1037	12339	11.90
1038	12419	11.96
1039	12383	11.92
1040	14277	13.73
1041	12370	11.88
1042	12366	11.87
1043	12381	11.87
1044	12391	11.87
1045	12425	11.89
1046	12408	11.86
1047	12442	11.88
1048	12417	11.85
1049	12445	11.86
1050	12529	11.93
1051	12407	11.80
1052	12435	11.82
1053	12474	11.85
1054	13339	12.66
1055	12519	11.87
1056	12511	11.85
1057	12494	11.82
1058	12558	11.87
1059	12482	11.79
1060	15211	14.35
1061	14912	14.05
1062	14538	13.69
1063	12570	11.83
1064	13224	12.43
1065	12623	11.85
1066	12596	11.82
1067	12576	11.79
1068	12568	11.77
1069	12603	11.79
1070	13883	12.97
1071	12790	11.94
1072	18109	16.89
1073	13891	12.95
1074	12741	11.86
1075	12753	11.86
1076	12787	11.88
1077	12769	11.86
1078	12779	11.85
1079	12781	11.85
1080	12783	11.84
1081	12794	11.84
1082	12846	11.87
1083	12822	11.84
1084	12846	11.85
1085	12849	11.84
1086	12949	11.92
1087	12889	11.86
1088	12927	11.88
1089	12852	11.80
1090	12956	11.89
1091	14820	13.58
1092	15754	14.43
1093	15544	14.22
1094	14412	13.17
1095	13712	12.52
1096	12896	11.77
1097	12899	11.76
1098	12914	11.76
1099	12971	11.80
1100	13257	12.05
1101	13076	11.88
1102	13050	11.84
1103	13108	11.88
1104	13088	11.86
1105	16285	14.74
1106	12921	11.68
1107	12972	11.72
1108	13021	11.75
1109	13009	11.73
1110	13007	11.72
1111	14150	12.74
1112	13232	11.90
1113	12991	11.67
1114	13050	11.71
1115	13050	11.70
1116	13058	11.70
1117	13077	11.71
1118	13095	11.71
1119	13163	11.76
1120	15050	13.44
1121	15637	13.95
1122	14353	12.79
1123	14852	13.23
1124	13175	11.72
1125	13182	11.72
1126	16578	14.72
1127	13233	11.74
1128	13271	11.77
1129	15510	13.74
1130	13311	11.78
1131	13353	11.81
1132	13343	11.79
1133	13339	11.77
1134	13349	11.77
1135	13376	11.79
1136	13327	11.73
1137	13469	11.85
1138	13376	11.75
1139	13395	11.76
1140	13406	11.76
1141	13428	11.77
1142	13467	11.79
1143	13409	11.73
1144	13493	11.79
1145	13436	11.73
1146	13438	11.73
1147	13432	11.71
1148	13485	11.75
1149	13490	11.74
1150	17385	15.12
1151	13994	12.16
1152	13532	11.75
1153	13551	11.75
1154	13540	11.73
1155	13532	11.72
1156	13541	11.71
1157	13549	11.71
1158	13578	11.73
1159	13559	11.70
1160	13504	11.64
1161	13576	11.69
1162	13540	11.65
1163	13589	11.68
1164	20274	17.42
1165	23788	20.42
1166	13601	11.66
1167	13629	11.68
1168	13558	11.61
1169	13543	11.59
1170	13580	11.61
1171	13595	11.61
1172	13631	11.63
1173	13566	11.57
1174	13552	11.54
1175	13610	11.58
1176	13651	11.61
1177	13672	11.62
1178	13641	11.58
1179	14416	12.23
1180	16409	13.91
1181	14820	12.55
1182	16333	13.82
1183	14170	11.98
1184	14194	11.99
1185	15142	12.78
1186	13846	11.67
1187	13807	11.63
1188	13812	11.63
1189	13791	11.60
1190	13816	11.61
1191	13805	11.59
1192	13794	11.57
1193	13861	11.62
1194	13870	11.62
1195	15001	12.55
1196	14494	12.12
1197	13779	11.51
1198	13784	11.51
1199	13849	11.55
1200	15597	13.00
1201	15052	12.53
1202	14109	11.74
1203	14075	11.70
1204	14069	11.69
1205	14155	11.75
1206	14101	11.69
1207	14132	11.71
1208	14071	11.65
1209	14281	11.81
1210	14978	12.38
1211	16218	13.39
1212	14434	11.91
1213	13975	11.52
1214	14741	12.14
1215	14005	11.53
1216	14000	11.51
1217	14015	11.52
1218	14000	11.49
1219	13981	11.47
1220	15448	12.66
1221	14244	11.67
1222	14277	11.68
1223	14203	11.61
1224	14235	11.63
1225	14219	11.61
1226	14290	11.66
1227	14331	11.68
1228	14280	11.63
1229	14311	11.64
1230	14342	11.66
1231	14356	11.66
1232	14458	11.74
1233	14353	11.64
1234	14528	11.77
1235	14547	11.78
1236	14421	11.67
1237	14433	11.67
1238	14470	11.69
1239	14444	11.66
1240	14448	11.65
1241	14524	11.70
1242	14523	11.69
1243	14502	11.67
1244	14463	11.63
1245	14574	11.71
1246	14537	11.67
1247	14531	11.65
1248	15246	12.22
1249	14891	11.92
1250	14825	11.86
1251	14768	11.80
1252	14900	11.90
1253	14817	11.83
1254	15975	12.74
1255	15457	12.32
1256	14353	11.43
1257	15263	12.14
1258	15096	12.00
1259	18079	14.36
1260	14521	11.52
1261	14521	11.52
1262	14454	11.45
1263	14412	11.41
1264	14461	11.44
1265	15060	11.91
1266	14553	11.50
1267	16780	13.24
1268	15210	12.00
1269	15471	12.19
1270	14658	11.54
1271	15806	12.44
1272	14787	11.62
1273	14875	11.68
1274	15961	12.53
1275	14835	11.64
1276	14768	11.57
1277	14782	11.58
1278	14774	11.56
1279	14847	11.61
1280	14815	11.57
1281	14840	11.58
1282	14821	11.56
1283	14978	11.67
1284	14892	11.60
1285	14899	11.59
1286	14891	11.58
1287	14938	11.61
1288	14925	11.59
1289	14952	11.60
1290	14910	11.56
1291	15006	11.62
1292	14952	11.57
1293	14980	11.59
1294	14988	11.58
1295	14977	11.57
1296	15013	11.58
1297	14982	11.55
1298	15029	11.58
1299	15032	11.57
1300	16278	12.52
1301	15278	11.74
1302	15353	11.79
1303	16437	12.61
1304	15054	11.54
1305	15045	11.53
1306	15069	11.54
1307	15116	11.57
1308	15070	11.52
1309	15068	11.51
1310	15079	11.51
1311	15074	11.50
1312	15051	11.47
1313	15093	11.50
1314	15059	11.46
1315	16124	12.26
1316	15557	11.82
1317	15062	11.44
1318	15076	11.44
1319	15100	11.45
1320	15499	11.74
1321	14961	11.33
1322	14945	11.30
1323	14892	11.26
1324	14937	11.28
1325	14971	11.30
1326	14960	11.28
1327	14959	11.27
1328	15040	11.33
1329	15042	11.32
1330	15026	11.30
1331	15015	11.28
1332	16428	12.33
1333	15298	11.48
1334	15300	11.47
1335	15331	11.48
1336	15331	11.48
1337	15311	11.45
1338	15339	11.46
1339	15358	11.47
1340	15266	11.39
1341	15344	11.44
1342	15392	11.47
1343	15387	11.46
1344	15410	11.47
1345	15360	11.42
1346	15395	11.44
1347	15435	11.46
1348	15747	11.68
1349	15494	11.49
1350	15495	11.48
1351	16766	12.41
1352	17389	12.86
1353	16854	12.46
1354	16908	12.49
1355	19806	14.62
1356	17255	12.72
1357	15343	11.31
1358	15345	11.30
1359	15339	11.29
1360	15371	11.30
1361	15360	11.29
1362	15368	11.28
1363	15364	11.27
1364	15563	11.41
1365	15433	11.31
1366	15400	11.27
1367	15437	11.29
1368	15451	11.29
1369	15465	11.30
1370	15455	11.28
1371	16937	12.35
1372	15451	11.26
1373	15517	11.30
1374	16460	11.98
1375	20291	14.76
1376	18457	13.41
1377	16613	12.06
1378	15650	11.36
1379	15724	11.40
1380	15644	11.34
1381	15677	11.35
1382	15672	11.34
1383	15705	11.36
1384	16907	12.22
1385	15840	11.44
1386	15861	11.44
1387	16044	11.57
1388	15790	11.38
1389	15806	11.38
1390	15612	11.23
1391	15637	11.24
1392	15644	11.24
1393	17094	12.27
1394	15643	11.22
1395	21415	15.35
1396	17569	12.59
1397	16101	11.53
1398	17969	12.85
1399	18663	13.34
1400	16301	11.64
1401	17124	12.22
1402	15683	11.19
1403	15738	11.22
1404	15721	11.20
1405	15708	11.18
1406	15751	11.20
1407	15762	11.20
1408	15726	11.17
1409	15751	11.18
1410	16445	11.66
1411	16383	11.61
1412	16384	11.60
1413	16355	11.57
1414	16383	11.59
1415	16393	11.59
1416	17851	12.61
1417	16431	11.60
1418	16468	11.61
1419	16445	11.59
1420	16502	11.62
1421	16447	11.57
1422	16463	11.58
1423	16497	11.59
1424	16517	11.60
1425	16873	11.84
1426	16621	11.66
1427	16287	11.41
1428	16210	11.35
1429	16176	11.32
1430	16225	11.35
1431	16153	11.29
1432	16220	11.33
1433	16244	11.34
1434	16218	11.31
1435	16415	11.44
1436	16252	11.32
1437	16241	11.30
1438	16229	11.29
1439	16193	11.25
1440	16443	11.42
1441	16310	11.32
1442	17081	11.85
1443	18555	12.86
1444	16353	11.32
1445	16382	11.34
1446	16358	11.31
1447	16431	11.36
1448	18806	12.99
1449	18836	13.00
1450	16640	11.48
1451	19730	13.60
1452	18319	12.62
1453	19089	13.14
1454	16481	11.33
1455	16500	11.34
1456	16567	11.38
1457	20256	13.90
1458	17045	11.69
1459	16763	11.49
1460	16740	11.47
1461	16784	11.49
1462	16788	11.48
1463	16826	11.50
1464	17055	11.65
1465	16292	11.12
1466	16284	11.11
1467	17763	12.11
1468	16297	11.10
1469	16313	11.10
1470	16328	11.11
1471	16564	11.26
1472	16825	11.43
1473	24304	16.50
1474	19022	12.91
1475	17673	11.98
1476	16955	11.49
1477	17005	11.51
1478	16966	11.48
1479	16990	11.49
1480	17036	11.51
1481	16995	11.48
1482	17442	11.77
1483	16549	11.16
1484	16546	11.15
1485	16932	11.40
1486	16940	11.40
1487	16850	11.33
1488	16735	11.25
1489	16752	11.25
1490	17071	11.46
1491	16745	11.23
1492	16776	11.24
1493	16754	11.22
1494	16836	11.27
1495	16801	11.24
1496	16763	11.21
1497	16813	11.23
1498	16931	11.30
1499	18177	12.13
1500	17156	11.44
1501	16799	11.19
1502	16668	11.10
1503	16906	11.25
1504	16635	11.06
1505	16716	11.11
1506	16719	11.10
1507	16715	11.09
1508	16728	11.09
1509	16651	11.03
1510	16730	11.08
1511	17709	11.72
1512	16780	11.10
1513	16746	11.07
1514	16722	11.04
1515	16795	11.09
1516	16763	11.06
1517	16985	11.20
1518	16806	11.07
1519	16868	11.10
1520	16859	11.09
1521	16883	11.10
1522	16854	11.07
1523	16894	11.09
1524	16881	11.08
1525	17010	11.15
1526	18137	11.89
1527	17487	11.45
1528	17001	11.13
1529	17068	11.16
1530	17677	11.55
1531	17194	11.23
1532	17170	11.21
1533	17208	11.23
1534	17196	11.21
1535	17186	11.20
1536	17195	11.19
1537	17183	11.18
1538	17685	11.50
1539	17135	11.13
1540	17419	11.31
1541	17392	11.29
1542	17353	11.25
1543	17351	11.24
1544	17292	11.20
1545	20344	13.17
1546	19765	12.78
1547	17065	11.03
1548	17161	11.09
1549	17096	11.04
1550	19107	12.33
1551	23326	15.04
1552	18196	11.72
1553	17361	11.18
1554	17350	11.16
1555	17329	11.14
1556	17434	11.20
1557	17432	11.20
1558	17413	11.18
1559	17461	11.20
1560	17457	11.19
1561	23049	14.77
1562	17138	10.97
1563	17164	10.98
1564	17242	11.02
1565	22837	14.59
1566	25263	16.13
1567	19117	12.20
1568	20702	13.20
1569	17564	11.19
1570	17495	11.14
1571	17578	11.19
1572	17526	11.15
1573	17655	11.22
1574	17691	11.24
1575	17647	11.20
1576	17633	11.19
1577	17620	11.17
1578	17682	11.21
1579	17613	11.15
1580	17696	11.20
1581	17750	11.23
1582	17641	11.15
1583	19169	12.11
1584	17677	11.16
1585	17726	11.18
1586	17725	11.18
1587	18689	11.78
1588	22034	13.88
1589	19307	12.15
1590	19332	12.16
1591	17554	11.03
1592	17542	11.02
1593	17619	11.06
1594	17511	10.99
1595	17603	11.04
1596	19211	12.04
1597	18212	11.40
1598	18302	11.45
1599	18179	11.37
1600	18884	11.80
1601	17857	11.15
1602	17719	11.06
1603	17797	11.10
1604	17749	11.07
1605	17734	11.05
1606	18203	11.33
1607	17813	11.08
1608	17831	11.09
1609	19716	12.25
1610	18969	11.78
1611	17984	11.16
1612	18754	11.63
1613	18027	11.18
1614	17928	11.11
1615	17873	11.07
1616	17897	11.07
1617	17849	11.04
1618	17870	11.04
1619	18951	11.71
1620	21428	13.23
1621	18086	11.16
1622	18088	11.15
1623	18077	11.14
1624	18089	11.14
1625	18054	11.11
1626	18111	11.14
1627	18349	11.28
1628	18100	11.12
1629	18110	11.12
1630	18068	11.08
1631	22199	13.61
1632	25699	15.75
1633	19413	11.89
1634	19016	11.64
1635	18158	11.11
1636	18127	11.08
1637	18198	11.12
1638	18146	11.08
1639	18253	11.14
1640	18200	11.10
1641	18250	11.12
1642	18216	11.09
1643	18166	11.06
1644	20460	12.45
1645	25426	15.46
1646	18396	11.18
1647	18281	11.10
1648	18375	11.15
1649	18412	11.17
1650	18749	11.36
1651	18500	11.21
1652	19944	12.07
1653	18930	11.45
1654	19508	11.79
1655	22220	13.43
1656	18786	11.34
1657	18957	11.44
1658	18665	11.26
1659	18279	11.02
1660	18122	10.92
1661	18104	10.90
1662	18122	10.90
1663	18702	11.25
1664	18378	11.04
1665	18289	10.98
1666	18365	11.02
1667	18328	10.99
1668	18327	10.99
1669	19234	11.52
1670	18515	11.09
1671	18942	11.34
1672	18907	11.31
1673	18554	11.09
1674	18537	11.07
1675	18483	11.03
1676	18465	11.02
1677	18582	11.08
1678	18587	11.08
1679	18587	11.07
1680	18839	11.21
1681	18621	11.08
1682	18563	11.04
1683	18567	11.03
1684	21068	12.51
1685	20433	12.13
1686	18699	11.09
1687	18657	11.06
1688	18636	11.04
1689	18705	11.07
1690	18726	11.08
1691	18772	11.10
1692	18682	11.04
1693	18684	11.04
1694	18783	11.09
1695	20113	11.87
1696	22558	13.30
1697	20072	11.83
1698	19995	11.78
1699	19015	11.19
1700	20322	11.95
1701	18852	11.08
1702	18893	11.10
1703	18890	11.09
1704	18861	11.07
1705	18822	11.04
1706	18870	11.06
1707	18890	11.07
1708	18815	11.02
1709	18946	11.09
1710	20428	11.95
1711	18898	11.05
1712	18911	11.05
1713	18965	11.07
1714	18975	11.07
1715	19257	11.23
1716	18997	11.07
1717	18969	11.05
1718	18998	11.06
1719	19046	11.08
1720	18978	11.03
1721	18970	11.02
1722	20284	11.78
1723	21221	12.32
1724	20407	11.84
1725	19051	11.04
1726	18967	10.99
1727	19013	11.01
1728	18989	10.99
1729	19062	11.02
1730	19508	11.28
1731	18965	10.96
1732	19002	10.97
1733	19167	11.06
1734	18878	10.89
1735	18910	10.90
1736	19264	11.10
1737	19146	11.02
1738	19088	10.98
1739	20853	11.99
1740	20811	11.96
1741	19292	11.08
1742	20522	11.78
1743	20287	11.64
1744	25513	14.63
1745	18952	10.86
1746	20540	11.76
1747	19543	11.19
1748	19541	11.18
1749	19497	11.15
1750	19546	11.17
1751	19513	11.14
1752	19502	11.13
1753	19496	11.12
1754	19570	11.16
1755	19536	11.13
1756	19065	10.86
1757	20483	11.66
1758	19090	10.86
1759	22487	12.78
1760	23344	13.26
1761	21233	12.06
1762	22385	12.70
1763	19645	11.14
1764	19664	11.15
1765	19709	11.17
1766	21761	12.32
1767	19554	11.07
1768	19245	10.89
1769	19213	10.86
1770	19173	10.83
1771	19262	10.88
1772	19160	10.81
1773	19309	10.89
1774	19337	10.90
1775	19267	10.85
1776	19244	10.84
1777	20001	11.26
1778	19583	11.01
1779	19641	11.04
1780	19650	11.04
1781	22552	12.66
1782	22765	12.77
1783	23203	13.01
1784	22757	12.76
1785	22710	12.72
1786	22027	12.33
1787	19722	11.04
1788	19670	11.00
1789	19633	10.97
1790	22294	12.45
1791	20117	11.23
1792	20236	11.29
1793	19643	10.96
1794	19674	10.97
1795	21505	11.98
1796	23595	13.14
1797	19664	10.94
1798	19674	10.94
1799	19731	10.97
1800	19969	11.09
1801	20067	11.14
1802	19725	10.95
1803	19694	10.92
1804	19806	10.98
1805	19781	10.96
1806	19752	10.94
1807	19940	11.03
1808	19813	10.96
1809	19797	10.94
1810	19761	10.92
1811	19814	10.94
1812	19804	10.93
1813	19816	10.93
1814	19828	10.93
1815	19783	10.90
1816	19872	10.94
1817	19832	10.91
1818	20020	11.01
1819	23596	12.97
1820	20919	11.49
1821	19913	10.94
1822	19923	10.93
1823	19903	10.92
1824	19936	10.93
1825	19911	10.91
1826	19944	10.92
1827	20011	10.95
1828	19921	10.90
1829	19959	10.91
1830	19969	10.91
1831	20067	10.96
1832	19886	10.85
1833	22763	12.42
1834	20756	11.32
1835	20311	11.07
1836	20182	10.99
1837	29541	16.08
1838	20586	11.20
1839	20878	11.35
1840	24403	13.26
1841	25337	13.76
1842	20245	10.99
1843	20201	10.96
1844	20141	10.92
1845	20171	10.93
1846	20214	10.95
1847	20216	10.95
1848	20506	11.10
1849	20200	10.92
1850	20293	10.97
1851	20259	10.94
1852	21684	11.71
1853	20401	11.01
1854	20293	10.95
1855	20271	10.93
1856	22177	11.95
1857	24661	13.28
1858	23031	12.40
1859	23450	12.61
1860	20204	10.86
1861	20107	10.80
1862	20145	10.82
1863	20183	10.83
1864	21202	11.37
1865	21513	11.54
1866	20520	11.00
1867	20367	10.91
1868	20298	10.87
1869	20398	10.91
1870	20366	10.89
1871	24401	13.04
1872	20318	10.85
1873	20358	10.87
1874	20466	10.92
1875	20458	10.91
1876	23351	12.45
1877	20866	11.12
1878	22177	11.81
1879	20651	10.99
1880	20603	10.96
1881	20551	10.93
1882	21428	11.39
1883	20501	10.89
1884	20485	10.87
1885	20475	10.86
1886	20462	10.85
1887	20495	10.86
1888	20846	11.04
1889	20533	10.87
1890	20578	10.89
1891	20511	10.85
1892	20578	10.88
1893	20636	10.90
1894	20818	10.99
1895	20587	10.86
1896	20676	10.91
1897	20983	11.06
1898	20602	10.85
1899	20568	10.83
1900	22184	11.68
1901	21065	11.08
1902	21102	11.09
1903	21088	11.08
1904	21043	11.05
1905	21118	11.09
1906	21084	11.06
1907	21097	11.06
1908	21127	11.07
1909	22727	11.91
1910	20881	10.93
1911	20764	10.87
1912	20905	10.93
1913	20997	10.98
1914	20981	10.96
1915	20949	10.94
1916	20847	10.88
1917	20656	10.78
1918	20786	10.84
1919	20723	10.80
1920	20848	10.86
1921	20740	10.80
1922	20713	10.78
1923	20788	10.81
1924	20768	10.79
1925	20768	10.79
1926	20781	10.79
1927	20710	10.75
1928	20730	10.75
1929	20825	10.80
1930	20998	10.88
1931	21806	11.29
1932	20582	10.65
1933	20743	10.73
1934	23031	11.91
1935	24454	12.64
1936	20804	10.75
1937	20787	10.73
1938	20829	10.75
1939	25667	13.24
1940	27068	13.95
1941	21116	10.88
1942	21176	10.90
1943	21018	10.82
1944	21036	10.82
1945	21123	10.86
1946	21038	10.81
1947	21117	10.85
1948	21133	10.85
1949	21101	10.83
1950	21068	10.80
1951	21168	10.85
1952	22862	11.71
1953	25533	13.07
1954	25899	13.25
1955	24587	12.58
1956	20951	10.71
1957	20959	10.71
1958	21031	10.74
1959	21007	10.72
1960	21002	10.72
1961	21878	11.16
1962	21028	10.72
1963	21154	10.78
1964	21045	10.72
1965	21036	10.71
1966	22461	11.42
1967	22595	11.49
1968	23200	11.79
1969	21131	10.73
1970	23616	11.99
1971	22707	11.52
1972	21252	10.78
1973	24724	12.53
1974	21407	10.84
1975	21293	10.78
1976	22059	11.16
1977	21343	10.80
1978	21366	10.80
1979	21304	10.77
1980	21300	10.76
1981	21331	10.77
1982	21398	10.80
1983	22921	11.56
1984	21314	10.74
1985	21387	10.77
1986	21381	10.77
1987	21409	10.77
1988	21418	10.77
1989	21439	10.78
1990	21424	10.77
1991	21424	10.76
1992	21796	10.94
1993	21513	10.79
1994	21474	10.77
1995	21431	10.74
1996	21492	10.77
1997	21556	10.79
1998	21475	10.75
1999	22320	11.17
2000	22548	11.27
2001	21934	10.96
2002	24360	12.17
2003	22082	11.02
2004	21716	10.84
2005	21618	10.78
2006	21752	10.84
2007	21775	10.85
2008	22389	11.15
2009	21926	10.91
2010	21922	10.91
2011	21812	10.85
2012	21822	10.85
2013	21855	10.86
2014	21904	10.88
2015	21509	10.67
2016	21502	10.67
2017	21637	10.73
2018	21630	10.72
2019	21692	10.74
2020	23151	11.46
2021	28117	13.91
2022	21559	10.66
2023	21612	10.68
2024	22452	11.09
2025	31435	15.52
2026	21924	10.82
2027	21868	10.79
2028	22963	11.32
2029	22825	11.25
2030	21626	10.65
2031	29955	14.75
2032	34814	17.13
2033	35700	17.56
2034	23700	11.65
2035	28575	14.04
2036	22799	11.20
2037	22542	11.07
2038	24420	11.98
2039	22938	11.25
2040	31152	15.27
2041	27020	13.24
2042	29367	14.38
2043	23181	11.35
2044	22119	10.82
2045	22054	10.78
2046	22202	10.85
2047	23580	11.52
2048	21948	10.72
2049	22934	11.19
2050	22379	10.92
2051	22397	10.92
2052	22450	10.94
2053	23938	11.66
2054	22472	10.94
2055	22498	10.95
2056	22547	10.97
2057	22570	10.97
2058	24125	11.72
2059	22546	10.95
2060	22593	10.97
2061	22619	10.97
2062	25751	12.49
2063	22571	10.94
2064	22621	10.96
2065	22683	10.98
2066	22681	10.98
2067	23029	11.14
2068	23223	11.23
2069	23088	11.16
2070	23390	11.30
2071	22795	11.01
2072	22824	11.02
2073	24217	11.68
2074	22680	10.94
2075	22836	11.01
2076	28511	13.73
2077	25660	12.35
2078	23432	11.28
2079	23219	11.17
2080	23210	11.16
2081	23862	11.47
2082	23602	11.34
2083	23230	11.15
2084	23264	11.16
2085	23397	11.22
2086	23645	11.34
2087	23373	11.20
2088	23347	11.18
2089	23315	11.16
2090	23372	11.18
2091	23408	11.19
2092	23398	11.18
2093	23299	11.13
2094	30782	14.70
2095	27634	13.19
2096	23202	11.07
2097	23290	11.11
2098	23172	11.04
2099	23204	11.05
2100	23627	11.25
2101	23429	11.15
2102	23434	11.15
2103	24457	11.63
2104	23559	11.20
2105	24938	11.85
2106	23495	11.16
2107	23530	11.17
2108	23510	11.15
2109	29338	13.91
2110	24436	11.58
2111	23526	11.14
2112	24810	11.75
2113	23946	11.33
2114	23723	11.22
2115	23751	11.23
2116	23842	11.27
2117	23714	11.20
2118	23749	11.21
2119	24197	11.42
2120	23873	11.26
2121	23928	11.28
2122	23831	11.23
2123	25142	11.84
2124	23633	11.13
2125	23621	11.12
2126	23573	11.09
2127	23696	11.14
2128	23633	11.11
2129	24578	11.54
2130	23870	11.21
2131	24029	11.28
2132	24644	11.56
2133	23864	11.19
2134	24871	11.65
2135	30212	14.15
2136	36543	17.11
2137	24642	11.53
2138	23605	11.04
2139	24312	11.37
2140	24341	11.37
2141	25620	11.97
2142	27498	12.84
2143	27143	12.67
2144	27235	12.70
2145	24454	11.40
2146	23673	11.03
2147	23727	11.05
2148	23711	11.04
2149	23691	11.02
2150	23712	11.03
2151	23685	11.01
2152	23663	11.00
2153	23720	11.02
2154	26865	12.47
2155	24460	11.35
2156	24252	11.25
2157	24156	11.20
2158	27578	12.78
2159	25005	11.58
2160	24119	11.17
2161	24539	11.36
2162	23998	11.10
2163	24103	11.14
2164	24540	11.34
2165	24117	11.14
2166	25676	11.85
2167	24330	11.23
2168	24346	11.23
2169	24371	11.24
2170	24324	11.21
2171	24365	11.22
2172	24264	11.17
2173	24401	11.23
2174	24483	11.26
2175	24428	11.23
2176	24363	11.20
2177	24374	11.20
2178	24412	11.21
2179	27541	12.64
2180	24584	11.28
2181	24661	11.31
2182	27814	12.75
2183	23956	10.97
2184	24094	11.03
2185	25362	11.61
2186	24135	11.04
2187	24126	11.03
2188	24090	11.01
2189	25259	11.54
2190	24365	11.13
2191	25282	11.54
2192	28941	13.20
2193	24444	11.15
2194	25119	11.45
2195	24751	11.28
2196	24777	11.28
2197	24720	11.25
2198	24802	11.28
2199	24143	10.98
2200	26487	12.04
2201	24619	11.19
2202	24516	11.13
2203	24544	11.14
2204	24499	11.12
2205	25434	11.53
2206	24561	11.13
2207	24543	11.12
2208	24600	11.14
2209	24591	11.13
2210	24632	11.15
2211	24624	11.14
2212	24525	11.09
2213	25328	11.45
2214	24202	10.93
2215	24171	10.91
2216	24200	10.92
2217	24269	10.95
2218	24195	10.91
2219	24231	10.92
2220	24281	10.94
2221	24295	10.94
2222	24278	10.93
2223	25979	11.69
2224	24758	11.13
2225	24811	11.15
2226	24667	11.08
2227	24633	11.06
2228	24661	11.07
2229	24708	11.08
2230	24862	11.15
2231	24684	11.06
2232	24801	11.11
2233	25598	11.46
2234	33615	15.05
2235	24848	11.12
2236	26079	11.66
2237	24393	10.90
2238	24480	10.94
2239	25240	11.27
2240	35013	15.63
2241	30437	13.58
2242	26841	11.97
2243	26255	11.71
2244	24985	11.13
2245	25105	11.18
2246	24940	11.10
2247	24983	11.12
2248	24988	11.12
2249	25119	11.17
2250	25136	11.17
2251	25119	11.16
2252	25087	11.14
2253	25111	11.15
2254	25107	11.14
2255	25143	11.15
2256	29473	13.06
2257	25704	11.39
2258	25057	11.10
2259	25646	11.35
2260	26034	11.52
2261	25227	11.16
2262	24942	11.03
2263	25283	11.17
2264	24989	11.04
2265	25913	11.44
2266	26569	11.73
2267	25121	11.08
2268	25096	11.07
2269	25149	11.08
2270	28313	12.47
2271	27645	12.17
2272	24941	10.98
2273	24907	10.96
2274	26602	11.70
2275	26126	11.48
2276	25279	11.11
2277	25227	11.08
2278	25818	11.33
2279	45150	19.81
2280	46201	20.26
2281	36563	16.03
2282	36386	15.94
2283	38232	16.75
2284	40469	17.72
2285	36361	15.91
2286	32786	14.34
2287	29947	13.09
2288	29292	12.80
2289	29323	12.81
2290	30479	13.31
2291	29461	12.86
2292	30144	13.15
2293	25335	11.05
2294	26862	11.71
2295	26288	11.45
2296	27372	11.92
2297	25456	11.08
2298	29071	12.65
2299	25514	11.10
2300	25907	11.26
2301	25749	11.19
2302	26715	11.61
2303	25159	10.92
2304	25059	10.88
2305	25060	10.87
2306	25029	10.85
2307	26445	11.46
2308	24988	10.83
2309	26184	11.34
2310	25043	10.84
2311	25580	11.07
2312	25159	10.88
2313	25184	10.89
2314	25185	10.88
2315	27061	11.69
2316	25652	11.08
2317	25525	11.02
2318	25543	11.02
2319	25614	11.05
2320	26616	11.47
2321	26048	11.22
2322	26001	11.20
2323	25962	11.18
2324	25862	11.13
2325	25928	11.15
2326	25980	11.17
2327	26099	11.22
2328	25507	10.96
2329	25454	10.93
2330	26495	11.37
2331	25644	11.00
2332	25682	11.01
2333	30085	12.90
2334	29861	12.79
2335	25829	11.06
2336	25729	11.01
2337	25740	11.01
2338	25582	10.94
2339	26642	11.39
2340	25444	10.87
2341	25560	10.92
2342	25481	10.88
2343	26727	11.41
2344	25743	10.98
2345	29344	12.51
2346	29540	12.59
2347	30299	12.91
2348	28710	12.23
2349	27329	11.63
2350	25814	10.98
2351	25905	11.02
2352	25972	11.04
2353	25942	11.03
2354	25899	11.00
2355	25845	10.97
2356	26013	11.04
2357	26470	11.23
2358	27901	11.83
2359	43395	18.40
2360	27658	11.72
2361	25832	10.94
2362	25687	10.88
2363	25642	10.85
2364	26294	11.12
2365	25919	10.96
2366	26289	11.11
2367	26104	11.03
2368	27392	11.57
2369	26180	11.05
2370	30245	12.76
2371	26648	11.24
2372	26076	10.99
2373	27298	11.50
2374	25831	10.88
2375	27129	11.42
2376	28983	12.20
2377	26352	11.09
2378	26289	11.06
2379	26356	11.08
2380	26569	11.16
2381	26302	11.05
2382	26301	11.04
2383	26955	11.31
2384	27456	11.52
2385	25945	10.88
2386	27427	11.49
2387	25936	10.87
2388	25924	10.86
2389	25998	10.88
2390	26181	10.95
2391	30819	12.89
2392	26575	11.11
2393	26559	11.10
2394	35330	14.76
2395	30111	12.57
2396	30134	12.58
2397	30060	12.54
2398	30118	12.56
2399	31547	13.15
2400	31295	13.04
2401	32518	13.54
2402	32148	13.38
2403	27745	11.55
2404	26429	10.99
2405	26522	11.03
2406	30336	12.61
2407	26078	10.83
2408	26064	10.82
2409	26173	10.86
2410	26369	10.94
2411	26226	10.88
2412	26257	10.89
2413	26713	11.07
2414	26581	11.01
2415	26530	10.99
2416	26504	10.97
2417	26415	10.93
2418	29321	12.13
2419	30669	12.68
2420	26496	10.95
2421	26442	10.92
2422	27273	11.26
2423	28455	11.74
2424	26438	10.91
2425	27330	11.27
2426	26268	10.83
2427	26251	10.82
2428	26355	10.85
2429	30299	12.47
2430	35240	14.50
2431	28109	11.56
2432	29293	12.04
2433	30992	12.74
2434	27146	11.15
2435	26510	10.89
2436	27255	11.19
2437	27514	11.29
2438	26662	10.94
2439	26647	10.93
2440	26700	10.94
2441	26865	11.01
2442	26787	10.97
2443	28336	11.60
2444	26810	10.97
2445	26909	11.01
2446	26940	11.01
2447	26930	11.01
2448	26881	10.98
2449	26967	11.01
2450	26935	10.99
2451	27272	11.13
2452	27074	11.04
2453	27160	11.07
2454	30354	12.37
2455	27222	11.09
2456	26986	10.99
2457	26673	10.86
2458	26609	10.83
2459	26523	10.79
2460	26462	10.76
2461	26528	10.78
2462	30089	12.22
2463	27096	11.00
2464	26705	10.84
2465	26655	10.81
2466	26750	10.85
2467	27050	10.96
2468	26935	10.91
2469	26735	10.83
2470	30496	12.35
2471	26774	10.84
2472	28078	11.36
2473	26712	10.80
2474	26716	10.80
2475	26820	10.84
2476	26653	10.76
2477	26809	10.82
2478	27178	10.97
2479	26723	10.78
2480	26855	10.83
2481	26834	10.82
2482	28733	11.58
2483	29541	11.90
2484	27343	11.01
2485	27173	10.93
2486	27148	10.92
2487	27139	10.91
2488	27195	10.93
2489	27285	10.96
2490	27222	10.93
2491	27240	10.94
2492	28356	11.38
2493	27937	11.21
2494	27314	10.95
2495	27339	10.96
2496	27488	11.01
2497	27700	11.09
2498	29076	11.64
2499	27101	10.84
2500	27968	11.19
2501	27478	10.99
2502	28737	11.49
2503	27226	10.88
2504	27413	10.95
2505	27616	11.02
2506	27343	10.91
2507	27334	10.90
2508	28277	11.27
2509	27409	10.92
2510	34068	13.57
2511	31830	12.68
2512	33693	13.41
2513	31791	12.65
2514	31846	12.67
2515	32500	12.92
2516	28175	11.20
2517	27703	11.01
2518	27930	11.09
2519	27904	11.08
2520	28143	11.17
2521	27923	11.08
2522	27941	11.08
2523	28292	11.21
2524	27988	11.09
2525	28031	11.10
2526	28502	11.28
2527	27258	10.79
2528	27311	10.80
2529	27283	10.79
2530	30460	12.04
2531	30707	12.13
2532	30698	12.12
2533	30217	11.93
2534	39187	15.46
2535	33518	13.22
2536	29043	11.45
2537	27386	10.79
2538	29838	11.76
2539	28008	11.03
2540	28062	11.05
2541	27961	11.00
2542	28366	11.16
2543	28968	11.39
2544	29706	11.68
2545	28710	11.28
2546	27504	10.80
2547	29023	11.39
2548	28843	11.32
2549	29949	11.75
2550	28194	11.06
2551	28707	11.25
2552	27793	10.89
2553	29398	11.52
2554	27930	10.94
2555	30075	11.77
2556	28038	10.97
2557	31941	12.49
2558	28969	11.32
2559	27536	10.76
2560	27548	10.76
2561	31852	12.44
2562	28705	11.20
2563	27606	10.77
2564	27688	10.80
2565	27575	10.75
2566	27516	10.72
2567	29459	11.48
2568	27816	10.83
2569	27706	10.78
2570	29059	11.31
2571	27689	10.77
2572	27619	10.74
2573	27696	10.76
2574	28566	11.10
2575	27798	10.80
2576	27808	10.80
2577	27661	10.73
2578	27713	10.75
2579	27756	10.76
2580	27740	10.75
2581	27999	10.85
2582	28675	11.11
2583	41703	16.15
2584	28457	11.01
2585	28539	11.04
2586	28457	11.00
2587	28357	10.96
2588	28609	11.05
2589	29434	11.37
2590	30568	11.80
2591	28173	10.87
2592	27802	10.73
2593	27800	10.72
2594	29058	11.20
2595	29803	11.48
2596	28179	10.85
2597	28229	10.87
2598	28289	10.89
2599	28302	10.89
2600	30011	11.54
2601	28645	11.01
2602	28538	10.97
2603	28652	11.01
2604	28607	10.99
2605	28645	11.00
2606	28634	10.99
2607	28275	10.85
2608	27794	10.66
2609	28931	11.09
2610	28724	11.01
2611	28727	11.00
2612	29263	11.20
2613	29521	11.30
2614	28883	11.05
2615	28672	10.96
2616	28199	10.78
2617	28776	11.00
2618	28258	10.79
2619	28192	10.76
2620	28195	10.76
2621	28282	10.79
2622	28321	10.80
2623	28259	10.77
2624	31258	11.91
2625	28486	10.85
2626	28547	10.87
2627	28639	10.90
2628	28652	10.90
2629	28651	10.90
2630	44628	16.97
2631	30900	11.74
2632	31217	11.86
2633	28716	10.91
2634	28626	10.87
2635	28647	10.87
2636	28798	10.92
2637	29209	11.08
2638	28563	10.83
2639	28553	10.82
2640	30855	11.69
2641	28724	10.88
2642	28725	10.87
2643	29715	11.24
2644	29012	10.97
2645	30346	11.47
2646	35004	13.23
2647	30160	11.39
2648	28794	10.87
2649	28657	10.82
2650	28690	10.83
2651	28657	10.81
2652	28769	10.85
2653	28708	10.82
2654	28741	10.83
2655	29403	11.07
2656	28696	10.80
2657	28746	10.82
2658	29513	11.10
2659	31857	11.98
2660	29976	11.27
2661	28615	10.75
2662	28695	10.78
2663	28733	10.79
2664	28681	10.77
2665	28692	10.77
2666	32486	12.19
2667	34137	12.80
2668	29103	10.91
2669	28983	10.86
2670	29050	10.88
2671	28957	10.84
2672	32721	12.25
2673	31077	11.63
2674	30223	11.30
2675	28768	10.75
2676	28744	10.74
2677	28691	10.72
2678	29787	11.12
2679	29046	10.84
2680	29037	10.83
2681	31113	11.60
2682	28892	10.77
2683	28917	10.78
2684	28804	10.73
2685	28902	10.76
2686	29005	10.80
2687	29550	11.00
2688	29146	10.84
2689	29521	10.98
2690	29059	10.80
2691	29122	10.82
2692	29085	10.80
2693	29084	10.80
2694	29084	10.80
2695	29100	10.80
2696	29011	10.76
2697	29056	10.77
2698	29114	10.79
2699	29185	10.81
2700	30227	11.20
2701	29604	10.96
2702	29548	10.94
2703	29985	11.09
2704	29734	11.00
2705	30398	11.24
2706	31348	11.58
2707	31874	11.77
2708	29357	10.84
2709	29371	10.84
2710	29206	10.78
2711	29851	11.01
2712	29226	10.78
2713	31827	11.73
2714	31512	11.61
2715	33717	12.42
2716	29093	10.71
2717	29024	10.68
2718	29074	10.70
2719	29121	10.71
2720	29086	10.69
2721	29182	10.72
2722	30596	11.24
2723	29144	10.70
2724	29243	10.74
2725	29144	10.70
2726	29141	10.69
2727	33370	12.24
2728	33441	12.26
2729	29328	10.75
2730	33872	12.41
2731	29670	10.86
2732	29617	10.84
2733	29762	10.89
2734	29711	10.87
2735	29683	10.85
2736	29620	10.83
2737	31042	11.34
2738	29555	10.79
2739	29855	10.90
2740	34448	12.57
2741	34406	12.55
2742	30621	11.17
2743	30073	10.96
2744	30112	10.97
2745	29918	10.90
2746	29311	10.67
2747	29297	10.67
2748	29300	10.66
2749	30454	11.08
2750	30833	11.21
2751	29713	10.80
2752	29466	10.71
2753	30585	11.11
2754	29745	10.80
2755	31178	11.32
2756	32308	11.72
2757	30005	10.88
2758	29872	10.83
2759	29966	10.86
2760	29926	10.84
2761	31612	11.45
2762	29521	10.69
2763	29442	10.66
2764	29558	10.69
2765	30245	10.94
2766	29613	10.71
2767	34430	12.44
2768	30320	10.95
2769	30829	11.13
2770	29733	10.73
2771	29608	10.68
2772	29723	10.72
2773	29555	10.66
2774	29561	10.66
2775	31104	11.21
2776	29627	10.67
2777	29823	10.74
2778	29556	10.64
2779	30279	10.90
2780	30637	11.02
2781	29697	10.68
2782	29689	10.67
2783	29659	10.66
2784	29684	10.66
2785	29690	10.66
2786	29789	10.69
2787	29700	10.66
2788	29729	10.66
2789	29749	10.67
2790	29790	10.68
2791	37156	13.31
2792	30596	10.96
2793	30241	10.83
2794	30122	10.78
2795	30144	10.78
2796	33494	11.98
2797	31898	11.40
2798	30606	10.94
2799	31691	11.32
2800	31676	11.31
2801	30152	10.76
2802	32192	11.49
2803	33511	11.96
2804	30365	10.83
2805	30336	10.81
2806	33528	11.95
2807	30063	10.71
2808	33216	11.83
2809	30649	10.91
2810	30648	10.91
2811	31130	11.07
2812	30292	10.77
2813	30311	10.78
2814	31181	11.08
2815	30427	10.81
2816	30490	10.83
2817	31003	11.01
2818	30514	10.83
2819	30465	10.81
2820	30605	10.85
2821	30631	10.86
2822	30605	10.85
2823	30630	10.85
2824	30609	10.84
2825	30594	10.83
2826	32509	11.50
2827	40020	14.16
2828	32239	11.40
2829	30575	10.81
2830	30872	10.91
2831	31475	11.12
2832	36520	12.90
2833	32021	11.30
2834	30474	10.75
2835	32775	11.56
2836	30238	10.66
2837	30423	10.72
2838	30337	10.69
2839	30899	10.88
2840	30581	10.77
2841	30532	10.75
2842	31264	11.00
2843	30336	10.67
2844	30357	10.67
2845	30347	10.67
2846	30410	10.69
2847	33528	11.78
2848	30683	10.77
2849	35312	12.39
2850	30529	10.71
2851	30328	10.64
2852	30338	10.64
2853	30379	10.65
2854	30389	10.65
2855	30374	10.64
2856	30517	10.69
2857	35462	12.41
2858	31151	10.90
2859	31132	10.89
2860	31129	10.88
2861	32059	11.21
2862	31128	10.88
2863	31567	11.03
2864	30842	10.77
2865	30890	10.78
2866	30900	10.78
2867	30865	10.77
2868	30895	10.77
2869	30869	10.76
2870	30972	10.79
2871	30884	10.76
2872	33625	11.71
2873	32295	11.24
2874	30861	10.74
2875	30783	10.71
2876	30815	10.71
2877	30795	10.70
2878	30863	10.72
2879	31799	11.05
2880	32365	11.24
2881	30922	10.73
2882	32732	11.36
2883	31563	10.95
2884	32724	11.35
2885	30749	10.66
2886	31032	10.75
2887	30752	10.65
2888	30673	10.62
2889	30816	10.67
2890	31635	10.95
2891	32699	11.31
2892	32477	11.23
2893	37429	12.94
2894	32407	11.20
2895	31298	10.81
2896	35006	12.09
2897	31145	10.75
2898	31680	10.93
2899	34496	11.90
2900	31227	10.77
2901	30797	10.62
2902	30804	10.61
2903	30810	10.61
2904	30769	10.60
2905	30753	10.59
2906	30807	10.60
2907	30791	10.59
2908	31614	10.87
2909	30907	10.62
2910	30882	10.61
2911	30861	10.60
2912	30927	10.62
2913	32193	11.05
2914	30913	10.61
2915	31686	10.87
2916	30945	10.61
2917	30993	10.62
2918	33420	11.45
2919	31080	10.65
2920	32728	11.21
2921	34430	11.79
2922	31772	10.87
2923	31547	10.79
2924	34189	11.69
2925	31323	10.71
2926	31437	10.74
2927	40943	13.99
2928	31078	10.61
2929	30996	10.58
2930	31137	10.63
2931	31087	10.61
2932	31393	10.71
2933	32932	11.23
2934	35360	12.05
2935	33273	11.34
2936	32258	10.99
2937	31619	10.77
2938	31651	10.77
2939	33552	11.42
2940	31480	10.71
2941	32755	11.14
2942	33049	11.23
2943	31771	10.80
2944	31635	10.75
2945	31625	10.74
2946	31666	10.75
2947	31514	10.69
2948	31710	10.76
2949	31745	10.76
2950	31817	10.79
2951	31697	10.74
2952	32368	10.96
2953	32171	10.89
2954	32570	11.03
2955	32147	10.88
2956	32173	10.88
2957	32183	10.88
2958	32234	10.90
2959	33443	11.30
2960	31620	10.68
2961	31589	10.67
2962	33432	11.29
2963	34378	11.60
2964	31556	10.65
2965	31534	10.64
2966	31549	10.64
2967	31661	10.67
2968	31520	10.62
2969	32769	11.04
2970	33524	11.29
2971	34884	11.74
2972	36217	12.19
2973	31764	10.68
2974	34371	11.56
2975	31615	10.63
2976	31612	10.62
2977	31491	10.58
2978	35088	11.78
2979	31726	10.65
2980	31733	10.65
2981	31978	10.73
2982	34235	11.48
2983	54111	18.14
2984	53192	17.83
2985	45518	15.25
2986	45477	15.23
2987	42770	14.32
2988	36733	12.29
2989	37219	12.45
2990	36941	12.35
2991	36931	12.35
2992	40138	13.42
2993	34223	11.43
2994	34028	11.37
2995	31885	10.65
2996	32610	10.88
2997	33228	11.09
2998	33631	11.22
2999	32133	10.71
3000	32408	10.80
3001	31757	10.58
3002	31809	10.60
3003	33915	11.29
3004	34832	11.60
3005	32230	10.73
3006	32083	10.67
3007	32203	10.71
3008	32130	10.68
3009	32062	10.66
3010	32301	10.73
3011	33725	11.20
3012	32187	10.69
3013	32017	10.63
3014	34524	11.45
3015	37119	12.31
3016	37027	12.28
3017	40178	13.32
3018	37540	12.44
3019	37017	12.26
3020	33608	11.13
3021	32573	10.78
3022	33139	10.97
3023	32338	10.70
3024	33919	11.22
3025	35773	11.83
3026	39550	13.07
3027	36864	12.18
3028	35461	11.71
3029	32764	10.82
3030	32691	10.79
3031	33310	10.99
3032	32357	10.67
3033	32082	10.58
3034	32399	10.68
3035	32103	10.58
3036	33605	11.07
3037	32114	10.57
3038	32205	10.60
3039	32335	10.64
3040	32278	10.62
3041	32208	10.59
3042	32344	10.63
3043	32235	10.59
3044	32243	10.59
3045	32299	10.61
3046	33187	10.90
3047	34135	11.20
3048	32620	10.70
3049	33455	10.97
3050	32594	10.69
3051	32588	10.68
3052	40790	13.37
3053	32978	10.80
3054	32588	10.67
3055	32372	10.60
3056	33097	10.83
3057	32807	10.73
3058	32805	10.73
3059	32817	10.73
3060	32852	10.74
3061	32709	10.69
3062	32804	10.71
3063	32681	10.67
3064	32726	10.68
3065	32807	10.70
3066	34959	11.40
3067	32799	10.69
3068	34687	11.31
3069	33823	11.02
3070	32889	10.71
3071	32787	10.68
3072	33187	10.80
3073	33082	10.77
3074	32873	10.69
3075	33230	10.81
3076	34947	11.36
3077	32629	10.60
3078	32432	10.54
3079	32427	10.53
3080	34104	11.07
3081	32719	10.62
3082	32478	10.54
3083	32637	10.59
3084	32550	10.55
3085	32592	10.56
3086	32579	10.56
3087	32505	10.53
3088	33458	10.83
3089	32679	10.58
3090	33743	10.92
3091	33492	10.84
3092	33480	10.83
3093	33353	10.78
3094	33462	10.82
3095	33262	10.75
3096	32541	10.51
3097	33373	10.78
3098	32714	10.56
3099	33420	10.78
3100	33055	10.66
3101	32799	10.58
3102	32613	10.51
3103	33448	10.78
3104	33642	10.84
3105	32632	10.51
3106	32732	10.54
3107	32729	10.53
3108	32682	10.52
3109	33138	10.66
3110	32763	10.53
3111	34448	11.07
3112	34513	11.09
3113	33717	10.83
3114	32875	10.56
3115	32904	10.56
3116	32940	10.57
3117	32982	10.58
3118	33588	10.77
3119	36182	11.60
3120	33383	10.70
3121	33310	10.67
3122	33292	10.66
3123	33360	10.68
3124	36425	11.66
3125	45346	14.51
3126	33363	10.67
3127	34648	11.08
3128	34574	11.05
3129	34708	11.09
3130	33944	10.84
3131	39131	12.50
3132	34276	10.94
3133	33250	10.61
3134	33748	10.77
3135	35043	11.18
3136	40551	12.93
3137	34043	10.85
3138	33511	10.68
3139	33801	10.77
3140	33444	10.65
3141	33500	10.67
3142	33493	10.66
3143	33561	10.68
3144	34973	11.12
3145	33609	10.69
3146	33712	10.72
3147	33592	10.67
3148	35338	11.23
3149	34613	10.99
3150	33445	10.62
3151	33484	10.63
3152	42655	13.53
3153	36550	11.59
3154	33159	10.51
3155	34011	10.78
3156	33247	10.53
3157	33264	10.54
3158	36215	11.47
3159	35279	11.17
3160	33974	10.75
3161	33667	10.65
3162	33671	10.65
3163	33630	10.63
3164	33705	10.65
3165	33686	10.64
3166	35292	11.15
3167	33831	10.68
3168	33759	10.66
3169	34081	10.75
3170	33822	10.67
3171	33872	10.68
3172	34542	10.89
3173	33776	10.64
3174	33737	10.63
3175	33732	10.62
3176	34368	10.82
3177	33537	10.56
3178	34389	10.82
3179	34302	10.79
3180	34367	10.81
3181	33596	10.56
3182	33665	10.58
3183	33457	10.51
3184	33446	10.50
3185	34852	10.94
3186	39240	12.32
3187	34006	10.67
3188	33973	10.66
3189	34531	10.83
3190	34460	10.80
3191	34481	10.81
3192	34161	10.70
3193	35519	11.12
3194	37729	11.81
3195	35066	10.98
3196	37298	11.67
3197	34500	10.79
3198	34330	10.73
3199	33966	10.62
3200	34510	10.78
3201	34134	10.66
3202	34237	10.69
3203	34224	10.68
3204	34194	10.67
3205	38521	12.02
3206	36081	11.25
3207	40329	12.58
3208	34904	10.88
3209	34208	10.66
3210	34169	10.64
3211	34209	10.65
3212	36025	11.22
3213	34200	10.64
3214	34256	10.66
3215	34250	10.65
3216	36559	11.37
3217	34411	10.70
3218	34460	10.71
3219	34440	10.70
3220	34328	10.66
3221	34829	10.81
3222	34418	10.68
3223	34437	10.68
3224	35965	11.16
3225	44081	13.67
3226	34078	10.56
3227	35338	10.95
3228	37893	11.74
3229	34818	10.78
3230	34562	10.70
3231	34106	10.56
3232	34079	10.54
3233	34700	10.73
3234	33994	10.51
3235	35042	10.83
3236	35788	11.06
3237	34393	10.62
3238	34339	10.61
3239	34248	10.57
3240	34565	10.67
3241	34355	10.60
3242	34424	10.62
3243	34453	10.62
3244	34769	10.72
3245	34394	10.60
3246	34424	10.61
3247	35150	10.83
3248	34356	10.58
3249	34563	10.64
3250	34571	10.64
3251	35411	10.89
3252	34595	10.64
3253	34817	10.70
3254	34523	10.61
3255	34425	10.58
3256	34588	10.62
3257	38873	11.94
3258	34721	10.66
3259	34669	10.64
3260	34821	10.68
3261	35859	11.00
3262	40486	12.41
3263	34980	10.72
3264	37257	11.41
3265	35304	10.81
3266	35156	10.76
3267	35090	10.74
3268	35108	10.74
3269	36558	11.18
3270	35330	10.80
3271	34474	10.54
3272	34516	10.55
3273	34443	10.52
3274	34405	10.51
3275	34851	10.64
3276	34757	10.61
3277	41900	12.79
3278	35190	10.74
3279	35256	10.75
3280	35070	10.69
3281	35039	10.68
3282	35188	10.72
3283	34707	10.57
3284	37474	11.41
3285	35542	10.82
3286	35090	10.68
3287	35250	10.72
3288	35658	10.84
3289	35079	10.67
3290	34936	10.62
3291	36610	11.12
3292	35185	10.69
3293	34993	10.63
3294	35050	10.64
3295	34966	10.61
3296	34996	10.62
3297	37009	11.23
3298	35708	10.83
3299	35073	10.63
3300	36353	11.02
3301	35380	10.72
3302	35439	10.73
3303	35772	10.83
3304	35132	10.63
3305	36245	10.97
3306	34883	10.55
3307	38690	11.70
3308	35174	10.63
3309	35092	10.61
3310	36494	11.03
3311	35364	10.68
3312	35228	10.64
3313	35243	10.64
3314	36742	11.09
3315	35239	10.63
3316	36136	10.90
3317	35868	10.81
3318	34691	10.46
3319	34785	10.48
3320	34596	10.42
3321	34605	10.42
3322	34750	10.46
3323	35383	10.65
3324	42236	12.71
3325	38055	11.45
3326	34790	10.46
3327	34799	10.46
3328	35914	10.79
3329	39444	11.85
3330	37137	11.15
3331	35530	10.67
3332	37327	11.20
3333	35630	10.69
3334	35632	10.69
3335	35287	10.58
3336	35008	10.49
3337	39137	11.73
3338	36638	10.98
3339	35474	10.62
3340	36667	10.98
3341	34937	10.46
3342	35251	10.55
3343	35713	10.68
3344	35030	10.48
3345	34997	10.46
3346	34935	10.44
3347	35106	10.49
3348	35647	10.65
3349	35065	10.47
3350	35448	10.58
3351	35684	10.65
3352	35570	10.61
3353	35590	10.61
3354	35563	10.60
3355	37601	11.21
3356	35925	10.70
3357	38838	11.57
3358	35499	10.57
3359	35352	10.52
3360	35381	10.53
3361	35487	10.56
3362	42254	12.57
3363	35434	10.54
3364	35371	10.51
3365	38367	11.40
3366	35346	10.50
3367	35359	10.50
3368	35427	10.52
3369	37157	11.03
3370	35418	10.51
3371	35482	10.53
3372	35436	10.51
3373	35369	10.49
3374	35403	10.49
3375	35627	10.56
3376	35474	10.51
3377	39623	11.73
3378	35626	10.55
3379	35682	10.56
3380	35697	10.56
3381	35755	10.58
3382	36306	10.74
3383	35775	10.57
3384	36220	10.70
3385	35645	10.53
3386	35722	10.55
3387	35776	10.56
3388	35699	10.54
3389	35724	10.54
3390	36051	10.63
3391	35897	10.59
3392	36023	10.62
3393	35970	10.60
3394	35986	10.60
3395	36024	10.61
3396	38824	11.43
3397	36094	10.63
3398	36145	10.64
3399	36122	10.63
3400	39138	11.51
3401	36008	10.59
3402	36039	10.59
3403	36042	10.59
3404	36101	10.61
3405	36023	10.58
3406	38394	11.27
3407	36391	10.68
3408	36191	10.62
3409	36221	10.63
3410	36423	10.68
3411	36114	10.59
3412	36278	10.63
3413	37686	11.04
3414	36065	10.56
3415	35821	10.49
3416	37372	10.94
3417	38201	11.18
3418	36097	10.56
3419	36054	10.55
3420	36256	10.60
3421	36906	10.79
3422	36517	10.67
3423	45275	13.23
3424	36673	10.71
3425	36058	10.53
3426	36089	10.53
3427	41053	11.98
3428	37453	10.93
3429	36123	10.53
3430	36052	10.51
3431	36255	10.57
3432	36555	10.65
3433	36184	10.54
3434	37594	10.95
3435	36319	10.57
3436	42692	12.42
3437	36146	10.52
3438	37974	11.05
3439	37685	10.96
3440	36776	10.69
3441	36072	10.48
3442	36172	10.51
3443	36769	10.68
3444	36059	10.47
3445	37588	10.91
3446	36055	10.46
3447	36999	10.73
3448	36215	10.50
3449	36261	10.51
3450	41050	11.90
3451	36289	10.52
3452	36215	10.49
3453	36336	10.52
3454	36254	10.50
3455	37400	10.82
3456	37107	10.74
3457	36775	10.64
3458	36750	10.63
3459	36756	10.63
3460	37698	10.90
3461	36266	10.48
3462	36284	10.48
3463	36254	10.47
3464	38898	11.23
3465	36364	10.49
3466	36311	10.48
3467	36569	10.55
3468	36522	10.53
3469	36368	10.48
3470	36399	10.49
3471	36545	10.53
3472	36387	10.48
3473	39661	11.42
3474	39126	11.26
3475	36442	10.49
3476	36551	10.52
3477	36432	10.48
3478	36346	10.45
3479	36408	10.47
3480	36342	10.44
3481	36445	10.47
3482	36432	10.46
3483	36388	10.45
3484	49571	14.23
3485	40499	11.62
3486	36730	10.54
3487	36880	10.58
3488	36951	10.59
3489	37841	10.85
3490	37519	10.75
3491	36857	10.56
3492	42353	12.13
3493	38411	11.00
3494	39888	11.42
3495	37201	10.64
3496	37432	10.71
3497	36620	10.47
3498	37225	10.64
3499	36806	10.52
3500	37763	10.79
3501	36793	10.51
3502	42267	12.07
3503	70148	20.03
3504	60866	17.37
3505	53122	15.16
3506	55047	15.70
3507	45859	13.08
3508	42848	12.21
3509	45693	13.02
3510	42816	12.20
3511	44087	12.56
3512	41585	11.84
3513	38119	10.85
3514	37216	10.59
3515	37186	10.58
3516	38415	10.93
3517	37688	10.72
3518	37290	10.60
3519	42664	12.12
3520	39069	11.10
3521	36830	10.46
3522	41607	11.81
3523	39372	11.18
3524	37179	10.55
3525	37356	10.60
3526	37762	10.71
3527	37200	10.55
3528	39646	11.24
3529	37677	10.68
3530	37366	10.59
3531	37435	10.60
3532	39798	11.27
3533	38493	10.90
3534	37770	10.69
3535	37170	10.51
3536	37202	10.52
3537	37827	10.69
3538	36948	10.44
3539	36900	10.43
3540	37087	10.48
3541	37089	10.47
3542	37081	10.47
3543	36883	10.41
3544	38981	11.00
3545	36871	10.40
3546	36940	10.42
3547	41380	11.67
3548	37060	10.45
3549	38496	10.85
3550	37492	10.56
3551	37461	10.55
3552	37352	10.52
3553	38764	10.91
3554	41185	11.59
3555	40863	11.49
3556	37259	10.48
3557	37143	10.44
3558	37428	10.52
3559	37166	10.44
3560	37219	10.45
3561	37026	10.40
3562	37253	10.46
3563	37135	10.42
3564	37076	10.40
3565	38460	10.79
3566	40837	11.45
3567	37307	10.46
3568	37375	10.48
3569	37197	10.42
3570	48166	13.49
3571	37126	10.40
3572	37237	10.42
3573	37272	10.43
3574	39422	11.03
3575	37420	10.47
3576	42922	12.00
3577	37370	10.45
3578	37377	10.45
3579	37352	10.44
3580	37359	10.44
3581	37767	10.55
3582	37449	10.45
3583	38908	10.86
3584	37524	10.47
3585	37649	10.50
3586	37637	10.50
3587	38187	10.65
3588	39079	10.89
3589	37802	10.53
3590	37888	10.55
3591	37848	10.54
3592	37749	10.51
3593	37673	10.49
3594	37823	10.52
3595	38669	10.76
3596	37833	10.52
3597	37742	10.49
3598	37766	10.50
3599	37906	10.53
3600	38691	10.75
3601	37563	10.43
3602	37802	10.49
3603	40803	11.32
3604	37860	10.50
3605	39554	10.97
3606	38750	10.75
3607	39337	10.91
3608	37951	10.52
3609	37817	10.48
3610	39439	10.92
3611	37758	10.46
3612	40164	11.12
3613	38154	10.56
3614	38105	10.54
3615	38056	10.53
3616	38142	10.55
3617	37972	10.50
3618	38286	10.58
3619	37980	10.49
3620	39107	10.80
3621	43559	12.03
3622	44815	12.37
3623	38047	10.50
3624	38129	10.52
3625	38479	10.61
3626	48892	13.48
3627	39971	11.02
3628	40404	11.14
3629	37864	10.43
3630	37890	10.44
3631	38145	10.51
3632	38499	10.60
3633	38112	10.49
3634	38753	10.66
3635	38144	10.49
3636	38183	10.50
3637	38525	10.59
3638	40319	11.08
3639	38817	10.67
3640	37704	10.36
3641	41769	11.47
3642	38610	10.60
3643	37957	10.42
3644	38049	10.44
3645	37860	10.39
3646	44158	12.11
3647	38147	10.46
3648	38990	10.69
3649	37986	10.41
3650	38095	10.44
3651	38052	10.42
3652	40061	10.97
3653	38430	10.52
3654	38429	10.52
3655	38454	10.52
3656	38547	10.54
3657	39292	10.74
3658	38898	10.63
3659	38478	10.52
3660	40399	11.04
3661	38837	10.61
3662	38759	10.58
3663	39392	10.75
3664	38633	10.54
3665	38184	10.42
3666	38466	10.49
3667	38268	10.44
3668	38348	10.45
3669	39193	10.68
3670	39267	10.70
3671	38612	10.52
3672	38722	10.55
3673	38548	10.49
3674	38625	10.51
3675	38463	10.47
3676	42918	11.68
3677	39800	10.82
3678	38663	10.51
3679	38794	10.54
3680	38608	10.49
3681	38745	10.53
3682	38603	10.48
3683	38319	10.40
3684	38410	10.43
3685	41446	11.25
3686	39458	10.70
3687	53262	14.45
3688	38815	10.52
3689	39113	10.60
3690	39082	10.59
3691	38919	10.54
3692	40823	11.06
3693	39396	10.67
3694	44105	11.94
3695	39780	10.77
3696	42191	11.42
3697	38913	10.53
3698	38922	10.53
3699	38552	10.42
3700	39543	10.69
3701	39367	10.64
3702	38800	10.48
3703	40024	10.81
3704	40041	10.81
3705	38943	10.51
3706	39845	10.75
3707	39298	10.60
3708	39949	10.77
3709	38878	10.48
3710	39417	10.62
3711	39511	10.65
3712	39303	10.59
3713	39356	10.60
3714	40325	10.86
3715	39438	10.62
3716	40004	10.77
3717	38666	10.40
3718	39540	10.63
3719	39106	10.52
3720	39006	10.49
3721	42367	11.39
3722	47069	12.65
3723	39266	10.55
3724	39190	10.52
3725	38999	10.47
3726	42451	11.39
3727	42962	11.53
3728	40445	10.85
3729	39156	10.50
3730	43329	11.62
3731	38728	10.38
3732	38771	10.39
3733	38777	10.39
3734	39900	10.69
3735	38633	10.34
3736	40391	10.81
3737	45209	12.10
3738	39224	10.49
3739	39195	10.48
3740	39509	10.56
3741	39501	10.56
3742	41021	10.96
3743	39372	10.52
3744	40088	10.71
3745	39534	10.56
3746	39401	10.52
3747	42444	11.33
3748	38983	10.40
3749	39075	10.42
3750	39106	10.43
3751	39077	10.42
3752	39148	10.43
3753	40715	10.85
3754	39214	10.45
3755	39194	10.44
3756	45394	12.09
3757	48355	12.87
3758	45469	12.10
3759	45445	12.09
3760	45912	12.21
3761	42925	11.41
3762	40098	10.66
3763	39682	10.55
3764	39231	10.42
3765	43038	11.43
3766	39300	10.44
3767	39394	10.46
3768	39271	10.42
3769	39177	10.39
3770	39465	10.47
3771	39414	10.45
3772	39369	10.44
3773	39578	10.49
3774	39586	10.49
3775	45734	12.11
3776	40247	10.66
3777	40240	10.65
3778	39684	10.50
3779	39888	10.56
3780	39882	10.55
3781	39524	10.45
3782	39701	10.50
3783	40022	10.58
3784	39203	10.36
3785	40682	10.75
3786	43830	11.58
3787	40399	10.67
3788	39454	10.42
3789	39581	10.45
3790	39528	10.43
3791	39545	10.43
3792	40944	10.80
3793	39637	10.45
3794	39682	10.46
3795	39532	10.42
3796	39945	10.52
3797	39590	10.43
3798	39612	10.43
3799	40664	10.70
3800	42545	11.20
3801	39543	10.40
3802	39469	10.38
3803	39615	10.42
3804	41712	10.97
3805	48480	12.74
3806	42334	11.12
3807	39473	10.37
3808	39381	10.34
3809	39516	10.37
3810	39488	10.36
3811	41533	10.90
3812	39615	10.39
3813	39763	10.43
3814	39601	10.38
3815	39627	10.39
3816	41991	11.00
3817	39940	10.46
3818	47767	12.51
3819	39934	10.46
3820	44990	11.78
3821	40772	10.67
3822	39866	10.43
3823	40294	10.54
3824	44208	11.56
3825	42131	11.01
3826	40197	10.51
3827	40207	10.51
3828	40120	10.48
3829	40168	10.49
3830	40186	10.49
3831	41809	10.91
3832	42116	10.99
3833	42047	10.97
3834	40391	10.53
3835	41120	10.72
3836	39952	10.42
3837	40057	10.44
3838	40820	10.64
3839	40135	10.45
3840	40203	10.47
3841	40468	10.54
3842	40856	10.63
3843	40899	10.64
3844	40098	10.43
3845	40092	10.43
3846	42213	10.98
3847	40305	10.48
3848	40234	10.46
3849	40356	10.48
3850	40978	10.64
3851	40264	10.46
3852	40196	10.44
3853	44703	11.60
3854	40167	10.42
3855	40052	10.39
3856	40159	10.41
3857	40432	10.48
3858	40364	10.46
3859	41420	10.73
3860	40009	10.37
3861	43149	11.18
3862	46858	12.13
3863	52523	13.60
3864	51322	13.28
3865	47393	12.26
3866	46779	12.10
3867	41623	10.76
3868	43537	11.26
3869	42764	11.05
3870	42030	10.86
3871	42039	10.86
3872	44813	11.57
3873	43175	11.15
3874	40290	10.40
3875	40725	10.51
3876	40319	10.40
3877	40414	10.42
3878	41626	10.73
3879	40298	10.39
3880	42956	11.07
3881	40922	10.54
3882	40672	10.48
3883	42492	10.94
3884	40514	10.43
3885	40765	10.49
3886	45145	11.62
3887	40360	10.38
3888	40483	10.41
3889	40424	10.39
3890	47860	12.30
3891	40785	10.48
3892	41173	10.58
3893	44396	11.40
3894	40754	10.47
3895	40662	10.44
3896	40876	10.49
3897	40734	10.45
3898	42661	10.94
3899	40708	10.44
3900	41820	10.72
3901	41191	10.56
3902	41648	10.67
3903	42145	10.80
3904	43724	11.20
3905	45990	11.78
3906	40500	10.37
3907	40850	10.46
3908	40388	10.33
3909	41572	10.63
3910	40913	10.46
3911	41807	10.69
3912	40979	10.48
3913	42149	10.77
3914	40864	10.44
3915	40770	10.41
3916	41006	10.47
3917	41588	10.62
3918	40958	10.45
3919	44805	11.43
3920	46127	11.77
3921	40967	10.45
3922	40929	10.44
3923	40920	10.43
3924	40896	10.42
3925	42475	10.82
3926	42144	10.73
3927	40828	10.40
3928	40834	10.40
3929	44640	11.36
3930	53259	13.55
3931	41650	10.60
3932	41108	10.45
3933	41007	10.43
3934	41277	10.49
3935	41962	10.66
3936	42306	10.75
3937	45843	11.64
3938	45909	11.66
3939	41595	10.56
3940	43197	10.96
3941	40846	10.36
3942	40877	10.37
3943	40816	10.35
3944	40878	10.36
3945	40895	10.37
3946	40765	10.33
3947	42156	10.68
3948	41265	10.45
3949	41222	10.44
3950	42645	10.80
3951	41218	10.43
3952	41308	10.45
3953	41394	10.47
3954	41671	10.54
3955	42694	10.79
3956	41324	10.45
3957	43618	11.02
3958	41021	10.36
3959	47371	11.97
3960	41425	10.46
3961	41310	10.43
3962	41326	10.43
3963	41289	10.42
3964	42045	10.61
3965	41052	10.35
3966	41596	10.49
3967	41095	10.36
3968	43242	10.90
3969	41921	10.56
3970	43359	10.92
3971	41759	10.52
3972	41686	10.49
3973	41760	10.51
3974	41745	10.50
3975	42449	10.68
3976	41662	10.48
3977	42306	10.64
3978	41826	10.51
3979	41816	10.51
3980	41737	10.49
3981	44170	11.10
3982	41599	10.45
3983	41544	10.43
3984	41643	10.45
3985	41550	10.43
3986	41600	10.44
3987	41739	10.47
3988	42032	10.54
3989	44271	11.10
3990	41757	10.47
3991	41916	10.50
3992	41900	10.50
3993	42179	10.56
3994	41769	10.46
3995	43629	10.92
3996	41681	10.43
3997	44903	11.23
3998	41950	10.49
3999	41890	10.48
4000	42033	10.51
