N	Total Time	Average CPE
1	495	495.00
2	43	21.50
3	176	58.67
4	83	20.75
5	203	40.60
6	625	104.17
7	233	33.29
8	1278	159.75
9	292	32.44
10	349	34.90
11	308	28.00
12	396	33.00
13	325	25.00
14	402	28.71
15	857	57.13
16	462	28.88
17	470	27.65
18	541	30.06
19	551	29.00
20	449	22.45
21	295	14.05
22	306	13.91
23	318	13.83
24	341	14.21
25	344	13.76
26	360	13.85
27	379	14.04
28	684	24.43
29	725	25.00
30	859	28.63
31	864	27.87
32	949	29.66
33	872	26.42
34	974	28.65
35	565	16.14
36	489	13.58
37	513	13.86
38	514	13.53
39	538	13.79
40	555	13.88
41	555	13.54
42	571	13.60
43	584	13.58
44	599	13.61
45	617	13.71
46	631	13.72
47	640	13.62
48	658	13.71
49	685	13.98
50	675	13.50
51	697	13.67
52	711	13.67
53	729	13.75
54	735	13.61
55	743	13.51
56	769	13.73
57	782	13.72
58	790	13.62
59	801	13.58
60	819	13.65
61	825	13.52
62	827	13.34
63	858	13.62
64	861	13.45
65	879	13.52
66	905	13.71
67	895	13.36
68	916	13.47
69	941	13.64
70	945	13.50
71	956	13.46
72	977	13.57
73	981	13.44
74	995	13.45
75	1014	13.52
76	1024	13.47
77	1050	13.64
78	1043	13.37
79	1066	13.49
80	1078	13.47
81	1081	13.35
82	1100	13.41
83	1117	13.46
84	1948	23.19
85	1161	13.66
86	1142	13.28
87	1165	13.39
88	1169	13.28
89	1201	13.49
90	1205	13.39
91	1212	13.32
92	1237	13.45
93	1242	13.35
94	1265	13.46
95	1265	13.32
96	1280	13.33
97	1296	13.36
98	1309	13.36
99	1308	13.21
100	1340	13.40
101	2338	23.15
102	2223	21.79
103	1379	13.39
104	1401	13.47
105	1406	13.39
106	1652	15.58
107	1452	13.57
108	1901	17.60
109	2205	20.23
110	1475	13.41
111	1497	13.49
112	1491	13.31
113	1508	13.35
114	1525	13.38
115	1537	13.37
116	1546	13.33
117	1563	13.36
118	1593	13.50
119	1579	13.27
120	1603	13.36
121	2059	17.02
122	1626	13.33
123	1651	13.42
124	2529	20.40
125	1653	13.22
126	1857	14.74
127	1708	13.45
128	1747	13.65
129	1745	13.53
130	1754	13.49
131	1776	13.56
132	1782	13.50
133	1804	13.56
134	1821	13.59
135	1823	13.50
136	1837	13.51
137	1858	13.56
138	1879	13.62
139	2003	14.41
140	1890	13.50
141	1901	13.48
142	1901	13.39
143	1931	13.50
144	1951	13.55
145	1939	13.37
146	1950	13.36
147	1987	13.52
148	1982	13.39
149	1979	13.28
150	2010	13.40
151	2018	13.36
152	2034	13.38
153	2032	13.28
154	2052	13.32
155	2079	13.41
156	2073	13.29
157	2101	13.38
158	2100	13.29
159	2117	13.31
160	2130	13.31
161	2128	13.22
162	2151	13.28
163	2164	13.28
164	2185	13.32
165	2196	13.31
166	2210	13.31
167	2540	15.21
168	2301	13.70
169	2260	13.37
170	2259	13.29
171	2289	13.39
172	2291	13.32
173	2311	13.36
174	2317	13.32
175	2321	13.26
176	2321	13.19
177	2349	13.27
178	2705	15.20
179	2396	13.39
180	2392	13.29
181	2627	14.51
182	2461	13.52
183	2466	13.48
184	3068	16.67
185	3345	18.08
186	2982	16.03
187	2540	13.58
188	3072	16.34
189	3960	20.95
190	3964	20.86
191	3633	19.02
192	3863	20.12
193	4858	25.17
194	3019	15.56
195	2615	13.41
196	2619	13.36
197	2656	13.48
198	2647	13.37
199	2667	13.40
200	2659	13.29
201	2708	13.47
202	2794	13.83
203	2899	14.28
204	2874	14.09
205	2857	13.94
206	2890	14.03
207	2893	13.98
208	2915	14.01
209	2929	14.01
210	2911	13.86
211	2973	14.09
212	2954	13.93
213	4266	20.03
214	3258	15.22
215	3143	14.62
216	4943	22.88
217	3850	17.74
218	3142	14.41
219	2974	13.58
220	3024	13.75
221	3152	14.26
222	3156	14.22
223	3199	14.35
224	3216	14.36
225	3173	14.10
226	3288	14.55
227	3058	13.47
228	3077	13.50
229	3074	13.42
230	3099	13.47
231	3103	13.43
232	3116	13.43
233	3136	13.46
234	3143	13.43
235	3161	13.45
236	3169	13.43
237	3192	13.47
238	3207	13.47
239	3210	13.43
240	3206	13.36
241	3230	13.40
242	3265	13.49
243	3259	13.41
244	3292	13.49
245	3284	13.40
246	3313	13.47
247	3329	13.48
248	3331	13.43
249	3346	13.44
250	3336	13.34
251	3380	13.47
252	3382	13.42
253	3875	15.32
254	3521	13.86
255	3487	13.67
256	3463	13.53
257	3470	13.50
258	3481	13.49
259	3501	13.52
260	3496	13.45
261	3501	13.41
262	3525	13.45
263	3542	13.47
264	3549	13.44
265	3564	13.45
266	3587	13.48
267	3586	13.43
268	4565	17.03
269	3575	13.29
270	3598	13.33
271	3609	13.32
272	3622	13.32
273	3635	13.32
274	4100	14.96
275	5808	21.12
276	5914	21.43
277	5721	20.65
278	4615	16.60
279	5197	18.63
280	5765	20.59
281	4415	15.71
282	4244	15.05
283	4237	14.97
284	5002	17.61
285	4498	15.78
286	3811	13.33
287	3957	13.79
288	4705	16.34
289	3871	13.39
290	4493	15.49
291	4090	14.05
292	4028	13.79
293	4058	13.85
294	3976	13.52
295	3978	13.48
296	4284	14.47
297	4209	14.17
298	4102	13.77
299	4032	13.48
300	4556	15.19
301	4040	13.42
302	4055	13.43
303	4135	13.65
304	4254	13.99
305	4363	14.30
306	4267	13.94
307	4283	13.95
308	4355	14.14
309	4350	14.08
310	5217	16.83
311	4207	13.53
312	5056	16.21
313	6733	21.51
314	5898	18.78
315	5016	15.92
316	5460	17.28
317	4236	13.36
318	4249	13.36
319	4250	13.32
320	4224	13.20
321	4262	13.28
322	4285	13.31
323	4279	13.25
324	4309	13.30
325	4324	13.30
326	4337	13.30
327	4785	14.63
328	4627	14.11
329	4367	13.27
330	4391	13.31
331	4390	13.26
332	5005	15.08
333	4429	13.30
334	4429	13.26
335	4456	13.30
336	4475	13.32
337	4469	13.26
338	4528	13.40
339	4535	13.38
340	4525	13.31
341	6730	19.74
342	5279	15.44
343	4838	14.10
344	4671	13.58
345	7412	21.48
346	4712	13.62
347	5141	14.82
348	5211	14.97
349	4727	13.54
350	4819	13.77
351	4788	13.64
352	4733	13.45
353	6044	17.12
354	5290	14.94
355	4888	13.77
356	4754	13.35
357	4765	13.35
358	4772	13.33
359	4789	13.34
360	4760	13.22
361	4802	13.30
362	4830	13.34
363	4834	13.32
364	4855	13.34
365	4856	13.30
366	4869	13.30
367	5091	13.87
368	4899	13.31
369	4905	13.29
370	4930	13.32
371	4937	13.31
372	4946	13.30
373	4952	13.28
374	4976	13.30
375	4952	13.21
376	5009	13.32
377	5003	13.27
378	5510	14.58
379	5086	13.42
380	5077	13.36
381	5110	13.41
382	5130	13.43
383	5138	13.42
384	5160	13.44
385	5600	14.55
386	5135	13.30
387	5143	13.29
388	5146	13.26
389	5165	13.28
390	5181	13.28
391	5190	13.27
392	5209	13.29
393	5220	13.28
394	6564	16.66
395	5247	13.28
396	5266	13.30
397	5547	13.97
398	5284	13.28
399	5292	13.26
400	5395	13.49
401	5620	14.01
402	6007	14.94
403	5950	14.76
404	5930	14.68
405	6473	15.98
406	5385	13.26
407	5440	13.37
408	5421	13.29
409	5433	13.28
410	5510	13.44
411	5500	13.38
412	5472	13.28
413	5490	13.29
414	5499	13.28
415	5509	13.27
416	5826	14.00
417	5530	13.26
418	5560	13.30
419	5565	13.28
420	5566	13.25
421	5592	13.28
422	5604	13.28
423	5618	13.28
424	5641	13.30
425	5643	13.28
426	5654	13.27
427	5679	13.30
428	5691	13.30
429	5693	13.27
430	5703	13.26
431	5728	13.29
432	7935	18.37
433	5956	13.76
434	6432	14.82
435	7925	18.22
436	8026	18.41
437	5809	13.29
438	5813	13.27
439	5832	13.28
440	5826	13.24
441	5849	13.26
442	5869	13.28
443	5871	13.25
444	5892	13.27
445	5908	13.28
446	6805	15.26
447	5967	13.35
448	7256	16.20
449	7042	15.68
450	6175	13.72
451	6304	13.98
452	6141	13.59
453	6764	14.93
454	7955	17.52
455	9353	20.56
456	6131	13.45
457	6142	13.44
458	6150	13.43
459	6154	13.41
460	6155	13.38
461	6207	13.46
462	6230	13.48
463	6217	13.43
464	6162	13.28
465	6171	13.27
466	6196	13.30
467	6187	13.25
468	6213	13.28
469	6236	13.30
470	6229	13.25
471	6257	13.28
472	6280	13.31
473	6275	13.27
474	6285	13.26
475	6303	13.27
476	6316	13.27
477	6343	13.30
478	6335	13.25
479	6357	13.27
480	6350	13.23
481	6380	13.26
482	6401	13.28
483	6401	13.25
484	6424	13.27
485	6440	13.28
486	6443	13.26
487	6468	13.28
488	6471	13.26
489	7098	14.52
490	6570	13.41
491	6585	13.41
492	6604	13.42
493	6609	13.41
494	6632	13.43
495	6641	13.42
496	6660	13.43
497	6671	13.42
498	6684	13.42
499	6681	13.39
500	9510	19.02
501	8730	17.43
502	7500	14.94
503	6745	13.41
504	6703	13.30
505	6703	13.27
506	6716	13.27
507	6722	13.26
508	6756	13.30
509	6755	13.27
510	6783	13.30
511	6799	13.31
512	6786	13.25
513	6817	13.29
514	6826	13.28
515	6854	13.31
516	6841	13.26
517	6861	13.27
518	6894	13.31
519	6877	13.25
520	6894	13.26
521	6914	13.27
522	6926	13.27
523	6954	13.30
524	6940	13.24
525	6973	13.28
526	6983	13.28
527	6987	13.26
528	7067	13.38
529	7020	13.27
530	7042	13.29
531	7048	13.27
532	7059	13.27
533	8239	15.46
534	10939	20.49
535	11443	21.39
536	11946	22.29
537	11914	22.19
538	11200	20.82
539	7157	13.28
540	7203	13.34
541	7202	13.31
542	9553	17.63
543	7941	14.62
544	7373	13.55
545	7307	13.41
546	7333	13.43
547	7342	13.42
548	7366	13.44
549	7357	13.40
550	7378	13.41
551	7399	13.43
552	7496	13.58
553	7420	13.42
554	7433	13.42
555	7449	13.42
556	7391	13.29
557	7385	13.26
558	7398	13.26
559	7551	13.51
560	7407	13.23
561	7443	13.27
562	7463	13.28
563	7465	13.26
564	7476	13.26
565	8025	14.20
566	8288	14.64
567	8607	15.18
568	7525	13.25
569	7549	13.27
570	7564	13.27
571	7579	13.27
572	7601	13.29
573	9052	15.80
574	9065	15.79
575	7738	13.46
576	9471	16.44
577	10725	18.59
578	8308	14.37
579	8666	14.97
580	7708	13.29
581	10922	18.80
582	8120	13.95
583	7745	13.28
584	7871	13.48
585	10963	18.74
586	12544	21.41
587	12608	21.48
588	12580	21.39
589	9042	15.35
590	7839	13.29
591	7856	13.29
592	7888	13.32
593	7889	13.30
594	8562	14.41
595	8358	14.05
596	7970	13.37
597	10860	18.19
598	24005	40.14
599	14312	23.89
600	14327	23.88
601	14223	23.67
602	15012	24.94
603	13134	21.78
604	16293	26.98
605	11769	19.45
606	12213	20.15
607	8996	14.82
608	8191	13.47
609	8304	13.64
610	8126	13.32
611	9105	14.90
612	12512	20.44
613	18164	29.63
614	12774	20.80
615	12759	20.75
616	12822	20.81
617	12132	19.66
618	9209	14.90
619	8935	14.43
620	8283	13.36
621	8336	13.42
622	8343	13.41
623	8351	13.40
624	8360	13.40
625	8290	13.26
626	8360	13.35
627	8404	13.40
628	9302	14.81
629	8343	13.26
630	8363	13.27
631	8368	13.26
632	8383	13.26
633	8394	13.26
634	8407	13.26
635	8576	13.51
636	8472	13.32
637	9941	15.61
638	10719	16.80
639	10187	15.94
640	8915	13.93
641	8497	13.26
642	8533	13.29
643	8535	13.27
644	8569	13.31
645	8550	13.26
646	8574	13.27
647	8587	13.27
648	8597	13.27
649	8606	13.26
650	8625	13.27
651	8644	13.28
652	8651	13.27
653	8656	13.26
654	8684	13.28
655	8697	13.28
656	8695	13.25
657	8711	13.26
658	8902	13.53
659	8724	13.24
660	9440	14.30
661	8774	13.27
662	8786	13.27
663	8787	13.25
664	8810	13.27
665	8823	13.27
666	8821	13.24
667	9742	14.61
668	8922	13.36
669	11491	17.18
670	10304	15.38
671	8915	13.29
672	8910	13.26
673	8939	13.28
674	8939	13.26
675	8950	13.26
676	8976	13.28
677	8989	13.28
678	9089	13.41
679	11079	16.32
680	9380	13.79
681	9044	13.28
682	9046	13.26
683	11497	16.83
684	9254	13.53
685	9114	13.31
686	9128	13.31
687	9118	13.27
688	9149	13.30
689	9153	13.28
690	9165	13.28
691	9177	13.28
692	9879	14.28
693	9204	13.28
694	9218	13.28
695	9232	13.28
696	9323	13.40
697	9367	13.44
698	9266	13.28
699	9529	13.63
700	11916	17.02
701	12120	17.29
702	13161	18.75
703	12237	17.41
704	11503	16.34
705	9350	13.26
706	9374	13.28
707	9381	13.27
708	9388	13.26
709	9408	13.27
710	9419	13.27
711	9432	13.27
712	9455	13.28
713	9446	13.25
714	9478	13.27
715	9653	13.50
716	9514	13.29
717	9514	13.27
718	9513	13.25
719	9546	13.28
720	9518	13.22
721	9570	13.27
722	9578	13.27
723	9587	13.26
724	9602	13.26
725	9614	13.26
726	9638	13.28
727	9651	13.28
728	9647	13.25
729	9685	13.29
730	9687	13.27
731	9999	13.68
732	9714	13.27
733	9722	13.26
734	9733	13.26
735	9753	13.27
736	12091	16.43
737	9875	13.40
738	9903	13.42
739	9913	13.41
740	9885	13.36
741	9937	13.41
742	9946	13.40
743	10183	13.71
744	9996	13.44
745	9994	13.41
746	10009	13.42
747	10004	13.39
748	10029	13.41
749	10044	13.41
750	10029	13.37
751	10057	13.39
752	10072	13.39
753	10098	13.41
754	10387	13.78
755	10009	13.26
756	10027	13.26
757	10051	13.28
758	10051	13.26
759	10090	13.29
760	10046	13.22
761	10099	13.27
762	10117	13.28
763	10123	13.27
764	12485	16.34
765	10738	14.04
766	14425	18.83
767	10208	13.31
768	10355	13.48
769	10201	13.27
770	10208	13.26
771	10224	13.26
772	10241	13.27
773	10252	13.26
774	10274	13.27
775	10280	13.26
776	10296	13.27
777	10303	13.26
778	10327	13.27
779	10339	13.27
780	10298	13.20
781	10360	13.27
782	10364	13.25
783	10390	13.27
784	12371	15.78
785	10567	13.46
786	10542	13.41
787	10545	13.40
788	11980	15.20
789	16575	21.01
790	13626	17.25
791	13275	16.78
792	13466	17.00
793	11173	14.09
794	11001	13.86
795	10980	13.81
796	11031	13.86
797	11015	13.82
798	11020	13.81
799	11106	13.90
800	11592	14.49
801	11396	14.23
802	10640	13.27
803	10648	13.26
804	10672	13.27
805	11330	14.07
806	10688	13.26
807	10876	13.48
808	11246	13.92
809	11180	13.82
810	11248	13.89
811	11213	13.83
812	11258	13.86
813	11206	13.78
814	10799	13.27
815	10815	13.27
816	10931	13.40
817	11013	13.48
818	13325	16.29
819	12747	15.56
820	10939	13.34
821	10879	13.25
822	11802	14.36
823	11646	14.15
824	10924	13.26
825	10939	13.26
826	10963	13.27
827	10965	13.26
828	10992	13.28
829	10991	13.26
830	11405	13.74
831	11159	13.43
832	11164	13.42
833	11137	13.37
834	11066	13.27
835	12550	15.03
836	12505	14.96
837	12763	15.25
838	11237	13.41
839	11244	13.40
840	12627	15.03
841	11275	13.41
842	11295	13.41
843	11312	13.42
844	11320	13.41
845	11335	13.41
846	11339	13.40
847	11814	13.95
848	11524	13.59
849	11984	14.12
850	11408	13.42
851	11412	13.41
852	11325	13.29
853	11454	13.43
854	11741	13.75
855	13801	16.14
856	13439	15.70
857	11370	13.27
858	11383	13.27
859	12603	14.67
860	11385	13.24
861	11409	13.25
862	11435	13.27
863	11453	13.27
864	12034	13.93
865	11468	13.26
866	11491	13.27
867	11927	13.76
868	12791	14.74
869	15689	18.05
870	13844	15.91
871	12930	14.85
872	11570	13.27
873	11580	13.26
874	12691	14.52
875	11618	13.28
876	11614	13.26
877	11642	13.27
878	11638	13.26
879	11990	13.64
880	11771	13.38
881	11811	13.41
882	11834	13.42
883	11829	13.40
884	11855	13.41
885	11862	13.40
886	12261	13.84
887	11911	13.43
888	11913	13.42
889	11925	13.41
890	11942	13.42
891	11949	13.41
892	11968	13.42
893	12044	13.49
894	12186	13.63
895	11874	13.27
896	11899	13.28
897	11880	13.24
898	11915	13.27
899	13656	15.19
900	12528	13.92
901	12088	13.42
902	12099	13.41
903	12106	13.41
904	12135	13.42
905	12136	13.41
906	12147	13.41
907	12166	13.41
908	12183	13.42
909	12188	13.41
910	12203	13.41
911	12225	13.42
912	12357	13.55
913	12245	13.41
914	12200	13.35
915	12145	13.27
916	12868	14.05
917	12178	13.28
918	12183	13.27
919	12179	13.25
920	12177	13.24
921	12218	13.27
922	12993	14.09
923	12242	13.26
924	13826	14.96
925	14548	15.73
926	12279	13.26
927	12281	13.25
928	12334	13.29
929	12318	13.26
930	12337	13.27
931	12366	13.28
932	12355	13.26
933	12474	13.37
934	12395	13.27
935	12395	13.26
936	12418	13.27
937	12437	13.27
938	12435	13.26
939	12461	13.27
940	12437	13.23
941	13428	14.27
942	14625	15.53
943	15384	16.31
944	12538	13.28
945	12533	13.26
946	12540	13.26
947	14818	15.65
948	12721	13.42
949	12726	13.41
950	12752	13.42
951	13566	14.26
952	16582	17.42
953	13337	13.99
954	12751	13.37
955	12673	13.27
956	12670	13.25
957	12699	13.27
958	12690	13.25
959	13309	13.88
960	12712	13.24
961	12745	13.26
962	12745	13.25
963	12781	13.27
964	15504	16.08
965	19470	20.18
966	17475	18.09
967	12969	13.41
968	12972	13.40
969	13445	13.88
970	12864	13.26
971	12895	13.28
972	12897	13.27
973	12918	13.28
974	12916	13.26
975	12921	13.25
976	12920	13.24
977	13579	13.90
978	12998	13.29
979	13023	13.30
980	14426	14.72
981	14056	14.33
982	13174	13.42
983	13176	13.40
984	13192	13.41
985	13261	13.46
986	14805	15.02
987	14825	15.02
988	13098	13.26
989	13112	13.26
990	13131	13.26
991	13158	13.28
992	13581	13.69
993	13326	13.42
994	13338	13.42
995	13352	13.42
996	13584	13.64
997	13226	13.27
998	13226	13.25
999	13257	13.27
1000	15092	15.09
1001	13410	13.40
1002	13448	13.42
1003	13446	13.41
1004	13471	13.42
1005	14077	14.01
1006	15008	14.92
1007	14822	14.72
1008	13547	13.44
1009	14924	14.79
1010	13838	13.70
1011	13421	13.27
1012	13426	13.27
1013	13438	13.27
1014	14246	14.05
1015	13463	13.26
1016	13600	13.39
1017	13490	13.26
1018	13594	13.35
1019	13518	13.27
1020	13487	13.22
1021	13530	13.25
1022	13547	13.26
1023	13570	13.26
1024	13578	13.26
1025	13558	13.23
1026	13594	13.25
1027	13613	13.26
1028	13635	13.26
1029	13631	13.25
1030	13662	13.26
1031	13806	13.39
1032	13686	13.26
1033	13699	13.26
1034	13699	13.25
1035	13725	13.26
1036	13734	13.26
1037	13747	13.26
1038	13995	13.48
1039	13769	13.25
1040	13752	13.22
1041	13800	13.26
1042	14141	13.57
1043	13821	13.25
1044	13846	13.26
1045	13845	13.25
1046	14904	14.25
1047	16672	15.92
1048	16027	15.29
1049	13921	13.27
1050	13928	13.26
1051	13975	13.30
1052	17627	16.76
1053	18334	17.41
1054	15791	14.98
1055	14148	13.41
1056	14606	13.83
1057	14054	13.30
1058	14053	13.28
1059	14028	13.25
1060	14029	13.23
1061	18043	17.01
1062	14474	13.63
1063	14097	13.26
1064	14285	13.43
1065	14126	13.26
1066	14121	13.25
1067	14145	13.26
1068	14173	13.27
1069	14723	13.77
1070	14188	13.26
1071	14210	13.27
1072	14206	13.25
1073	14231	13.26
1074	14230	13.25
1075	14765	13.73
1076	14271	13.26
1077	14374	13.35
1078	14282	13.25
1079	14302	13.25
1080	14291	13.23
1081	15776	14.59
1082	15472	14.30
1083	14354	13.25
1084	14380	13.27
1085	14382	13.26
1086	14415	13.27
1087	14412	13.26
1088	14438	13.27
1089	14439	13.26
1090	14451	13.26
1091	14494	13.29
1092	16178	14.82
1093	15417	14.11
1094	14662	13.40
1095	14689	13.41
1096	14687	13.40
1097	15024	13.70
1098	14746	13.43
1099	14743	13.41
1100	15343	13.95
1101	14612	13.27
1102	14922	13.54
1103	14805	13.42
1104	14794	13.40
1105	14797	13.39
1106	16752	15.15
1107	14683	13.26
1108	14691	13.26
1109	14698	13.25
1110	14713	13.25
1111	14730	13.26
1112	14751	13.27
1113	14745	13.25
1114	14766	13.25
1115	14790	13.26
1116	14813	13.27
1117	15059	13.48
1118	16535	14.79
1119	14845	13.27
1120	14826	13.24
1121	14937	13.32
1122	15039	13.40
1123	14882	13.25
1124	15039	13.38
1125	15036	13.37
1126	14930	13.26
1127	14952	13.27
1128	14953	13.26
1129	15966	14.14
1130	15120	13.38
1131	16446	14.54
1132	15022	13.27
1133	15168	13.39
1134	16050	14.15
1135	15659	13.80
1136	15236	13.41
1137	17880	15.73
1138	15101	13.27
1139	15107	13.26
1140	15091	13.24
1141	15379	13.48
1142	21079	18.46
1143	15149	13.25
1144	15172	13.26
1145	15296	13.36
1146	15205	13.27
1147	15204	13.26
1148	15221	13.26
1149	15245	13.27
1150	15246	13.26
1151	17060	14.82
1152	21100	18.32
1153	22427	19.45
1154	15924	13.80
1155	15472	13.40
1156	17158	14.84
1157	15337	13.26
1158	15355	13.26
1159	15374	13.26
1160	15344	13.23
1161	15847	13.65
1162	15535	13.37
1163	15587	13.40
1164	15440	13.26
1165	15438	13.25
1166	15616	13.39
1167	15469	13.26
1168	15492	13.26
1169	15501	13.26
1170	15512	13.26
1171	15565	13.29
1172	17212	14.69
1173	18273	15.58
1174	15571	13.26
1175	16770	14.27
1176	15775	13.41
1177	15771	13.40
1178	15791	13.40
1179	15800	13.40
1180	15779	13.37
1181	15824	13.40
1182	17165	14.52
1183	15681	13.26
1184	15707	13.27
1185	15709	13.26
1186	15845	13.36
1187	17510	14.75
1188	17801	14.98
1189	15945	13.41
1190	15949	13.40
1191	15971	13.41
1192	15973	13.40
1193	15982	13.40
1194	16002	13.40
1195	16014	13.40
1196	16600	13.88
1197	16159	13.50
1198	16042	13.39
1199	16698	13.93
1200	16098	13.41
1201	16085	13.39
1202	16107	13.40
1203	17038	14.16
1204	16043	13.32
1205	15976	13.26
1206	15988	13.26
1207	16007	13.26
1208	16783	13.89
1209	19208	15.89
1210	16042	13.26
1211	16060	13.26
1212	16946	13.98
1213	16098	13.27
1214	16098	13.26
1215	16124	13.27
1216	16150	13.28
1217	16909	13.89
1218	21421	17.59
1219	17467	14.33
1220	16637	13.64
1221	16182	13.25
1222	16203	13.26
1223	16213	13.26
1224	16244	13.27
1225	16245	13.26
1226	18604	15.17
1227	16524	13.47
1228	16296	13.27
1229	16309	13.27
1230	17367	14.12
1231	16499	13.40
1232	16518	13.41
1233	16539	13.41
1234	16533	13.40
1235	16560	13.41
1236	16571	13.41
1237	17326	14.01
1238	16496	13.32
1239	18774	15.15
1240	18398	14.84
1241	17784	14.33
1242	16463	13.26
1243	21051	16.94
1244	21778	17.51
1245	19756	15.87
1246	16520	13.26
1247	16796	13.47
1248	16716	13.39
1249	16745	13.41
1250	16569	13.26
1251	17148	13.71
1252	19278	15.40
1253	16624	13.27
1254	16627	13.26
1255	16633	13.25
1256	16674	13.28
1257	16684	13.27
1258	16787	13.34
1259	17361	13.79
1260	19564	15.53
1261	17204	13.64
1262	17930	14.21
1263	16752	13.26
1264	16765	13.26
1265	16980	13.42
1266	16985	13.42
1267	16967	13.39
1268	16959	13.37
1269	16852	13.28
1270	17972	14.15
1271	16853	13.26
1272	18330	14.41
1273	17057	13.40
1274	16895	13.26
1275	16908	13.26
1276	16928	13.27
1277	17186	13.46
1278	16937	13.25
1279	16969	13.27
1280	16965	13.25
1281	16982	13.26
1282	17860	13.93
1283	17189	13.40
1284	17209	13.40
1285	17240	13.42
1286	17237	13.40
1287	17255	13.41
1288	17268	13.41
1289	17291	13.41
1290	17289	13.40
1291	17303	13.40
1292	17323	13.41
1293	19354	14.97
1294	17229	13.31
1295	17220	13.30
1296	17248	13.31
1297	17254	13.30
1298	17410	13.41
1299	17239	13.27
1300	17954	13.81
1301	17428	13.40
1302	17464	13.41
1303	18372	14.10
1304	17294	13.26
1305	17298	13.26
1306	17318	13.26
1307	17325	13.26
1308	17348	13.26
1309	17343	13.25
1310	17422	13.30
1311	17395	13.27
1312	17389	13.25
1313	17398	13.25
1314	17523	13.34
1315	17994	13.68
1316	19476	14.80
1317	17471	13.27
1318	17491	13.27
1319	17461	13.24
1320	17604	13.34
1321	17707	13.40
1322	17718	13.40
1323	17748	13.41
1324	18036	13.62
1325	17634	13.31
1326	19773	14.91
1327	17778	13.40
1328	17798	13.40
1329	17816	13.41
1330	18930	14.23
1331	21050	15.82
1332	17752	13.33
1333	18329	13.75
1334	18302	13.72
1335	22607	16.93
1336	28747	21.52
1337	19060	14.26
1338	18436	13.78
1339	18647	13.93
1340	17967	13.41
1341	18103	13.50
1342	17984	13.40
1343	19532	14.54
1344	20135	14.98
1345	18759	13.95
1346	21108	15.68
1347	27162	20.16
1348	19540	14.50
1349	17898	13.27
1350	17899	13.26
1351	17923	13.27
1352	17927	13.26
1353	17944	13.26
1354	17965	13.27
1355	17981	13.27
1356	17992	13.27
1357	18274	13.47
1358	18009	13.26
1359	19061	14.03
1360	18008	13.24
1361	18248	13.41
1362	18066	13.26
1363	18067	13.26
1364	20120	14.75
1365	18139	13.29
1366	18893	13.83
1367	18348	13.42
1368	18668	13.65
1369	18180	13.28
1370	18179	13.27
1371	18190	13.27
1372	18480	13.47
1373	18410	13.41
1374	19339	14.07
1375	18245	13.27
1376	18249	13.26
1377	18294	13.29
1378	18381	13.34
1379	18289	13.26
1380	18986	13.76
1381	18315	13.26
1382	18587	13.45
1383	18360	13.28
1384	18361	13.27
1385	18362	13.26
1386	18370	13.25
1387	18388	13.26
1388	18417	13.27
1389	18420	13.26
1390	18534	13.33
1391	18437	13.25
1392	18476	13.27
1393	18468	13.26
1394	18493	13.27
1395	19444	13.94
1396	18529	13.27
1397	18521	13.26
1398	18545	13.27
1399	18554	13.26
1400	19132	13.67
1401	18784	13.41
1402	18779	13.39
1403	20232	14.42
1404	19239	13.70
1405	18633	13.26
1406	18642	13.26
1407	19011	13.51
1408	18865	13.40
1409	19545	13.87
1410	21298	15.10
1411	20249	14.35
1412	19601	13.88
1413	18913	13.38
1414	18769	13.27
1415	19992	14.13
1416	18771	13.26
1417	18778	13.25
1418	18808	13.26
1419	20129	14.19
1420	18989	13.37
1421	19053	13.41
1422	19073	13.41
1423	19078	13.41
1424	19404	13.63
1425	19103	13.41
1426	19107	13.40
1427	19233	13.48
1428	19886	13.93
1429	19774	13.84
1430	19942	13.95
1431	19535	13.65
1432	23997	16.76
1433	18985	13.25
1434	19006	13.25
1435	19010	13.25
1436	19053	13.27
1437	19344	13.46
1438	19053	13.25
1439	19096	13.27
1440	19177	13.32
1441	21598	14.99
1442	24209	16.79
1443	20258	14.04
1444	19182	13.28
1445	19184	13.28
1446	21677	14.99
1447	19429	13.43
1448	19223	13.28
1449	19258	13.29
1450	19262	13.28
1451	19279	13.29
1452	19273	13.27
1453	20735	14.27
1454	19305	13.28
1455	21689	14.91
1456	19444	13.35
1457	19339	13.27
1458	21239	14.57
1459	21676	14.86
1460	19544	13.39
1461	19592	13.41
1462	19590	13.40
1463	19876	13.59
1464	19632	13.41
1465	19790	13.51
1466	19506	13.31
1467	19722	13.44
1468	27710	18.88
1469	19764	13.45
1470	25075	17.06
1471	26066	17.72
1472	19963	13.56
1473	20346	13.81
1474	20422	13.85
1475	19801	13.42
1476	20400	13.82
1477	19614	13.28
1478	21167	14.32
1479	19882	13.44
1480	20597	13.92
1481	19704	13.30
1482	19728	13.31
1483	19757	13.32
1484	19809	13.35
1485	21568	14.52
1486	19720	13.27
1487	19778	13.30
1488	19826	13.32
1489	19754	13.27
1490	19803	13.29
1491	20600	13.82
1492	19797	13.27
1493	19819	13.27
1494	19965	13.36
1495	19840	13.27
1496	19865	13.28
1497	19891	13.29
1498	19907	13.29
1499	21028	14.03
1500	21143	14.10
1501	20123	13.41
1502	21071	14.03
1503	20166	13.42
1504	20134	13.39
1505	19962	13.26
1506	19969	13.26
1507	20371	13.52
1508	20628	13.68
1509	20226	13.40
1510	20288	13.44
1511	21500	14.23
1512	21513	14.23
1513	20566	13.59
1514	21431	14.16
1515	22057	14.56
1516	21192	13.98
1517	21526	14.19
1518	20130	13.26
1519	20255	13.33
1520	20128	13.24
1521	21061	13.85
1522	20417	13.41
1523	20419	13.41
1524	20444	13.41
1525	20442	13.40
1526	20714	13.57
1527	21658	14.18
1528	20251	13.25
1529	20271	13.26
1530	20272	13.25
1531	21948	14.34
1532	26990	17.62
1533	20351	13.28
1534	20321	13.25
1535	20353	13.26
1536	20374	13.26
1537	20738	13.49
1538	21316	13.86
1539	20639	13.41
1540	20599	13.38
1541	20650	13.40
1542	20669	13.40
1543	20866	13.52
1544	20970	13.58
1545	25923	16.78
1546	25613	16.57
1547	23359	15.10
1548	20539	13.27
1549	21425	13.83
1550	20580	13.28
1551	20559	13.26
1552	20577	13.26
1553	20614	13.27
1554	20614	13.27
1555	20721	13.33
1556	20643	13.27
1557	20790	13.35
1558	20670	13.27
1559	20690	13.27
1560	20936	13.42
1561	20703	13.26
1562	29243	18.72
1563	21593	13.82
1564	20752	13.27
1565	20951	13.39
1566	20775	13.27
1567	20773	13.26
1568	20786	13.26
1569	20798	13.26
1570	20944	13.34
1571	22287	14.19
1572	21136	13.45
1573	25599	16.27
1574	22222	14.12
1575	22078	14.02
1576	20894	13.26
1577	20994	13.31
1578	20933	13.27
1579	21157	13.40
1580	20982	13.28
1581	20966	13.26
1582	20972	13.26
1583	21005	13.27
1584	21006	13.26
1585	21027	13.27
1586	21028	13.26
1587	21047	13.26
1588	21068	13.27
1589	21884	13.77
1590	21503	13.52
1591	23101	14.52
1592	21136	13.28
1593	21160	13.28
1594	21134	13.26
1595	21142	13.26
1596	21471	13.45
1597	21178	13.26
1598	21176	13.25
1599	21187	13.25
1600	21836	13.65
1601	21208	13.25
1602	22489	14.04
1603	21507	13.42
1604	21269	13.26
1605	21277	13.26
1606	21292	13.26
1607	21439	13.34
1608	21705	13.50
1609	21334	13.26
1610	21347	13.26
1611	21363	13.26
1612	21381	13.26
1613	23721	14.71
1614	21412	13.27
1615	21421	13.26
1616	21440	13.27
1617	22245	13.76
1618	21687	13.40
1619	21708	13.41
1620	21849	13.49
1621	21672	13.37
1622	24732	15.25
1623	30308	18.67
1624	33417	20.58
1625	27040	16.64
1626	22494	13.83
1627	47855	29.41
1628	27772	17.06
1629	23144	14.21
1630	21616	13.26
1631	21646	13.27
1632	21635	13.26
1633	22598	13.84
1634	22907	14.02
1635	22552	13.79
1636	25172	15.39
1637	21725	13.27
1638	22176	13.54
1639	24132	14.72
1640	26115	15.92
1641	26994	16.45
1642	21838	13.30
1643	21945	13.36
1644	21837	13.28
1645	21851	13.28
1646	21889	13.30
1647	21926	13.31
1648	23936	14.52
1649	22030	13.36
1650	21862	13.25
1651	21894	13.26
1652	21937	13.28
1653	21918	13.26
1654	22775	13.77
1655	22003	13.29
1656	21991	13.28
1657	22034	13.30
1658	22116	13.34
1659	22509	13.57
1660	22214	13.38
1661	22258	13.40
1662	22260	13.39
1663	22290	13.40
1664	22284	13.39
1665	22299	13.39
1666	22336	13.41
1667	22599	13.56
1668	23030	13.81
1669	22460	13.46
1670	22452	13.44
1671	22635	13.55
1672	22429	13.41
1673	22431	13.41
1674	22410	13.39
1675	23028	13.75
1676	22464	13.40
1677	22490	13.41
1678	22473	13.39
1679	22499	13.40
1680	22678	13.50
1681	22583	13.43
1682	22549	13.41
1683	29651	17.62
1684	23745	14.10
1685	22391	13.29
1686	22603	13.41
1687	22606	13.40
1688	22580	13.38
1689	22409	13.27
1690	22403	13.26
1691	23606	13.96
1692	22425	13.25
1693	23168	13.68
1694	28443	16.79
1695	22779	13.44
1696	22789	13.44
1697	22507	13.26
1698	22510	13.26
1699	22508	13.25
1700	23484	13.81
1701	22542	13.25
1702	24138	14.18
1703	22576	13.26
1704	23179	13.60
1705	22604	13.26
1706	22612	13.25
1707	25609	15.00
1708	22918	13.42
1709	23177	13.56
1710	22685	13.27
1711	23180	13.55
1712	22697	13.26
1713	22718	13.26
1714	22748	13.27
1715	22766	13.27
1716	22760	13.26
1717	22779	13.27
1718	24970	14.53
1719	26023	15.14
1720	23829	13.85
1721	23052	13.39
1722	23382	13.58
1723	23096	13.40
1724	23085	13.39
1725	23188	13.44
1726	23611	13.68
1727	26729	15.48
1728	22912	13.26
1729	22951	13.27
1730	24040	13.90
1731	27905	16.12
1732	27486	15.87
1733	23947	13.82
1734	23001	13.26
1735	24002	13.83
1736	26789	15.43
1737	23025	13.26
1738	23040	13.26
1739	23067	13.26
1740	23066	13.26
1741	23194	13.32
1742	23090	13.25
1743	23941	13.74
1744	23369	13.40
1745	23555	13.50
1746	23409	13.41
1747	23444	13.42
1748	23225	13.29
1749	23200	13.26
1750	23202	13.26
1751	23905	13.65
1752	23289	13.29
1753	23287	13.28
1754	23788	13.56
1755	23539	13.41
1756	23528	13.40
1757	23550	13.40
1758	23897	13.59
1759	24223	13.77
1760	23449	13.32
1761	23357	13.26
1762	26313	14.93
1763	23386	13.26
1764	23393	13.26
1765	23408	13.26
1766	23936	13.55
1767	23418	13.25
1768	23441	13.26
1769	23459	13.26
1770	23469	13.26
1771	23497	13.27
1772	23482	13.25
1773	24509	13.82
1774	23527	13.26
1775	23525	13.25
1776	23514	13.24
1777	26154	14.72
1778	23577	13.26
1779	23591	13.26
1780	23560	13.24
1781	23622	13.26
1782	24101	13.52
1783	26745	15.00
1784	23935	13.42
1785	23874	13.37
1786	23708	13.27
1787	24244	13.57
1788	24779	13.86
1789	24440	13.66
1790	26201	14.64
1791	24861	13.88
1792	24841	13.86
1793	24725	13.79
1794	24945	13.90
1795	24814	13.82
1796	25087	13.97
1797	25785	14.35
1798	26077	14.50
1799	23859	13.26
1800	24300	13.50
1801	23978	13.31
1802	23900	13.26
1803	23905	13.26
1804	25739	14.27
1805	23967	13.28
1806	24829	13.75
1807	27434	15.18
1808	25979	14.37
1809	24236	13.40
1810	24247	13.40
1811	24292	13.41
1812	24309	13.42
1813	24037	13.26
1814	24053	13.26
1815	24072	13.26
1816	24047	13.24
1817	24964	13.74
1818	24360	13.40
1819	27801	15.28
1820	30904	16.98
1821	28022	15.39
1822	28035	15.39
1823	28074	15.40
1824	26901	14.75
1825	33391	18.30
1826	24206	13.26
1827	24400	13.36
1828	24250	13.27
1829	26749	14.62
1830	31676	17.31
1831	24404	13.33
1832	24736	13.50
1833	24303	13.26
1834	24319	13.26
1835	24344	13.27
1836	24393	13.29
1837	24360	13.26
1838	24382	13.27
1839	24385	13.26
1840	29429	15.99
1841	24697	13.41
1842	26659	14.47
1843	24998	13.56
1844	24743	13.42
1845	24730	13.40
1846	24759	13.41
1847	24659	13.35
1848	24509	13.26
1849	25977	14.05
1850	24543	13.27
1851	24559	13.27
1852	24569	13.27
1853	24765	13.36
1854	24879	13.42
1855	24635	13.28
1856	24655	13.28
1857	24650	13.27
1858	25317	13.63
1859	24632	13.25
1860	24613	13.23
1861	24769	13.31
1862	26813	14.40
1863	30376	16.30
1864	26160	14.03
1865	28310	15.18
1866	24730	13.25
1867	26888	14.40
1868	25047	13.41
1869	25951	13.88
1870	24812	13.27
1871	24811	13.26
1872	24821	13.26
1873	25116	13.41
1874	24833	13.25
1875	24737	13.19
1876	25134	13.40
1877	24912	13.27
1878	24936	13.28
1879	25490	13.57
1880	24881	13.23
1881	24947	13.26
1882	24922	13.24
1883	25129	13.35
1884	27343	14.51
1885	24999	13.26
1886	25004	13.26
1887	25083	13.29
1888	25048	13.27
1889	26727	14.15
1890	26056	13.79
1891	27510	14.55
1892	25085	13.26
1893	25106	13.26
1894	25110	13.26
1895	25136	13.26
1896	25138	13.26
1897	28437	14.99
1898	25336	13.35
1899	25235	13.29
1900	26781	14.10
1901	25213	13.26
1902	25199	13.25
1903	25230	13.26
1904	25519	13.40
1905	26289	13.80
1906	25280	13.26
1907	25293	13.26
1908	25296	13.26
1909	25443	13.33
1910	26248	13.74
1911	25613	13.40
1912	25549	13.36
1913	25378	13.27
1914	25399	13.27
1915	25637	13.39
1916	25434	13.27
1917	25431	13.27
1918	25440	13.26
1919	25476	13.28
1920	26318	13.71
1921	25473	13.26
1922	25509	13.27
1923	25497	13.26
1924	25516	13.26
1925	30458	15.82
1926	26765	13.90
1927	25891	13.44
1928	25566	13.26
1929	25573	13.26
1930	25611	13.27
1931	25599	13.26
1932	25625	13.26
1933	27122	14.03
1934	25947	13.42
1935	25674	13.27
1936	27146	14.02
1937	35900	18.53
1938	26571	13.71
1939	25697	13.25
1940	26455	13.64
1941	28510	14.69
1942	25780	13.27
1943	25761	13.26
1944	26817	13.79
1945	25791	13.26
1946	26695	13.72
1947	29013	14.90
1948	26811	13.76
1949	26175	13.43
1950	26151	13.41
1951	26140	13.40
1952	27270	13.97
1953	25890	13.26
1954	26027	13.32
1955	25919	13.26
1956	25953	13.27
1957	25966	13.27
1958	26734	13.65
1959	29684	15.15
1960	26685	13.61
1961	26076	13.30
1962	26018	13.26
1963	26028	13.26
1964	26054	13.27
1965	26919	13.70
1966	26346	13.40
1967	28822	14.65
1968	27315	13.88
1969	26340	13.38
1970	26882	13.65
1971	26824	13.61
1972	27800	14.10
1973	26218	13.29
1974	26835	13.59
1975	26207	13.27
1976	26199	13.26
1977	26232	13.27
1978	26331	13.31
1979	26844	13.56
1980	26211	13.24
1981	29202	14.74
1982	26704	13.47
1983	27212	13.72
1984	26341	13.28
1985	26389	13.29
1986	26364	13.27
1987	30310	15.25
1988	26843	13.50
1989	26664	13.41
1990	26664	13.40
1991	26689	13.40
1992	28544	14.33
1993	27581	13.84
1994	26469	13.27
1995	26436	13.25
1996	26441	13.25
1997	26451	13.25
1998	26464	13.25
1999	27922	13.97
2000	26523	13.26
2001	26496	13.24
2002	26525	13.25
2003	26824	13.39
2004	26557	13.25
2005	26559	13.25
2006	26827	13.37
2007	31696	15.79
2008	26659	13.28
2009	26775	13.33
2010	26636	13.25
2011	26711	13.28
2012	26721	13.28
2013	28086	13.95
2014	28693	14.25
2015	27037	13.42
2016	27030	13.41
2017	26792	13.28
2018	26757	13.26
2019	27051	13.40
2020	27404	13.57
2021	28300	14.00
2022	30161	14.92
2023	31785	15.71
2024	26877	13.28
2025	37258	18.40
2026	32538	16.06
2027	26900	13.27
2028	26992	13.31
2029	26914	13.26
2030	27871	13.73
2031	26944	13.27
2032	27198	13.38
2033	26963	13.26
2034	27024	13.29
2035	27069	13.30
2036	34367	16.88
2037	27137	13.32
2038	27532	13.51
2039	27036	13.26
2040	27040	13.25
2041	27186	13.32
2042	27105	13.27
2043	27106	13.27
2044	27453	13.43
2045	27130	13.27
2046	28138	13.75
2047	27433	13.40
2048	27449	13.40
2049	27681	13.51
2050	27192	13.26
2051	27199	13.26
2052	27206	13.26
2053	27241	13.27
2054	27224	13.25
2055	27231	13.25
2056	27602	13.43
2057	27272	13.26
2058	27371	13.30
2059	27322	13.27
2060	27306	13.26
2061	27328	13.26
2062	27348	13.26
2063	28064	13.60
2064	27662	13.40
2065	28875	13.98
2066	30038	14.54
2067	27411	13.26
2068	31576	15.27
2069	28446	13.75
2070	29413	14.21
2071	27524	13.29
2072	29531	14.25
2073	27590	13.31
2074	27489	13.25
2075	27499	13.25
2076	27562	13.28
2077	27529	13.25
2078	27531	13.25
2079	27804	13.37
2080	27540	13.24
2081	27573	13.25
2082	28297	13.59
2083	27911	13.40
2084	27910	13.39
2085	33813	16.22
2086	27662	13.26
2087	27676	13.26
2088	27971	13.40
2089	29926	14.33
2090	29421	14.08
2091	28171	13.47
2092	27762	13.27
2093	27856	13.31
2094	27793	13.27
2095	29277	13.97
2096	27789	13.26
2097	29256	13.95
2098	27814	13.26
2099	27835	13.26
2100	28191	13.42
2101	28171	13.41
2102	28319	13.47
2103	37159	17.67
2104	28233	13.42
2105	28231	13.41
2106	28236	13.41
2107	28733	13.64
2108	28865	13.69
2109	28098	13.32
2110	36419	17.26
2111	31028	14.70
2112	30027	14.22
2113	28346	13.42
2114	28353	13.41
2115	28064	13.27
2116	28040	13.25
2117	28095	13.27
2118	28094	13.26
2119	28085	13.25
2120	28078	13.24
2121	28602	13.49
2122	36252	17.08
2123	28297	13.33
2124	29071	13.69
2125	28459	13.39
2126	28484	13.40
2127	28480	13.39
2128	29950	14.07
2129	28528	13.40
2130	29003	13.62
2131	36347	17.06
2132	32133	15.07
2133	28938	13.57
2134	29094	13.63
2135	28771	13.48
2136	28681	13.43
2137	28441	13.31
2138	28396	13.28
2139	28395	13.27
2140	30992	14.48
2141	28407	13.27
2142	28398	13.26
2143	28611	13.35
2144	28438	13.26
2145	28805	13.43
2146	28433	13.25
2147	28497	13.27
2148	28465	13.25
2149	29487	13.72
2150	28801	13.40
2151	30196	14.04
2152	28926	13.44
2153	29168	13.55
2154	28893	13.41
2155	28899	13.41
2156	28662	13.29
2157	28614	13.27
2158	28843	13.37
2159	30530	14.14
2160	28631	13.26
2161	29112	13.47
2162	29433	13.61
2163	29237	13.52
2164	29032	13.42
2165	29208	13.49
2166	28750	13.27
2167	28776	13.28
2168	29499	13.61
2169	28808	13.28
2170	29600	13.64
2171	29384	13.53
2172	29146	13.42
2173	29094	13.39
2174	28900	13.29
2175	29216	13.43
2176	28939	13.30
2177	29875	13.72
2178	29178	13.40
2179	29211	13.41
2180	29011	13.31
2181	28899	13.25
2182	29093	13.33
2183	29074	13.32
2184	28982	13.27
2185	28948	13.25
2186	29762	13.61
2187	29014	13.27
2188	29054	13.28
2189	29004	13.25
2190	29082	13.28
2191	29043	13.26
2192	29854	13.62
2193	29399	13.41
2194	30292	13.81
2195	31470	14.34
2196	29132	13.27
2197	29530	13.44
2198	29149	13.26
2199	29126	13.25
2200	29572	13.44
2201	29191	13.26
2202	30588	13.89
2203	32400	14.71
2204	29195	13.25
2205	29231	13.26
2206	29253	13.26
2207	29917	13.56
2208	30297	13.72
2209	30029	13.59
2210	30808	13.94
2211	30124	13.62
2212	29876	13.51
2213	31267	14.13
2214	31144	14.07
2215	29358	13.25
2216	29856	13.47
2217	29390	13.26
2218	29405	13.26
2219	29582	13.33
2220	29399	13.24
2221	37969	17.10
2222	31349	14.11
2223	30079	13.53
2224	29839	13.42
2225	29804	13.40
2226	30259	13.59
2227	29582	13.28
2228	29524	13.25
2229	29567	13.26
2230	29972	13.44
2231	31689	14.20
2232	45839	20.54
2233	32090	14.37
2234	29630	13.26
2235	29623	13.25
2236	29718	13.29
2237	30263	13.53
2238	30203	13.50
2239	30036	13.41
2240	29670	13.25
2241	29701	13.25
2242	31442	14.02
2243	31020	13.83
2244	29995	13.37
2245	29761	13.26
2246	29763	13.25
2247	30040	13.37
2248	29783	13.25
2249	31127	13.84
2250	30019	13.34
2251	30161	13.40
2252	29837	13.25
2253	29863	13.25
2254	29884	13.26
2255	29890	13.25
2256	30053	13.32
2257	35283	15.63
2258	29973	13.27
2259	29925	13.25
2260	29908	13.23
2261	29959	13.25
2262	29977	13.25
2263	30690	13.56
2264	29993	13.25
2265	30172	13.32
2266	30028	13.25
2267	34792	15.35
2268	30052	13.25
2269	30067	13.25
2270	30071	13.25
2271	32560	14.34
2272	34076	15.00
2273	30389	13.37
2274	30127	13.25
2275	30154	13.25
2276	30177	13.26
2277	32221	14.15
2278	30190	13.25
2279	30196	13.25
2280	30357	13.31
2281	30231	13.25
2282	31397	13.76
2283	36518	16.00
2284	30717	13.45
2285	30430	13.32
2286	30970	13.55
2287	30319	13.26
2288	31381	13.72
2289	31048	13.56
2290	30483	13.31
2291	32844	14.34
2292	31637	13.80
2293	30402	13.26
2294	30665	13.37
2295	30423	13.26
2296	30443	13.26
2297	31472	13.70
2298	30790	13.40
2299	31280	13.61
2300	31481	13.69
2301	31677	13.77
2302	30963	13.45
2303	30865	13.40
2304	30524	13.25
2305	30535	13.25
2306	30587	13.26
2307	30574	13.25
2308	31538	13.66
2309	30598	13.25
2310	30640	13.26
2311	30631	13.25
2312	31092	13.45
2313	30686	13.27
2314	30733	13.28
2315	30754	13.28
2316	31583	13.64
2317	33406	14.42
2318	32525	14.03
2319	35104	15.14
2320	32359	13.95
2321	30759	13.25
2322	31171	13.42
2323	32016	13.78
2324	30966	13.32
2325	30804	13.25
2326	31248	13.43
2327	30866	13.26
2328	30877	13.26
2329	40084	17.21
2330	32334	13.88
2331	30857	13.24
2332	30901	13.25
2333	30955	13.27
2334	31891	13.66
2335	31408	13.45
2336	30978	13.26
2337	32888	14.07
2338	31078	13.29
2339	31787	13.59
2340	32136	13.73
2341	31025	13.25
2342	31024	13.25
2343	31052	13.25
2344	31076	13.26
2345	31832	13.57
2346	31110	13.26
2347	31496	13.42
2348	31512	13.42
2349	31764	13.52
2350	33691	14.34
2351	31319	13.32
2352	34490	14.66
2353	31221	13.27
2354	31229	13.27
2355	31188	13.24
2356	34100	14.47
2357	31284	13.27
2358	32572	13.81
2359	31608	13.40
2360	31575	13.38
2361	31627	13.40
2362	33116	14.02
2363	41979	17.77
2364	56656	23.97
2365	45304	19.16
2366	46630	19.71
2367	41371	17.48
2368	36477	15.40
2369	36462	15.39
2370	36510	15.41
2371	38003	16.03
2372	31447	13.26
2373	31460	13.26
2374	31710	13.36
2375	31459	13.25
2376	33452	14.08
2377	31504	13.25
2378	31515	13.25
2379	31528	13.25
2380	32775	13.77
2381	31569	13.26
2382	34492	14.48
2383	33032	13.86
2384	31607	13.26
2385	32229	13.51
2386	31637	13.26
2387	31638	13.25
2388	32648	13.67
2389	31981	13.39
2390	32014	13.39
2391	40019	16.74
2392	32192	13.46
2393	32156	13.44
2394	31737	13.26
2395	31747	13.26
2396	33013	13.78
2397	35296	14.73
2398	32186	13.42
2399	38018	15.85
2400	33537	13.97
2401	32522	13.55
2402	31835	13.25
2403	31844	13.25
2404	31841	13.25
2405	33332	13.86
2406	31918	13.27
2407	32061	13.32
2408	31919	13.26
2409	39313	16.32
2410	33709	13.99
2411	32585	13.52
2412	31974	13.26
2413	31969	13.25
2414	32178	13.33
2415	34884	14.44
2416	32033	13.26
2417	33378	13.81
2418	40501	16.75
2419	34874	14.42
2420	33664	13.91
2421	32097	13.26
2422	32085	13.25
2423	32123	13.26
2424	32111	13.25
2425	33082	13.64
2426	34831	14.36
2427	34552	14.24
2428	39439	16.24
2429	32195	13.25
2430	32195	13.25
2431	37581	15.46
2432	32238	13.26
2433	32399	13.32
2434	32249	13.25
2435	32293	13.26
2436	32266	13.25
2437	33331	13.68
2438	32295	13.25
2439	32321	13.25
2440	32893	13.48
2441	33033	13.53
2442	32480	13.30
2443	32385	13.26
2444	32393	13.25
2445	32530	13.30
2446	32406	13.25
2447	36045	14.73
2448	32805	13.40
2449	32825	13.40
2450	32812	13.39
2451	32832	13.40
2452	32844	13.39
2453	34494	14.06
2454	33224	13.54
2455	39693	16.17
2456	32903	13.40
2457	32972	13.42
2458	32794	13.34
2459	32612	13.26
2460	32581	13.24
2461	33318	13.54
2462	32967	13.39
2463	35227	14.30
2464	35269	14.31
2465	33026	13.40
2466	32712	13.27
2467	32698	13.25
2468	32671	13.24
2469	33070	13.39
2470	33068	13.39
2471	33078	13.39
2472	34985	14.15
2473	34377	13.90
2474	34662	14.01
2475	32844	13.27
2476	32869	13.28
2477	32879	13.27
2478	32911	13.28
2479	32827	13.24
2480	34818	14.04
2481	32891	13.26
2482	33524	13.51
2483	33275	13.40
2484	33272	13.39
2485	34909	14.05
2486	32996	13.27
2487	33063	13.29
2488	33656	13.53
2489	34068	13.69
2490	32973	13.24
2491	33409	13.41
2492	33788	13.56
2493	33050	13.26
2494	33016	13.24
2495	36939	14.81
2496	33761	13.53
2497	33402	13.38
2498	33431	13.38
2499	34731	13.90
2500	38615	15.45
2501	33067	13.22
2502	33100	13.23
2503	33403	13.35
2504	33134	13.23
2505	33149	13.23
2506	34344	13.70
2507	33221	13.25
2508	33278	13.27
2509	33655	13.41
2510	33340	13.28
2511	33312	13.27
2512	35446	14.11
2513	33367	13.28
2514	33327	13.26
2515	34099	13.56
2516	36719	14.59
2517	35633	14.16
2518	35579	14.13
2519	33549	13.32
2520	33393	13.25
2521	33379	13.24
2522	33460	13.27
2523	34971	13.86
2524	33596	13.31
2525	51038	20.21
2526	37308	14.77
2527	33583	13.29
2528	33538	13.27
2529	35445	14.02
2530	33597	13.28
2531	33557	13.26
2532	33594	13.27
2533	39164	15.46
2534	34278	13.53
2535	34112	13.46
2536	34362	13.55
2537	33660	13.27
2538	33607	13.24
2539	33635	13.25
2540	35423	13.95
2541	33709	13.27
2542	34053	13.40
2543	34047	13.39
2544	34050	13.38
2545	34464	13.54
2546	33757	13.26
2547	34461	13.53
2548	33787	13.26
2549	35215	13.82
2550	34160	13.40
2551	34158	13.39
2552	34176	13.39
2553	34167	13.38
2554	34061	13.34
2555	33886	13.26
2556	33873	13.25
2557	33936	13.27
2558	33884	13.25
2559	35815	14.00
2560	33921	13.25
2561	34537	13.49
2562	33961	13.26
2563	34104	13.31
2564	35541	13.86
2565	34029	13.27
2566	34017	13.26
2567	34041	13.26
2568	36126	14.07
2569	34581	13.46
2570	34728	13.51
2571	34916	13.58
2572	34217	13.30
2573	36600	14.22
2574	34400	13.36
2575	34541	13.41
2576	38286	14.86
2577	34834	13.52
2578	34298	13.30
2579	34179	13.25
2580	34159	13.24
2581	35628	13.80
2582	34213	13.25
2583	34313	13.28
2584	34784	13.46
2585	34534	13.36
2586	35092	13.57
2587	34646	13.39
2588	34664	13.39
2589	37069	14.32
2590	34694	13.40
2591	34558	13.34
2592	34357	13.26
2593	34406	13.27
2594	34389	13.26
2595	36810	14.18
2596	34863	13.43
2597	35350	13.61
2598	38086	14.66
2599	34844	13.41
2600	35398	13.61
2601	34593	13.30
2602	39636	15.23
2603	34943	13.42
2604	34839	13.38
2605	37544	14.41
2606	34555	13.26
2607	34581	13.26
2608	34574	13.26
2609	34763	13.32
2610	38803	14.87
2611	37268	14.27
2612	36083	13.81
2613	34621	13.25
2614	34646	13.25
2615	34667	13.26
2616	36291	13.87
2617	35480	13.56
2618	44106	16.85
2619	35865	13.69
2620	35115	13.40
2621	35118	13.40
2622	35269	13.45
2623	34766	13.25
2624	34809	13.27
2625	34761	13.24
2626	34802	13.25
2627	35140	13.38
2628	45964	17.49
2629	34877	13.27
2630	34859	13.25
2631	34886	13.26
2632	34992	13.29
2633	34900	13.25
2634	34894	13.25
2635	39446	14.97
2636	34984	13.27
2637	35610	13.50
2638	35000	13.27
2639	35184	13.33
2640	35121	13.30
2641	35035	13.27
2642	35166	13.31
2643	35082	13.27
2644	37465	14.17
2645	36680	13.87
2646	35462	13.40
2647	36386	13.75
2648	35776	13.51
2649	35131	13.26
2650	37643	14.20
2651	35848	13.52
2652	36771	13.87
2653	50777	19.14
2654	42790	16.12
2655	40930	15.42
2656	44679	16.82
2657	40978	15.42
2658	41021	15.43
2659	42383	15.94
2660	40920	15.38
2661	40964	15.39
2662	43875	16.48
2663	37962	14.26
2664	35310	13.25
2665	35305	13.25
2666	35371	13.27
2667	37159	13.93
2668	36475	13.67
2669	35759	13.40
2670	37256	13.95
2671	36511	13.67
2672	35544	13.30
2673	35436	13.26
2674	35440	13.25
2675	35441	13.25
2676	35458	13.25
2677	41062	15.34
2678	35485	13.25
2679	35505	13.25
2680	35485	13.24
2681	35910	13.39
2682	35670	13.30
2683	37009	13.79
2684	37681	14.04
2685	36488	13.59
2686	36225	13.49
2687	36697	13.66
2688	35643	13.26
2689	35644	13.26
2690	35644	13.25
2691	35667	13.25
2692	35774	13.29
2693	37267	13.84
2694	36401	13.51
2695	36143	13.41
2696	36454	13.52
2697	35777	13.27
2698	36160	13.40
2699	36173	13.40
2700	37599	13.93
2701	35808	13.26
2702	36070	13.35
2703	36767	13.60
2704	35844	13.26
2705	35855	13.26
2706	36688	13.56
2707	35905	13.26
2708	38845	14.34
2709	35923	13.26
2710	35924	13.26
2711	36134	13.33
2712	35965	13.26
2713	35979	13.26
2714	35981	13.26
2715	35999	13.26
2716	38607	14.21
2717	41482	15.27
2718	37654	13.85
2719	36202	13.31
2720	36036	13.25
2721	36209	13.31
2722	41265	15.16
2723	37148	13.64
2724	43066	15.81
2725	40152	14.73
2726	36862	13.52
2727	36292	13.31
2728	36168	13.26
2729	43102	15.79
2730	36589	13.40
2731	36676	13.43
2732	36204	13.25
2733	36952	13.52
2734	37691	13.79
2735	36629	13.39
2736	36293	13.26
2737	38329	14.00
2738	36294	13.26
2739	36532	13.34
2740	37799	13.80
2741	37075	13.53
2742	37009	13.50
2743	36747	13.40
2744	36778	13.40
2745	38419	14.00
2746	37047	13.49
2747	36749	13.38
2748	36409	13.25
2749	37150	13.51
2750	37657	13.69
2751	37038	13.46
2752	36502	13.26
2753	36534	13.27
2754	36532	13.27
2755	36881	13.39
2756	36938	13.40
2757	36580	13.27
2758	36591	13.27
2759	36611	13.27
2760	40597	14.71
2761	36649	13.27
2762	36638	13.27
2763	36648	13.26
2764	36660	13.26
2765	40556	14.67
2766	38548	13.94
2767	36698	13.26
2768	36706	13.26
2769	36691	13.25
2770	36733	13.26
2771	39836	14.38
2772	36868	13.30
2773	42573	15.35
2774	37277	13.44
2775	42050	15.15
2776	36891	13.29
2777	36918	13.29
2778	36838	13.26
2779	36854	13.26
2780	38645	13.90
2781	36873	13.26
2782	36961	13.29
2783	36908	13.26
2784	37814	13.58
2785	38391	13.78
2786	36961	13.27
2787	36948	13.26
2788	40490	14.52
2789	37046	13.28
2790	40889	14.66
2791	37072	13.28
2792	37952	13.59
2793	37056	13.27
2794	41909	15.00
2795	37486	13.41
2796	42982	15.37
2797	38647	13.82
2798	37772	13.50
2799	38415	13.72
2800	37692	13.46
2801	37258	13.30
2802	38239	13.65
2803	37557	13.40
2804	37417	13.34
2805	37517	13.38
2806	37268	13.28
2807	37211	13.26
2808	37769	13.45
2809	37624	13.39
2810	37628	13.39
2811	37861	13.47
2812	38514	13.70
2813	37367	13.28
2814	37300	13.26
2815	38495	13.67
2816	42691	15.16
2817	38501	13.67
2818	37342	13.25
2819	41758	14.81
2820	49699	17.62
2821	42303	15.00
2822	37451	13.27
2823	37435	13.26
2824	37434	13.26
2825	39011	13.81
2826	37478	13.26
2827	40414	14.30
2828	38345	13.56
2829	37979	13.42
2830	38593	13.64
2831	38590	13.63
2832	37555	13.26
2833	37561	13.26
2834	37592	13.26
2835	37594	13.26
2836	41146	14.51
2837	38120	13.44
2838	38252	13.48
2839	38303	13.49
2840	37744	13.29
2841	39209	13.80
2842	39736	13.98
2843	39844	14.01
2844	37937	13.34
2845	38943	13.69
2846	38142	13.40
2847	38634	13.57
2848	39184	13.76
2849	38221	13.42
2850	37785	13.26
2851	37777	13.25
2852	40693	14.27
2853	37792	13.25
2854	37878	13.27
2855	37853	13.26
2856	37888	13.27
2857	39412	13.79
2858	39901	13.96
2859	39547	13.83
2860	38241	13.37
2861	38375	13.41
2862	38256	13.37
2863	43997	15.37
2864	39714	13.87
2865	41443	14.47
2866	38000	13.26
2867	38644	13.48
2868	38537	13.44
2869	38030	13.26
2870	38558	13.43
2871	38101	13.27
2872	38453	13.39
2873	38063	13.25
2874	38097	13.26
2875	38118	13.26
2876	38109	13.25
2877	42530	14.78
2878	39128	13.60
2879	39254	13.63
2880	38157	13.25
2881	41659	14.46
2882	38532	13.37
2883	38638	13.40
2884	38673	13.41
2885	38667	13.40
2886	39230	13.59
2887	38778	13.43
2888	38257	13.25
2889	38707	13.40
2890	40777	14.11
2891	40802	14.11
2892	38753	13.40
2893	41606	14.38
2894	38504	13.30
2895	38949	13.45
2896	39405	13.61
2897	46491	16.05
2898	38417	13.26
2899	38720	13.36
2900	39718	13.70
2901	38454	13.26
2902	38447	13.25
2903	38441	13.24
2904	40152	13.83
2905	38906	13.39
2906	39032	13.43
2907	38937	13.39
2908	38962	13.40
2909	39092	13.44
2910	38610	13.27
2911	38710	13.30
2912	38642	13.27
2913	41163	14.13
2914	38605	13.25
2915	39234	13.46
2916	42130	14.45
2917	39244	13.45
2918	40160	13.76
2919	47652	16.32
2920	40447	13.85
2921	39469	13.51
2922	38757	13.26
2923	38759	13.26
2924	38764	13.26
2925	39164	13.39
2926	38794	13.26
2927	38775	13.25
2928	38986	13.31
2929	38936	13.29
2930	38844	13.26
2931	39103	13.34
2932	40283	13.74
2933	39417	13.44
2934	42850	14.60
2935	40222	13.70
2936	39331	13.40
2937	41317	14.07
2938	39028	13.28
2939	38961	13.26
2940	39406	13.40
2941	39489	13.43
2942	39168	13.31
2943	39018	13.26
2944	39048	13.26
2945	39047	13.26
2946	39524	13.42
2947	39098	13.27
2948	39155	13.28
2949	39360	13.35
2950	39140	13.27
2951	39280	13.31
2952	39173	13.27
2953	39160	13.26
2954	39181	13.26
2955	39220	13.27
2956	39200	13.26
2957	39621	13.40
2958	39304	13.29
2959	39982	13.51
2960	39208	13.25
2961	40756	13.76
2962	39287	13.26
2963	39280	13.26
2964	40943	13.81
2965	43716	14.74
2966	39727	13.39
2967	39743	13.40
2968	40429	13.62
2969	42868	14.44
2970	39389	13.26
2971	39957	13.45
2972	39389	13.25
2973	44051	14.82
2974	39417	13.25
2975	39437	13.26
2976	40013	13.45
2977	39910	13.41
2978	39926	13.41
2979	40574	13.62
2980	40411	13.56
2981	39554	13.27
2982	39567	13.27
2983	40329	13.52
2984	41031	13.75
2985	39944	13.38
2986	43281	14.49
2987	39623	13.27
2988	39634	13.26
2989	39630	13.26
2990	42144	14.09
2991	39860	13.33
2992	39755	13.29
2993	40318	13.47
2994	43642	14.58
2995	40916	13.66
2996	40878	13.64
2997	39844	13.29
2998	41203	13.74
2999	40826	13.61
3000	40493	13.50
3001	40320	13.44
3002	39798	13.26
3003	39914	13.29
3004	45853	15.26
3005	39858	13.26
3006	40355	13.42
3007	39899	13.27
3008	41590	13.83
3009	39975	13.29
3010	39965	13.28
3011	40056	13.30
3012	43696	14.51
3013	39952	13.26
3014	41214	13.67
3015	46066	15.28
3016	41075	13.62
3017	40036	13.27
3018	40020	13.26
3019	40061	13.27
3020	40397	13.38
3021	40056	13.26
3022	47157	15.60
3023	47536	15.72
3024	43847	14.50
3025	40076	13.25
3026	41815	13.82
3027	40350	13.33
3028	40632	13.42
3029	41595	13.73
3030	43885	14.48
3031	41623	13.73
3032	40662	13.41
3033	40638	13.40
3034	40653	13.40
3035	40590	13.37
3036	40281	13.27
3037	40596	13.37
3038	43346	14.27
3039	40314	13.27
3040	40266	13.25
3041	40335	13.26
3042	40332	13.26
3043	40413	13.28
3044	43721	14.36
3045	40804	13.40
3046	40819	13.40
3047	40542	13.31
3048	40411	13.26
3049	43054	14.12
3050	43819	14.37
3051	40815	13.38
3052	41133	13.48
3053	41701	13.66
3054	40517	13.27
3055	40968	13.41
3056	41965	13.73
3057	40637	13.29
3058	40655	13.29
3059	40550	13.26
3060	40613	13.27
3061	40609	13.27
3062	46750	15.27
3063	40607	13.26
3064	42301	13.81
3065	40681	13.27
3066	44584	14.54
3067	41592	13.56
3068	40693	13.26
3069	40722	13.27
3070	42142	13.73
3071	41181	13.41
3072	40715	13.25
3073	41405	13.47
3074	40847	13.29
3075	40862	13.29
3076	40912	13.30
3077	43689	14.20
3078	40845	13.27
3079	40865	13.27
3080	48321	15.69
3081	43053	13.97
3082	41610	13.50
3083	40900	13.27
3084	40880	13.26
3085	42584	13.80
3086	40937	13.27
3087	40918	13.25
3088	40958	13.26
3089	42265	13.68
3090	41403	13.40
3091	41434	13.40
3092	41729	13.50
3093	41313	13.36
3094	42373	13.70
3095	42139	13.62
3096	41034	13.25
3097	41072	13.26
3098	41225	13.31
3099	41094	13.26
3100	42062	13.57
3101	41783	13.47
3102	47268	15.24
3103	42488	13.69
3104	41514	13.37
3105	41622	13.40
3106	42414	13.66
3107	42633	13.72
3108	41605	13.39
3109	56876	18.29
3110	44387	14.27
3111	43682	14.04
3112	41274	13.26
3113	41863	13.45
3114	55981	17.98
3115	45403	14.58
3116	53844	17.28
3117	41342	13.26
3118	41354	13.26
3119	41592	13.34
3120	41347	13.25
3121	41588	13.33
3122	41956	13.44
3123	42404	13.58
3124	43326	13.87
3125	44079	14.11
3126	48160	15.41
3127	48178	15.41
3128	50895	16.27
3129	43074	13.77
3130	43683	13.96
3131	41940	13.40
3132	41550	13.27
3133	41567	13.27
3134	43020	13.73
3135	41693	13.30
3136	41950	13.38
3137	43006	13.71
3138	42071	13.41
3139	42068	13.40
3140	41841	13.33
3141	42108	13.41
3142	42140	13.41
3143	42832	13.63
3144	41710	13.27
3145	44575	14.17
3146	42387	13.47
3147	42161	13.40
3148	41796	13.28
3149	41776	13.27
3150	41803	13.27
3151	41769	13.26
3152	44228	14.03
3153	41819	13.26
3154	41801	13.25
3155	41945	13.29
3156	42909	13.60
3157	42354	13.42
3158	48444	15.34
3159	45416	14.38
3160	41879	13.25
3161	41937	13.27
3162	43451	13.74
3163	41956	13.26
3164	42216	13.34
3165	45933	14.51
3166	42814	13.52
3167	42128	13.30
3168	42287	13.35
3169	43526	13.73
3170	42114	13.29
3171	43247	13.64
3172	43517	13.72
3173	42148	13.28
3174	42272	13.32
3175	42665	13.44
3176	45459	14.31
3177	49942	15.72
3178	49157	15.47
3179	42979	13.52
3180	42133	13.25
3181	42560	13.38
3182	42221	13.27
3183	42387	13.32
3184	42810	13.45
3185	42694	13.40
3186	43063	13.52
3187	42781	13.42
3188	42771	13.42
3189	45288	14.20
3190	42323	13.27
3191	44665	14.00
3192	43197	13.53
3193	44695	14.00
3194	42351	13.26
3195	42368	13.26
3196	42375	13.26
3197	44708	13.98
3198	42854	13.40
3199	43547	13.61
3200	45444	14.20
3201	42794	13.37
3202	45987	14.36
3203	43525	13.59
3204	42948	13.40
3205	44662	13.94
3206	43228	13.48
3207	43014	13.41
3208	42547	13.26
3209	42562	13.26
3210	43989	13.70
3211	42580	13.26
3212	42599	13.26
3213	42624	13.27
3214	57546	17.90
3215	43104	13.41
3216	43086	13.40
3217	43121	13.40
3218	42950	13.35
3219	49392	15.34
3220	58381	18.13
3221	43759	13.59
3222	42705	13.25
3223	42718	13.25
3224	43052	13.35
3225	42759	13.26
3226	42869	13.29
3227	46018	14.26
3228	43299	13.41
3229	43307	13.41
3230	43231	13.38
3231	42970	13.30
3232	42829	13.25
3233	45306	14.01
3234	43589	13.48
3235	42911	13.26
3236	43884	13.56
3237	44510	13.75
3238	45553	14.07
3239	43528	13.44
3240	44872	13.85
3241	44873	13.85
3242	43008	13.27
3243	42985	13.25
3244	44448	13.70
3245	43462	13.39
3246	48304	14.88
3247	47015	14.48
3248	43775	13.48
3249	43105	13.27
3250	45613	14.03
3251	46351	14.26
3252	43226	13.29
3253	44209	13.59
3254	43990	13.52
3255	43502	13.36
3256	43164	13.26
3257	43207	13.27
3258	44741	13.73
3259	44744	13.73
3260	43204	13.25
3261	43764	13.42
3262	43694	13.39
3263	44317	13.58
3264	43287	13.26
3265	43314	13.27
3266	43342	13.27
3267	43407	13.29
3268	44686	13.67
3269	43814	13.40
3270	44258	13.53
3271	43360	13.26
3272	43498	13.29
3273	43379	13.25
3274	43380	13.25
3275	46560	14.22
3276	43612	13.31
3277	43456	13.26
3278	43550	13.29
3279	43666	13.32
3280	45332	13.82
3281	45586	13.89
3282	45005	13.71
3283	44372	13.52
3284	43871	13.36
3285	45016	13.70
3286	43539	13.25
3287	48685	14.81
3288	48203	14.66
3289	43604	13.26
3290	43666	13.27
3291	43619	13.25
3292	43654	13.26
3293	47534	14.43
3294	46512	14.12
3295	44246	13.43
3296	43670	13.25
3297	44297	13.44
3298	43739	13.26
3299	47578	14.42
3300	45065	13.66
3301	44964	13.62
3302	44269	13.41
3303	44235	13.39
3304	45242	13.69
3305	44708	13.53
3306	44629	13.50
3307	47055	14.23
3308	44899	13.57
3309	43797	13.24
3310	46154	13.94
3311	45032	13.60
3312	43865	13.24
3313	44044	13.29
3314	49051	14.80
3315	44318	13.37
3316	44052	13.28
3317	49260	14.85
3318	44010	13.26
3319	44395	13.38
3320	47967	14.45
3321	52782	15.89
3322	44565	13.42
3323	46535	14.00
3324	44021	13.24
3325	44022	13.24
3326	46812	14.07
3327	44455	13.36
3328	44235	13.29
3329	44183	13.27
3330	45671	13.72
3331	44179	13.26
3332	44189	13.26
3333	44196	13.26
3334	45212	13.56
3335	48819	14.64
3336	44293	13.28
3337	45206	13.55
3338	46173	13.83
3339	44455	13.31
3340	49178	14.72
3341	44710	13.38
3342	45168	13.52
3343	44303	13.25
3344	46969	14.05
3345	44390	13.27
3346	44664	13.35
3347	44477	13.29
3348	45269	13.52
3349	44379	13.25
3350	45321	13.53
3351	44684	13.33
3352	44382	13.24
3353	44461	13.26
3354	45133	13.46
3355	44492	13.26
3356	44488	13.26
3357	44570	13.28
3358	44598	13.28
3359	46553	13.86
3360	44522	13.25
3361	45619	13.57
3362	44795	13.32
3363	44551	13.25
3364	45129	13.42
3365	44573	13.25
3366	60350	17.93
3367	45421	13.49
3368	50800	15.08
3369	45159	13.40
3370	46787	13.88
3371	48709	14.45
3372	47345	14.04
3373	45047	13.36
3374	45523	13.49
3375	45223	13.40
3376	45250	13.40
3377	44779	13.26
3378	44813	13.27
3379	45220	13.38
3380	48300	14.29
3381	44867	13.27
3382	48839	14.44
3383	44832	13.25
3384	45972	13.59
3385	47196	13.94
3386	47054	13.90
3387	45476	13.43
3388	45509	13.43
3389	45420	13.40
3390	46511	13.72
3391	44963	13.26
3392	45071	13.29
3393	45648	13.45
3394	46825	13.80
3395	45053	13.27
3396	45026	13.26
3397	45025	13.25
3398	46346	13.64
3399	45137	13.28
3400	45511	13.39
3401	45100	13.26
3402	45194	13.28
3403	45150	13.27
3404	45318	13.31
3405	47292	13.89
3406	46835	13.75
3407	48291	14.17
3408	45287	13.29
3409	45183	13.25
3410	45172	13.25
3411	46663	13.68
3412	45561	13.35
3413	62593	18.34
3414	47890	14.03
3415	45271	13.26
3416	45334	13.27
3417	45320	13.26
3418	47749	13.97
3419	54366	15.90
3420	59001	17.25
3421	45423	13.28
3422	45418	13.27
3423	45394	13.26
3424	46994	13.72
3425	48432	14.14
3426	46014	13.43
3427	45956	13.41
3428	45766	13.35
3429	50271	14.66
3430	45947	13.40
3431	45973	13.40
3432	48092	14.01
3433	45570	13.27
3434	45801	13.34
3435	45527	13.25
3436	47916	13.95
3437	46250	13.46
3438	46421	13.50
3439	46043	13.39
3440	48390	14.07
3441	46252	13.44
3442	45662	13.27
3443	48807	14.18
3444	45659	13.26
3445	49758	14.44
3446	47016	13.64
3447	46015	13.35
3448	45713	13.26
3449	47173	13.68
3450	48053	13.93
3451	47171	13.67
3452	45763	13.26
3453	45762	13.25
3454	45805	13.26
3455	46170	13.36
3456	45843	13.26
3457	45990	13.30
3458	46805	13.54
3459	46130	13.34
3460	45850	13.25
3461	46086	13.32
3462	45925	13.27
3463	58309	16.84
3464	45971	13.27
3465	51018	14.72
3466	46153	13.32
3467	46108	13.30
3468	46095	13.29
3469	46008	13.26
3470	50193	14.46
3471	46526	13.40
3472	46696	13.45
3473	46718	13.45
3474	46736	13.45
3475	46618	13.42
3476	46479	13.37
3477	46225	13.29
3478	46144	13.27
3479	46331	13.32
3480	46095	13.25
3481	46280	13.30
3482	46228	13.28
3483	46494	13.35
3484	46214	13.26
3485	46777	13.42
3486	47965	13.76
3487	46242	13.26
3488	46264	13.26
3489	48285	13.84
3490	46562	13.34
3491	46299	13.26
3492	46289	13.26
3493	47761	13.67
3494	46328	13.26
3495	49012	14.02
3496	46360	13.26
3497	50874	14.55
3498	46378	13.26
3499	46399	13.26
3500	48071	13.73
3501	46491	13.28
3502	50486	14.42
3503	47260	13.49
3504	46688	13.32
3505	46506	13.27
3506	46494	13.26
3507	47823	13.64
3508	47622	13.58
3509	54984	15.67
3510	46573	13.27
3511	46568	13.26
3512	47220	13.45
3513	51754	14.73
3514	51836	14.75
3515	51329	14.60
3516	47924	13.63
3517	47805	13.59
3518	46831	13.31
3519	49065	13.94
3520	47283	13.43
3521	47973	13.62
3522	47213	13.41
3523	47179	13.39
3524	46764	13.27
3525	46757	13.26
3526	47016	13.33
3527	47210	13.39
3528	46777	13.26
3529	46990	13.32
3530	46886	13.28
3531	49848	14.12
3532	46840	13.26
3533	49823	14.10
3534	46998	13.30
3535	47085	13.32
3536	47229	13.36
3537	46897	13.26
3538	46947	13.27
3539	48138	13.60
3540	47475	13.41
3541	47478	13.41
3542	49486	13.97
3543	46968	13.26
3544	46998	13.26
3545	47106	13.29
3546	50013	14.10
3547	47021	13.26
3548	49017	13.82
3549	47234	13.31
3550	49009	13.81
3551	47093	13.26
3552	47121	13.27
3553	47138	13.27
3554	48348	13.60
3555	47652	13.40
3556	47691	13.41
3557	47699	13.41
3558	47867	13.45
3559	47360	13.31
3560	47475	13.34
3561	47228	13.26
3562	47248	13.26
3563	47268	13.27
3564	47311	13.27
3565	49161	13.79
3566	47666	13.37
3567	47307	13.26
3568	50211	14.07
3569	48787	13.67
3570	47339	13.26
3571	52201	14.62
3572	47662	13.34
3573	47372	13.26
3574	48597	13.60
3575	49538	13.86
3576	50933	14.24
3577	50659	14.16
3578	48046	13.43
3579	47893	13.38
3580	47905	13.38
3581	50849	14.20
3582	48037	13.41
3583	54387	15.18
3584	48106	13.42
3585	48061	13.41
3586	49164	13.71
3587	51217	14.28
3588	48339	13.47
3589	49862	13.89
3590	48173	13.42
3591	48329	13.46
3592	47945	13.35
3593	49341	13.73
3594	47745	13.28
3595	47665	13.26
3596	52223	14.52
3597	49804	13.85
3598	48396	13.45
3599	48206	13.39
3600	47881	13.30
3601	47879	13.30
3602	52198	14.49
3603	48343	13.42
3604	47930	13.30
3605	47837	13.27
3606	49619	13.76
3607	47861	13.27
3608	48802	13.53
3609	51382	14.24
3610	47976	13.29
3611	47927	13.27
3612	52195	14.45
3613	53657	14.85
3614	48451	13.41
3615	48607	13.45
3616	49781	13.77
3617	47997	13.27
3618	47988	13.26
3619	60313	16.67
3620	57533	15.89
3621	51050	14.10
3622	48042	13.26
3623	49097	13.55
3624	48593	13.41
3625	56179	15.50
3626	50676	13.98
3627	48191	13.29
3628	48151	13.27
3629	50876	14.02
3630	54189	14.93
3631	48163	13.26
3632	49391	13.60
3633	48655	13.39
3634	48859	13.44
3635	48236	13.27
3636	48269	13.28
3637	49200	13.53
3638	48936	13.45
3639	48915	13.44
3640	48266	13.26
3641	48835	13.41
3642	50094	13.75
3643	51336	14.09
3644	49551	13.60
3645	48740	13.37
3646	48351	13.26
3647	48390	13.27
3648	48340	13.25
3649	48519	13.30
3650	48411	13.26
3651	48405	13.26
3652	53200	14.57
3653	48451	13.26
3654	48446	13.26
3655	48613	13.30
3656	54384	14.88
3657	48572	13.28
3658	48614	13.29
3659	50254	13.73
3660	48539	13.26
3661	48548	13.26
3662	55788	15.23
3663	59315	16.19
3664	48637	13.27
3665	48826	13.32
3666	48920	13.34
3667	54266	14.80
3668	50554	13.78
3669	49213	13.41
3670	49275	13.43
3671	50157	13.66
3672	48790	13.29
3673	49657	13.52
3674	49253	13.41
3675	49287	13.41
3676	49278	13.41
3677	49877	13.56
3678	48766	13.26
3679	48818	13.27
3680	49310	13.40
3681	48811	13.26
3682	49837	13.54
3683	49350	13.40
3684	49150	13.34
3685	52036	14.12
3686	48862	13.26
3687	48908	13.26
3688	51474	13.96
3689	49095	13.31
3690	48957	13.27
3691	50668	13.73
3692	54888	14.87
3693	52073	14.10
3694	51170	13.85
3695	53075	14.36
3696	51521	13.94
3697	51740	14.00
3698	51032	13.80
3699	49117	13.28
3700	51121	13.82
3701	49630	13.41
3702	49931	13.49
3703	49967	13.49
3704	49138	13.27
3705	49392	13.33
3706	52173	14.08
3707	49246	13.28
3708	54975	14.83
3709	50978	13.74
3710	49321	13.29
3711	49337	13.29
3712	59854	16.12
3713	49274	13.27
3714	52134	14.04
3715	56306	15.16
3716	51139	13.76
3717	49398	13.29
3718	49321	13.27
3719	50773	13.65
3720	49842	13.40
3721	50579	13.59
3722	49869	13.40
3723	49908	13.41
3724	50378	13.53
3725	52655	14.14
3726	52135	13.99
3727	50954	13.67
3728	49444	13.26
3729	49448	13.26
3730	49967	13.40
3731	50928	13.65
3732	53319	14.29
3733	50850	13.62
3734	49625	13.29
3735	49732	13.32
3736	51133	13.69
3737	53438	14.30
3738	53183	14.23
3739	49659	13.28
3740	49764	13.31
3741	49692	13.28
3742	49679	13.28
3743	49750	13.29
3744	50119	13.39
3745	50189	13.40
3746	50647	13.52
3747	50979	13.61
3748	49721	13.27
3749	49668	13.25
3750	49558	13.22
3751	49721	13.26
3752	49741	13.26
3753	50177	13.37
3754	49904	13.29
3755	50942	13.57
3756	50378	13.41
3757	50438	13.43
3758	51345	13.66
3759	50166	13.35
3760	49875	13.26
3761	53701	14.28
3762	50808	13.51
3763	49907	13.26
3764	50142	13.32
3765	50482	13.41
3766	50063	13.29
3767	50072	13.29
3768	50130	13.30
3769	54889	14.56
3770	50016	13.27
3771	50030	13.27
3772	50233	13.32
3773	54156	14.35
3774	52086	13.80
3775	50587	13.40
3776	50528	13.38
3777	51561	13.65
3778	50227	13.29
3779	56803	15.03
3780	50120	13.26
3781	52480	13.88
3782	50173	13.27
3783	50322	13.30
3784	51837	13.70
3785	51778	13.68
3786	50217	13.26
3787	50344	13.29
3788	50275	13.27
3789	50277	13.27
3790	51215	13.51
3791	50838	13.41
3792	50860	13.41
3793	50768	13.38
3794	50825	13.40
3795	50366	13.27
3796	51010	13.44
3797	55171	14.53
3798	50945	13.41
3799	50421	13.27
3800	52800	13.89
3801	51231	13.48
3802	52178	13.72
3803	51339	13.50
3804	50481	13.27
3805	50572	13.29
3806	52115	13.69
3807	51056	13.41
3808	51118	13.42
3809	51048	13.40
3810	50742	13.32
3811	59221	15.54
3812	67681	17.75
3813	60253	15.80
3814	56817	14.90
3815	52486	13.76
3816	55910	14.65
3817	60814	15.93
3818	50848	13.32
3819	50665	13.27
3820	52112	13.64
3821	52241	13.67
3822	50668	13.26
3823	50703	13.26
3824	50780	13.28
3825	50836	13.29
3826	53550	14.00
3827	50776	13.27
3828	50855	13.29
3829	50795	13.27
3830	57346	14.97
3831	56222	14.68
3832	52156	13.61
3833	50863	13.27
3834	51275	13.37
3835	50909	13.27
3836	52519	13.69
3837	50914	13.27
3838	51592	13.44
3839	52084	13.57
3840	51088	13.30
3841	54022	14.06
3842	53613	13.95
3843	51228	13.33
3844	51028	13.27
3845	51004	13.27
3846	51000	13.26
3847	53091	13.80
3848	51064	13.27
3849	53047	13.78
3850	51055	13.26
3851	51691	13.42
3852	54828	14.23
3853	54503	14.15
3854	52087	13.52
3855	51370	13.33
3856	51190	13.28
3857	51190	13.27
3858	51203	13.27
3859	51554	13.36
3860	51160	13.25
3861	51482	13.33
3862	51806	13.41
3863	51797	13.41
3864	52109	13.49
3865	51493	13.32
3866	56027	14.49
3867	53427	13.82
3868	52329	13.53
3869	51331	13.27
3870	55128	14.24
3871	62785	16.22
3872	53925	13.93
3873	56197	14.51
3874	52013	13.43
3875	51370	13.26
3876	53687	13.85
3877	51488	13.28
3878	51621	13.31
3879	51548	13.29
3880	51497	13.27
3881	52021	13.40
3882	54576	14.06
3883	52053	13.41
3884	55230	14.22
3885	52975	13.64
3886	51593	13.28
3887	58252	14.99
3888	51921	13.35
3889	52967	13.62
3890	51584	13.26
3891	51610	13.26
3892	55225	14.19
3893	51978	13.35
3894	52194	13.40
3895	52688	13.53
3896	51839	13.31
3897	51752	13.28
3898	56039	14.38
3899	53037	13.60
3900	52482	13.46
3901	52560	13.47
3902	51977	13.32
3903	52328	13.41
3904	52285	13.39
3905	52569	13.46
3906	51909	13.29
3907	51809	13.26
3908	51804	13.26
3909	51975	13.30
3910	51966	13.29
3911	51959	13.29
3912	62890	16.08
3913	52017	13.29
3914	51893	13.26
3915	62644	16.00
3916	52372	13.37
3917	51979	13.27
3918	54779	13.98
3919	52022	13.27
3920	51968	13.26
3921	52966	13.51
3922	52565	13.40
3923	53243	13.57
3924	52716	13.43
3925	52177	13.29
3926	54979	14.00
3927	52557	13.38
3928	52297	13.31
3929	52156	13.27
3930	54528	13.87
3931	52101	13.25
3932	52352	13.31
3933	55506	14.11
3934	52157	13.26
3935	55839	14.19
3936	53509	13.59
3937	53930	13.70
3938	53327	13.54
3939	52969	13.45
3940	60036	15.24
3941	68940	17.49
3942	98959	25.10
3943	81236	20.60
3944	89279	22.64
3945	69263	17.56
3946	60059	15.22
3947	55881	14.16
3948	52487	13.29
3949	52736	13.35
3950	58084	14.70
3951	54467	13.79
3952	52882	13.38
3953	54752	13.85
3954	52526	13.28
3955	53500	13.53
3956	52584	13.29
3957	53976	13.64
3958	52616	13.29
3959	61302	15.48
3960	54102	13.66
3961	52567	13.27
3962	59186	14.94
3963	53097	13.40
3964	55285	13.95
3965	52674	13.28
3966	54315	13.70
3967	54791	13.81
3968	53504	13.48
3969	53486	13.48
3970	52703	13.28
3971	52675	13.26
3972	54091	13.62
3973	59679	15.02
3974	52776	13.28
3975	52766	13.27
3976	64039	16.11
3977	53614	13.48
3978	196657	49.44
3979	79536	19.99
3980	59808	15.03
3981	60314	15.15
3982	54682	13.73
3983	62149	15.60
3984	56195	14.11
3985	57735	14.49
3986	59151	14.84
3987	68076	17.07
3988	61083	15.32
3989	53749	13.47
3990	54817	13.74
3991	53018	13.28
3992	53774	13.47
3993	53401	13.37
3994	55075	13.79
3995	53384	13.36
3996	56759	14.20
3997	61243	15.32
3998	56337	14.09
3999	55055	13.77
4000	53312	13.33
