N	Total Time	Average CPE
1	397	397.00
2	120	60.00
3	134	44.67
4	146	36.50
5	158	31.60
6	170	28.33
7	169	24.14
8	1254	156.75
9	138	15.33
10	143	14.30
11	149	13.55
12	153	12.75
13	160	12.31
14	167	11.93
15	175	11.67
16	181	11.31
17	1681	98.88
18	453	25.17
19	452	23.79
20	452	22.60
21	459	21.86
22	464	21.09
23	468	20.35
24	478	19.92
25	483	19.32
26	490	18.85
27	497	18.41
28	503	17.96
29	511	17.62
30	516	17.20
31	523	16.87
32	530	16.56
33	692	20.97
34	680	20.00
35	783	22.37
36	682	18.94
37	688	18.59
38	694	18.26
39	713	18.28
40	706	17.65
41	716	17.46
42	720	17.14
43	731	17.00
44	734	16.68
45	740	16.44
46	747	16.24
47	770	16.38
48	771	16.06
49	773	15.78
50	783	15.66
51	786	15.41
52	795	15.29
53	818	15.43
54	828	15.33
55	835	15.18
56	840	15.00
57	853	14.96
58	866	14.93
59	867	14.69
60	868	14.47
61	879	14.41
62	1207	19.47
63	895	14.21
64	894	13.97
65	1076	16.55
66	1063	16.11
67	1073	16.01
68	1064	15.65
69	1067	15.46
70	1074	15.34
71	1078	15.18
72	1088	15.11
73	1116	15.29
74	1146	15.49
75	1105	14.73
76	1101	14.49
77	1124	14.60
78	1172	15.03
79	1255	15.89
80	1141	14.26
81	1144	14.12
82	1181	14.40
83	1757	21.17
84	1447	17.23
85	1205	14.18
86	1204	14.00
87	1210	13.91
88	1220	13.86
89	1220	13.71
90	1222	13.58
91	1233	13.55
92	1242	13.50
93	1233	13.26
94	1255	13.35
95	1262	13.28
96	1265	13.18
97	1274	13.13
98	1277	13.03
99	1289	13.02
100	1294	12.94
101	1300	12.87
102	1312	12.86
103	1312	12.74
104	1320	12.69
105	1326	12.63
106	1329	12.54
107	1506	14.07
108	1575	14.58
109	1353	12.41
110	1357	12.34
111	1368	12.32
112	1382	12.34
113	1376	12.18
114	1370	12.02
115	1385	12.04
116	1395	12.03
117	1404	12.00
118	1407	11.92
119	1415	11.89
120	1432	11.93
121	1444	11.93
122	1452	11.90
123	1468	11.93
124	1477	11.91
125	1482	11.86
126	1445	11.47
127	1474	11.61
128	1470	11.48
129	2775	21.51
130	1779	13.68
131	3782	28.87
132	2574	19.50
133	2691	20.23
134	2725	20.34
135	2627	19.46
136	2723	20.02
137	2741	20.01
138	2778	20.13
139	2923	21.03
140	2799	19.99
141	2793	19.81
142	1965	13.84
143	2000	13.99
144	2057	14.28
145	1955	13.48
146	1992	13.64
147	1988	13.52
148	1992	13.46
149	2001	13.43
150	2018	13.45
151	2026	13.42
152	4969	32.69
153	2592	16.94
154	2045	13.28
155	2062	13.30
156	2040	13.08
157	2049	13.05
158	2063	13.06
159	2056	12.93
160	2091	13.07
161	2091	12.99
162	2097	12.94
163	2089	12.82
164	2084	12.71
165	2101	12.73
166	2119	12.77
167	2119	12.69
168	2142	12.75
169	2247	13.30
170	2121	12.48
171	2124	12.42
172	2145	12.47
173	2146	12.40
174	2151	12.36
175	2158	12.33
176	2179	12.38
177	2167	12.24
178	2180	12.25
179	2180	12.18
180	2196	12.20
181	2197	12.14
182	2229	12.25
183	2236	12.22
184	2244	12.20
185	2224	12.02
186	2231	11.99
187	2355	12.59
188	2607	13.87
189	3187	16.86
190	2255	11.87
191	2257	11.82
192	2278	11.86
193	2283	11.83
194	2286	11.78
195	2293	11.76
196	2290	11.68
197	2337	11.86
198	2298	11.61
199	3086	15.51
200	3425	17.12
201	2403	11.96
202	2480	12.28
203	2594	12.78
204	2634	12.91
205	2565	12.51
206	2508	12.17
207	2529	12.22
208	2618	12.59
209	2552	12.21
210	2577	12.27
211	2540	12.04
212	2629	12.40
213	2611	12.26
214	2564	11.98
215	2565	11.93
216	2604	12.06
217	2640	12.17
218	4021	18.44
219	3017	13.78
220	2499	11.36
221	2500	11.31
222	6814	30.69
223	4947	22.18
224	3148	14.05
225	2612	11.61
226	2635	11.66
227	2662	11.73
228	2805	12.30
229	2958	12.92
230	2855	12.41
231	2806	12.15
232	2804	12.09
233	2973	12.76
234	2826	12.08
235	2823	12.01
236	2766	11.72
237	2825	11.92
238	2706	11.37
239	2705	11.32
240	2710	11.29
241	2720	11.29
242	2721	11.24
243	2734	11.25
244	2734	11.20
245	2777	11.33
246	2769	11.26
247	2759	11.17
248	2801	11.29
249	2800	11.24
250	2780	11.12
251	2794	11.13
252	2791	11.08
253	2803	11.08
254	2807	11.05
255	2824	11.07
256	4159	16.25
257	4919	19.14
258	5680	22.02
259	5599	21.62
260	6243	24.01
261	5018	19.23
262	4474	17.08
263	3154	11.99
264	3424	12.97
265	10981	41.44
266	3853	14.48
267	3229	12.09
268	3436	12.82
269	4619	17.17
270	3302	12.23
271	6466	23.86
272	3112	11.44
273	3091	11.32
274	3132	11.43
275	3718	13.52
276	3140	11.38
277	3155	11.39
278	6022	21.66
279	3234	11.59
280	3224	11.51
281	3282	11.68
282	3186	11.30
283	3982	14.07
284	3204	11.28
285	3248	11.40
286	3211	11.23
287	3228	11.25
288	3229	11.21
289	3242	11.22
290	3244	11.19
291	4364	15.00
292	3486	11.94
293	4285	14.62
294	5495	18.69
295	4687	15.89
296	3724	12.58
297	3912	13.17
298	4347	14.59
299	4222	14.12
300	4596	15.32
301	3778	12.55
302	3807	12.61
303	4005	13.22
304	3889	12.79
305	3906	12.81
306	4388	14.34
307	9730	31.69
308	4899	15.91
309	7252	23.47
310	3999	12.90
311	3361	10.81
312	3460	11.09
313	3363	10.74
314	3376	10.75
315	3384	10.74
316	3376	10.68
317	3413	10.77
318	3405	10.71
319	3423	10.73
320	3424	10.70
321	3450	10.75
322	3458	10.74
323	3471	10.75
324	3448	10.64
325	3481	10.71
326	4173	12.80
327	3488	10.67
328	3487	10.63
329	3527	10.72
330	3556	10.78
331	3523	10.64
332	3507	10.56
333	3529	10.60
334	3722	11.14
335	3541	10.57
336	3557	10.59
337	3537	10.50
338	3545	10.49
339	3969	11.71
340	3579	10.53
341	3583	10.51
342	3591	10.50
343	3606	10.51
344	3605	10.48
345	3614	10.48
346	3628	10.49
347	3635	10.48
348	3637	10.45
349	3662	10.49
350	3656	10.45
351	3667	10.45
352	3672	10.43
353	3677	10.42
354	3678	10.39
355	3694	10.41
356	3701	10.40
357	4035	11.30
358	3805	10.63
359	4343	12.10
360	3786	10.52
361	4187	11.60
362	4311	11.91
363	6224	17.15
364	3865	10.62
365	3758	10.30
366	4387	11.99
367	3780	10.30
368	3790	10.30
369	3788	10.27
370	3806	10.29
371	3805	10.26
372	3831	10.30
373	3942	10.57
374	3816	10.20
375	4032	10.75
376	4021	10.69
377	4018	10.66
378	3834	10.14
379	4027	10.63
380	3837	10.10
381	3850	10.10
382	3843	10.06
383	3869	10.10
384	3864	10.06
385	4476	11.63
386	3960	10.26
387	3930	10.16
388	3930	10.13
389	3948	10.15
390	3947	10.12
391	3959	10.13
392	3963	10.11
393	3970	10.10
394	3976	10.09
395	3988	10.10
396	3996	10.09
397	4000	10.08
398	4573	11.49
399	4536	11.37
400	5081	12.70
401	4161	10.38
402	4162	10.35
403	4179	10.37
404	4194	10.38
405	4474	11.05
406	4220	10.39
407	4224	10.38
408	4226	10.36
409	4239	10.36
410	4235	10.33
411	4255	10.35
412	4256	10.33
413	4268	10.33
414	4706	11.37
415	4081	9.83
416	4081	9.81
417	4092	9.81
418	4086	9.78
419	4104	9.79
420	4104	9.77
421	4107	9.76
422	4130	9.79
423	4128	9.76
424	4139	9.76
425	4149	9.76
426	4142	9.72
427	4157	9.74
428	4153	9.70
429	4172	9.72
430	5350	12.44
431	4205	9.76
432	5097	11.80
433	4880	11.27
434	4222	9.73
435	4242	9.75
436	4252	9.75
437	4249	9.72
438	4244	9.69
439	4263	9.71
440	4270	9.70
441	4263	9.67
442	4259	9.64
443	4289	9.68
444	4285	9.65
445	4300	9.66
446	4291	9.62
447	4661	10.43
448	4357	9.73
449	4347	9.68
450	4339	9.64
451	4338	9.62
452	4636	10.26
453	4363	9.63
454	4359	9.60
455	4394	9.66
456	4373	9.59
457	4384	9.59
458	4389	9.58
459	4396	9.58
460	4407	9.58
461	4406	9.56
462	4431	9.59
463	4422	9.55
464	4449	9.59
465	4441	9.55
466	4469	9.59
467	4456	9.54
468	4466	9.54
469	4474	9.54
470	4482	9.54
471	4485	9.52
472	5935	12.57
473	4491	9.49
474	4486	9.46
475	4492	9.46
476	4488	9.43
477	4512	9.46
478	4505	9.42
479	4508	9.41
480	4526	9.43
481	4546	9.45
482	4546	9.43
483	4559	9.44
484	5687	11.75
485	4793	9.88
486	5829	11.99
487	4738	9.73
488	4578	9.38
489	4588	9.38
490	4588	9.36
491	4615	9.40
492	4628	9.41
493	4883	9.90
494	7199	14.57
495	7190	14.53
496	6726	13.56
497	5818	11.71
498	5711	11.47
499	5125	10.27
500	6078	12.16
501	5584	11.15
502	5703	11.36
503	5330	10.60
504	5290	10.50
505	5201	10.30
506	4724	9.34
507	4733	9.34
508	4738	9.33
509	4747	9.33
510	4756	9.33
511	4764	9.32
512	4752	9.28
513	5165	10.07
514	4980	9.69
515	6614	12.84
516	4951	9.59
517	4951	9.58
518	4977	9.61
519	4967	9.57
520	4986	9.59
521	4985	9.57
522	4987	9.55
523	4998	9.56
524	5001	9.54
525	5012	9.55
526	5029	9.56
527	5029	9.54
528	5042	9.55
529	5035	9.52
530	5074	9.57
531	5079	9.56
532	5091	9.57
533	5103	9.57
534	5103	9.56
535	5108	9.55
536	5117	9.55
537	5130	9.55
538	5139	9.55
539	5139	9.53
540	5139	9.52
541	5143	9.51
542	5237	9.66
543	5434	10.01
544	5155	9.48
545	5167	9.48
546	5154	9.44
547	5180	9.47
548	5266	9.61
549	5207	9.48
550	5206	9.47
551	5211	9.46
552	5220	9.46
553	5233	9.46
554	5235	9.45
555	5912	10.65
556	8023	14.43
557	5823	10.45
558	5847	10.48
559	5852	10.47
560	5861	10.47
561	5864	10.45
562	5871	10.45
563	5850	10.39
564	5884	10.43
565	6513	11.53
566	5468	9.66
567	7509	13.24
568	7939	13.98
569	6067	10.66
570	6126	10.75
571	5547	9.71
572	5532	9.67
573	5977	10.43
574	5380	9.37
575	5380	9.36
576	6461	11.22
577	5476	9.49
578	5481	9.48
579	5475	9.46
580	5491	9.47
581	5504	9.47
582	5522	9.49
583	5518	9.46
584	5529	9.47
585	5543	9.48
586	5542	9.46
587	5534	9.43
588	5546	9.43
589	5561	9.44
590	5556	9.42
591	5578	9.44
592	5587	9.44
593	5564	9.38
594	5601	9.43
595	5688	9.56
596	5635	9.45
597	5632	9.43
598	5630	9.41
599	5636	9.41
600	6482	10.80
601	5659	9.42
602	5659	9.40
603	5670	9.40
604	5679	9.40
605	5677	9.38
606	5689	9.39
607	5698	9.39
608	5696	9.37
609	5712	9.38
610	5718	9.37
611	5725	9.37
612	5729	9.36
613	5735	9.36
614	5746	9.36
615	5754	9.36
616	5754	9.34
617	5763	9.34
618	5769	9.33
619	5782	9.34
620	6818	11.00
621	5912	9.52
622	5941	9.55
623	5938	9.53
624	5953	9.54
625	5957	9.53
626	5956	9.51
627	5980	9.54
628	5978	9.52
629	5975	9.50
630	5990	9.51
631	5993	9.50
632	5986	9.47
633	5987	9.46
634	5999	9.46
635	7072	11.14
636	8967	14.10
637	8506	13.35
638	6649	10.42
639	9870	15.45
640	7291	11.39
641	5778	9.01
642	5787	9.01
643	5801	9.02
644	5806	9.02
645	6328	9.81
646	5840	9.04
647	5869	9.07
648	5858	9.04
649	5892	9.08
650	5856	9.01
651	5903	9.07
652	5934	9.10
653	5895	9.03
654	5935	9.07
655	5927	9.05
656	5928	9.04
657	5920	9.01
658	5928	9.01
659	5929	9.00
660	5947	9.01
661	6471	9.79
662	6221	9.40
663	6238	9.41
664	6230	9.38
665	6230	9.37
666	6224	9.35
667	6244	9.36
668	6233	9.33
669	6257	9.35
670	6255	9.34
671	6260	9.33
672	6747	10.04
673	6180	9.18
674	6065	9.00
675	6108	9.05
676	6090	9.01
677	6097	9.01
678	6109	9.01
679	6675	9.83
680	6257	9.20
681	6307	9.26
682	6305	9.24
683	6312	9.24
684	6322	9.24
685	6324	9.23
686	6329	9.23
687	6344	9.23
688	6332	9.20
689	7015	10.18
690	10597	15.36
691	8393	12.15
692	6759	9.77
693	6302	9.09
694	6317	9.10
695	7383	10.62
696	6205	8.92
697	6168	8.85
698	6172	8.84
699	6175	8.83
700	7654	10.93
701	6209	8.86
702	6219	8.86
703	6213	8.84
704	6221	8.84
705	6221	8.82
706	6230	8.82
707	6247	8.84
708	6260	8.84
709	6263	8.83
710	6267	8.83
711	6270	8.82
712	6370	8.95
713	6765	9.49
714	8621	12.07
715	7405	10.36
716	6319	8.83
717	6331	8.83
718	6346	8.84
719	6351	8.83
720	6359	8.83
721	6369	8.83
722	6381	8.84
723	6391	8.84
724	6397	8.84
725	6402	8.83
726	6406	8.82
727	6400	8.80
728	6418	8.82
729	6418	8.80
730	6434	8.81
731	6550	8.96
732	6408	8.75
733	6416	8.75
734	8580	11.69
735	6476	8.81
736	6501	8.83
737	6472	8.78
738	6486	8.79
739	6483	8.77
740	6485	8.76
741	6490	8.76
742	6503	8.76
743	6844	9.21
744	6519	8.76
745	6504	8.73
746	6533	8.76
747	6531	8.74
748	6527	8.73
749	6562	8.76
750	6558	8.74
751	6567	8.74
752	6568	8.73
753	6570	8.73
754	6580	8.73
755	6577	8.71
756	6589	8.72
757	6600	8.72
758	6606	8.72
759	6615	8.72
760	6627	8.72
761	6625	8.71
762	6653	8.73
763	6642	8.71
764	6643	8.70
765	6650	8.69
766	6662	8.70
767	6674	8.70
768	6673	8.69
769	7055	9.17
770	7146	9.28
771	7951	10.31
772	6667	8.64
773	6673	8.63
774	6677	8.63
775	6690	8.63
776	6677	8.60
777	6671	8.59
778	6692	8.60
779	6698	8.60
780	6699	8.59
781	6705	8.59
782	6715	8.59
783	6714	8.57
784	6724	8.58
785	6721	8.56
786	6733	8.57
787	8695	11.05
788	7021	8.91
789	6954	8.81
790	6981	8.84
791	7003	8.85
792	7012	8.85
793	7008	8.84
794	7059	8.89
795	6813	8.57
796	6809	8.55
797	6829	8.57
798	6828	8.56
799	6822	8.54
800	7494	9.37
801	6855	8.56
802	6871	8.57
803	6886	8.58
804	6866	8.54
805	6869	8.53
806	6874	8.53
807	6876	8.52
808	6873	8.51
809	6897	8.53
810	6884	8.50
811	8973	11.06
812	7475	9.21
813	10601	13.04
814	10051	12.35
815	6990	8.58
816	8605	10.55
817	7924	9.70
818	7743	9.47
819	7637	9.32
820	7669	9.35
821	6973	8.49
822	6969	8.48
823	6984	8.49
824	6989	8.48
825	7007	8.49
826	6991	8.46
827	7765	9.39
828	6991	8.44
829	6992	8.43
830	6983	8.41
831	6966	8.38
832	6999	8.41
833	7003	8.41
834	7015	8.41
835	7009	8.39
836	8038	9.61
837	7512	8.97
838	7091	8.46
839	7097	8.46
840	7108	8.46
841	7104	8.45
842	7107	8.44
843	7120	8.45
844	7128	8.45
845	7138	8.45
846	7158	8.46
847	7156	8.45
848	7141	8.42
849	7167	8.44
850	7173	8.44
851	7168	8.42
852	7878	9.25
853	7735	9.07
854	7733	9.06
855	7740	9.05
856	7764	9.07
857	7758	9.05
858	7764	9.05
859	7769	9.04
860	7769	9.03
861	7779	9.03
862	7788	9.03
863	9045	10.48
864	7815	9.05
865	7647	8.84
866	7287	8.41
867	7299	8.42
868	7313	8.43
869	7305	8.41
870	7315	8.41
871	7315	8.40
872	7330	8.41
873	7330	8.40
874	7349	8.41
875	7331	8.38
876	7350	8.39
877	7373	8.41
878	7360	8.38
879	7371	8.39
880	7377	8.38
881	7389	8.39
882	7389	8.38
883	7405	8.39
884	7395	8.37
885	7397	8.36
886	7412	8.37
887	8327	9.39
888	7401	8.33
889	7411	8.34
890	7408	8.32
891	7414	8.32
892	7500	8.41
893	7446	8.34
894	7442	8.32
895	7444	8.32
896	7446	8.31
897	7449	8.30
898	7457	8.30
899	7465	8.30
900	8026	8.92
901	8014	8.89
902	8329	9.23
903	7696	8.52
904	7705	8.52
905	7712	8.52
906	7712	8.51
907	7716	8.51
908	8037	8.85
909	7561	8.32
910	7547	8.29
911	7558	8.30
912	7669	8.41
913	8966	9.82
914	9427	10.31
915	7890	8.62
916	8215	8.97
917	7807	8.51
918	7822	8.52
919	7860	8.55
920	7838	8.52
921	7874	8.55
922	7872	8.54
923	7874	8.53
924	7873	8.52
925	7880	8.52
926	7860	8.49
927	8036	8.67
928	7708	8.31
929	8268	8.90
930	7871	8.46
931	7915	8.50
932	7852	8.42
933	7868	8.43
934	7883	8.44
935	7890	8.44
936	7889	8.43
937	8759	9.35
938	7722	8.23
939	8500	9.05
940	7731	8.22
941	7747	8.23
942	7749	8.23
943	7734	8.20
944	7753	8.21
945	9471	10.02
946	7774	8.22
947	7791	8.23
948	8995	9.49
949	8301	8.75
950	8306	8.74
951	8316	8.74
952	8320	8.74
953	8460	8.88
954	7863	8.24
955	7873	8.24
956	7904	8.27
957	7910	8.27
958	7903	8.25
959	7922	8.26
960	7918	8.25
961	7940	8.26
962	7938	8.25
963	7936	8.24
964	7942	8.24
965	9405	9.75
966	7953	8.23
967	7975	8.25
968	7969	8.23
969	7984	8.24
970	8628	8.89
971	8166	8.41
972	8024	8.26
973	8024	8.25
974	8034	8.25
975	8038	8.24
976	8035	8.23
977	8035	8.22
978	8060	8.24
979	8056	8.23
980	8068	8.23
981	8048	8.20
982	8071	8.22
983	8090	8.23
984	8069	8.20
985	8135	8.26
986	8142	8.26
987	8116	8.22
988	8120	8.22
989	8129	8.22
990	8128	8.21
991	8126	8.20
992	8132	8.20
993	9324	9.39
994	8319	8.37
995	10664	10.72
996	13396	13.45
997	8131	8.16
998	8122	8.14
999	8116	8.12
1000	9121	9.12
1001	8645	8.64
1002	8645	8.63
1003	8673	8.65
1004	8660	8.63
1005	8684	8.64
1006	8680	8.63
1007	8696	8.64
1008	8691	8.62
1009	8714	8.64
1010	9148	9.06
1011	8716	8.62
1012	8740	8.64
1013	8748	8.64
1014	8727	8.61
1015	8752	8.62
1016	8756	8.62
1017	8499	8.36
1018	8229	8.08
1019	8223	8.07
1020	8692	8.52
1021	9120	8.93
1022	9095	8.90
1023	8309	8.12
1024	8337	8.14
1025	9027	8.81
1026	9932	9.68
1027	8629	8.40
1028	8612	8.38
1029	8621	8.38
1030	8616	8.37
1031	8610	8.35
1032	8650	8.38
1033	8652	8.38
1034	8657	8.37
1035	8655	8.36
1036	8660	8.36
1037	9469	9.13
1038	9203	8.87
1039	11948	11.50
1040	11256	10.82
1041	8980	8.63
1042	9757	9.36
1043	9764	9.36
1044	9312	8.92
1045	9316	8.91
1046	9327	8.92
1047	9325	8.91
1048	9355	8.93
1049	9358	8.92
1050	9373	8.93
1051	9368	8.91
1052	9388	8.92
1053	12014	11.41
1054	8816	8.36
1055	8847	8.39
1056	8816	8.35
1057	8856	8.38
1058	8868	8.38
1059	8871	8.38
1060	8883	8.38
1061	8854	8.34
1062	8865	8.35
1063	8867	8.34
1064	8882	8.35
1065	8906	8.36
1066	8877	8.33
1067	8902	8.34
1068	8904	8.34
1069	8910	8.33
1070	9111	8.51
1071	8945	8.35
1072	8934	8.33
1073	8960	8.35
1074	8964	8.35
1075	8941	8.32
1076	8951	8.32
1077	8969	8.33
1078	8962	8.31
1079	8976	8.32
1080	8991	8.32
1081	9042	8.36
1082	9049	8.36
1083	12143	11.21
1084	9034	8.33
1085	19478	17.95
1086	11459	10.55
1087	12324	11.34
1088	9105	8.37
1089	9118	8.37
1090	9119	8.37
1091	9128	8.37
1092	9415	8.62
1093	9182	8.40
1094	9065	8.29
1095	9082	8.29
1096	9075	8.28
1097	9101	8.30
1098	9087	8.28
1099	9116	8.29
1100	9414	8.56
1101	9118	8.28
1102	10621	9.64
1103	9207	8.35
1104	9330	8.45
1105	9213	8.34
1106	10169	9.19
1107	9227	8.34
1108	9221	8.32
1109	12618	11.38
1110	9776	8.81
1111	12493	11.24
1112	15347	13.80
1113	15578	14.00
1114	14117	12.67
1115	12316	11.05
1116	9528	8.54
1117	9548	8.55
1118	13271	11.87
1119	15445	13.80
1120	9685	8.65
1121	9326	8.32
1122	9297	8.29
1123	9819	8.74
1124	9260	8.24
1125	9822	8.73
1126	15784	14.02
1127	13424	11.91
1128	9372	8.31
1129	9427	8.35
1130	9942	8.80
1131	12027	10.63
1132	11328	10.01
1133	10687	9.43
1134	11591	10.22
1135	11959	10.54
1136	9436	8.31
1137	9937	8.74
1138	13615	11.96
1139	10199	8.95
1140	10462	9.18
1141	9949	8.72
1142	9970	8.73
1143	9985	8.74
1144	9982	8.73
1145	10005	8.74
1146	9984	8.71
1147	10704	9.33
1148	10452	9.10
1149	9936	8.65
1150	9435	8.20
1151	9428	8.19
1152	9433	8.19
1153	9450	8.20
1154	9461	8.20
1155	9555	8.27
1156	9467	8.19
1157	9465	8.18
1158	9479	8.19
1159	9481	8.18
1160	9490	8.18
1161	9498	8.18
1162	9503	8.18
1163	9513	8.18
1164	9517	8.18
1165	9507	8.16
1166	9762	8.37
1167	9543	8.18
1168	9554	8.18
1169	9559	8.18
1170	11550	9.87
1171	12252	10.46
1172	15366	13.11
1173	12149	10.36
1174	9631	8.20
1175	9637	8.20
1176	9633	8.19
1177	9650	8.20
1178	10919	9.27
1179	11469	9.73
1180	9984	8.46
1181	10500	8.89
1182	10193	8.62
1183	9786	8.27
1184	9785	8.26
1185	9795	8.27
1186	9816	8.28
1187	9826	8.28
1188	9797	8.25
1189	9841	8.28
1190	9804	8.24
1191	10117	8.49
1192	9782	8.21
1193	9788	8.20
1194	11248	9.42
1195	9812	8.21
1196	9813	8.20
1197	9817	8.20
1198	9818	8.20
1199	9840	8.21
1200	10343	8.62
1201	9844	8.20
1202	9887	8.23
1203	11327	9.42
1204	9908	8.23
1205	9884	8.20
1206	9899	8.21
1207	11517	9.54
1208	10134	8.39
1209	9868	8.16
1210	9865	8.15
1211	9868	8.15
1212	10067	8.31
1213	9897	8.16
1214	9906	8.16
1215	9919	8.16
1216	9914	8.15
1217	10005	8.22
1218	9939	8.16
1219	9954	8.17
1220	9941	8.15
1221	9962	8.16
1222	9965	8.15
1223	9977	8.16
1224	10034	8.20
1225	9984	8.15
1226	10031	8.18
1227	9999	8.15
1228	10169	8.28
1229	10013	8.15
1230	10027	8.15
1231	10046	8.16
1232	10249	8.32
1233	10085	8.18
1234	10042	8.14
1235	10063	8.15
1236	10060	8.14
1237	10058	8.13
1238	10079	8.14
1239	10081	8.14
1240	10092	8.14
1241	10084	8.13
1242	10104	8.14
1243	10096	8.12
1244	10877	8.74
1245	10061	8.08
1246	10055	8.07
1247	10075	8.08
1248	10076	8.07
1249	10113	8.10
1250	10083	8.07
1251	10062	8.04
1252	10089	8.06
1253	10180	8.12
1254	10094	8.05
1255	10099	8.05
1256	10120	8.06
1257	10122	8.05
1258	10117	8.04
1259	10121	8.04
1260	10123	8.03
1261	10136	8.04
1262	10146	8.04
1263	10222	8.09
1264	10162	8.04
1265	10174	8.04
1266	10176	8.04
1267	10168	8.03
1268	10184	8.03
1269	10199	8.04
1270	10207	8.04
1271	10206	8.03
1272	11628	9.14
1273	11278	8.86
1274	14430	11.33
1275	15042	11.80
1276	10819	8.48
1277	10320	8.08
1278	10322	8.08
1279	10400	8.13
1280	13284	10.38
1281	10965	8.56
1282	12073	9.42
1283	12192	9.50
1284	10359	8.07
1285	10360	8.06
1286	10360	8.06
1287	10362	8.05
1288	10530	8.18
1289	10420	8.08
1290	10441	8.09
1291	10424	8.07
1292	10432	8.07
1293	10444	8.08
1294	10472	8.09
1295	13836	10.68
1296	10427	8.05
1297	10451	8.06
1298	10459	8.06
1299	10459	8.05
1300	10827	8.33
1301	10473	8.05
1302	10851	8.33
1303	11870	9.11
1304	10398	7.97
1305	10410	7.98
1306	10431	7.99
1307	10425	7.98
1308	10420	7.97
1309	10438	7.97
1310	10444	7.97
1311	10437	7.96
1312	10469	7.98
1313	10450	7.96
1314	10483	7.98
1315	10474	7.97
1316	10498	7.98
1317	10483	7.96
1318	10508	7.97
1319	10518	7.97
1320	10866	8.23
1321	14174	10.73
1322	10584	8.01
1323	10709	8.09
1324	10570	7.98
1325	10558	7.97
1326	10588	7.98
1327	10579	7.97
1328	10581	7.97
1329	10910	8.21
1330	11451	8.61
1331	11253	8.45
1332	10645	7.99
1333	10656	7.99
1334	10666	8.00
1335	10670	7.99
1336	11435	8.56
1337	11823	8.84
1338	11440	8.55
1339	10721	8.01
1340	10737	8.01
1341	10738	8.01
1342	10738	8.00
1343	10788	8.03
1344	13130	9.77
1345	11649	8.66
1346	10715	7.96
1347	10703	7.95
1348	10739	7.97
1349	10789	8.00
1350	10760	7.97
1351	10793	7.99
1352	10786	7.98
1353	10780	7.97
1354	10799	7.98
1355	10799	7.97
1356	10813	7.97
1357	10810	7.97
1358	10845	7.99
1359	10850	7.98
1360	11248	8.27
1361	10891	8.00
1362	10909	8.01
1363	10938	8.02
1364	12369	9.07
1365	10937	8.01
1366	10921	7.99
1367	11783	8.62
1368	12748	9.32
1369	21268	15.54
1370	10877	7.94
1371	10871	7.93
1372	10892	7.94
1373	12439	9.06
1374	11222	8.17
1375	11277	8.20
1376	11979	8.71
1377	10938	7.94
1378	11264	8.17
1379	10913	7.91
1380	10915	7.91
1381	10936	7.92
1382	10946	7.92
1383	10942	7.91
1384	11245	8.12
1385	12138	8.76
1386	10977	7.92
1387	10920	7.87
1388	10951	7.89
1389	10989	7.91
1390	12011	8.64
1391	11119	7.99
1392	11103	7.98
1393	11102	7.97
1394	11135	7.99
1395	11666	8.36
1396	11123	7.97
1397	11227	8.04
1398	11131	7.96
1399	11133	7.96
1400	13767	9.83
1401	11097	7.92
1402	11206	7.99
1403	12059	8.60
1404	12151	8.65
1405	13013	9.26
1406	11088	7.89
1407	11075	7.87
1408	11079	7.87
1409	11099	7.88
1410	11111	7.88
1411	11113	7.88
1412	11157	7.90
1413	11154	7.89
1414	11178	7.91
1415	11141	7.87
1416	11425	8.07
1417	11158	7.87
1418	11142	7.86
1419	11153	7.86
1420	13102	9.23
1421	11255	7.92
1422	11266	7.92
1423	11256	7.91
1424	11267	7.91
1425	12202	8.56
1426	11752	8.24
1427	11754	8.24
1428	11760	8.24
1429	11771	8.24
1430	12194	8.53
1431	11252	7.86
1432	11255	7.86
1433	11251	7.85
1434	11255	7.85
1435	14120	9.84
1436	11321	7.88
1437	11294	7.86
1438	11377	7.91
1439	11279	7.84
1440	11295	7.84
1441	11303	7.84
1442	11313	7.85
1443	11327	7.85
1444	11329	7.85
1445	11323	7.84
1446	11325	7.83
1447	11402	7.88
1448	11352	7.84
1449	11357	7.84
1450	11367	7.84
1451	11370	7.84
1452	11364	7.83
1453	11378	7.83
1454	11380	7.83
1455	11360	7.81
1456	11450	7.86
1457	11358	7.80
1458	11401	7.82
1459	11411	7.82
1460	11402	7.81
1461	11767	8.05
1462	11575	7.92
1463	20412	13.95
1464	11482	7.84
1465	11516	7.86
1466	11502	7.85
1467	11527	7.86
1468	11528	7.85
1469	11536	7.85
1470	11891	8.09
1471	11532	7.84
1472	11543	7.84
1473	11525	7.82
1474	11551	7.84
1475	11549	7.83
1476	11557	7.83
1477	17687	11.97
1478	15000	10.15
1479	11721	7.92
1480	13051	8.82
1481	11610	7.84
1482	11700	7.89
1483	11606	7.83
1484	11614	7.83
1485	11638	7.84
1486	11636	7.83
1487	11641	7.83
1488	11646	7.83
1489	11657	7.83
1490	18685	12.54
1491	18142	12.17
1492	12365	8.29
1493	11922	7.99
1494	12393	8.30
1495	12197	8.16
1496	12221	8.17
1497	12233	8.17
1498	12221	8.16
1499	12221	8.15
1500	12675	8.45
1501	11717	7.81
1502	11709	7.80
1503	12114	8.06
1504	11735	7.80
1505	11738	7.80
1506	14358	9.53
1507	11825	7.85
1508	11825	7.84
1509	11822	7.83
1510	11972	7.93
1511	11813	7.82
1512	14698	9.72
1513	11839	7.82
1514	11884	7.85
1515	16663	11.00
1516	18401	12.14
1517	16349	10.78
1518	16046	10.57
1519	15503	10.21
1520	15197	10.00
1521	14133	9.29
1522	11856	7.79
1523	11826	7.76
1524	12457	8.17
1525	12151	7.97
1526	11864	7.77
1527	11881	7.78
1528	12300	8.05
1529	11937	7.81
1530	11935	7.80
1531	11947	7.80
1532	11927	7.79
1533	13713	8.95
1534	12894	8.41
1535	11998	7.82
1536	11982	7.80
1537	11984	7.80
1538	12219	7.94
1539	13475	8.76
1540	12035	7.81
1541	12474	8.09
1542	12013	7.79
1543	12180	7.89
1544	13019	8.43
1545	13747	8.90
1546	12723	8.23
1547	12107	7.83
1548	12094	7.81
1549	12097	7.81
1550	12125	7.82
1551	12115	7.81
1552	12151	7.83
1553	12142	7.82
1554	12133	7.81
1555	13118	8.44
1556	12150	7.81
1557	16713	10.73
1558	12071	7.75
1559	12054	7.73
1560	13313	8.53
1561	12636	8.09
1562	12849	8.23
1563	12632	8.08
1564	12649	8.09
1565	12639	8.08
1566	13353	8.53
1567	12177	7.77
1568	12143	7.74
1569	12155	7.75
1570	12186	7.76
1571	14655	9.33
1572	15618	9.94
1573	13256	8.43
1574	12820	8.14
1575	12722	8.08
1576	12751	8.09
1577	12724	8.07
1578	12744	8.08
1579	13204	8.36
1580	12244	7.75
1581	12268	7.76
1582	12263	7.75
1583	12260	7.74
1584	12282	7.75
1585	14404	9.09
1586	12312	7.76
1587	12919	8.14
1588	12294	7.74
1589	12286	7.73
1590	12367	7.78
1591	12287	7.72
1592	12270	7.71
1593	12306	7.73
1594	14883	9.34
1595	12319	7.72
1596	12371	7.75
1597	12353	7.74
1598	12416	7.77
1599	12379	7.74
1600	12979	8.11
1601	12454	7.78
1602	12465	7.78
1603	12503	7.80
1604	13035	8.13
1605	12591	7.84
1606	12473	7.77
1607	12487	7.77
1608	12488	7.77
1609	12489	7.76
1610	12496	7.76
1611	12507	7.76
1612	12504	7.76
1613	12516	7.76
1614	12520	7.76
1615	12522	7.75
1616	12540	7.76
1617	12526	7.75
1618	12554	7.76
1619	12559	7.76
1620	12552	7.75
1621	12569	7.75
1622	12580	7.76
1623	12565	7.74
1624	12578	7.75
1625	12603	7.76
1626	12599	7.75
1627	12589	7.74
1628	12605	7.74
1629	12633	7.76
1630	13101	8.04
1631	12610	7.73
1632	12615	7.73
1633	13001	7.96
1634	15089	9.23
1635	12601	7.71
1636	12569	7.68
1637	12603	7.70
1638	12609	7.70
1639	12627	7.70
1640	12631	7.70
1641	12635	7.70
1642	12638	7.70
1643	12633	7.69
1644	12649	7.69
1645	12754	7.75
1646	12668	7.70
1647	12676	7.70
1648	12682	7.70
1649	12705	7.70
1650	14311	8.67
1651	12739	7.72
1652	16622	10.06
1653	14156	8.56
1654	15121	9.14
1655	19074	11.53
1656	12741	7.69
1657	12770	7.71
1658	12759	7.70
1659	12747	7.68
1660	13064	7.87
1661	12794	7.70
1662	12982	7.81
1663	12797	7.70
1664	12808	7.70
1665	12813	7.70
1666	14784	8.87
1667	12864	7.72
1668	12848	7.70
1669	12871	7.71
1670	12881	7.71
1671	14334	8.58
1672	12877	7.70
1673	12904	7.71
1674	12899	7.71
1675	12915	7.71
1676	17113	10.21
1677	16159	9.64
1678	16882	10.06
1679	16795	10.00
1680	12945	7.71
1681	12941	7.70
1682	12955	7.70
1683	12971	7.71
1684	12964	7.70
1685	13007	7.72
1686	13007	7.71
1687	12991	7.70
1688	13012	7.71
1689	13556	8.03
1690	14505	8.58
1691	13029	7.70
1692	13169	7.78
1693	13434	7.94
1694	13080	7.72
1695	13051	7.70
1696	13298	7.84
1697	13088	7.71
1698	13101	7.72
1699	14393	8.47
1700	17754	10.44
1701	15438	9.08
1702	14777	8.68
1703	13037	7.66
1704	13141	7.71
1705	13242	7.77
1706	13161	7.71
1707	13167	7.71
1708	13132	7.69
1709	13170	7.71
1710	13177	7.71
1711	13185	7.71
1712	13200	7.71
1713	13212	7.71
1714	13204	7.70
1715	13212	7.70
1716	13235	7.71
1717	15172	8.84
1718	13198	7.68
1719	13214	7.69
1720	13196	7.67
1721	21231	12.34
1722	17626	10.24
1723	14307	8.30
1724	13291	7.71
1725	13777	7.99
1726	13354	7.74
1727	13194	7.64
1728	13202	7.64
1729	13222	7.65
1730	13188	7.62
1731	13188	7.62
1732	13323	7.69
1733	13239	7.64
1734	13245	7.64
1735	13249	7.64
1736	13245	7.63
1737	13257	7.63
1738	13259	7.63
1739	13283	7.64
1740	13298	7.64
1741	15565	8.94
1742	13431	7.71
1743	13325	7.64
1744	13346	7.65
1745	13351	7.65
1746	13323	7.63
1747	13348	7.64
1748	13648	7.81
1749	13393	7.66
1750	13645	7.80
1751	13256	7.57
1752	16879	9.63
1753	18873	10.77
1754	15316	8.73
1755	13409	7.64
1756	13482	7.68
1757	13331	7.59
1758	13316	7.57
1759	13344	7.59
1760	13356	7.59
1761	14260	8.10
1762	13944	7.91
1763	13938	7.91
1764	13948	7.91
1765	13955	7.91
1766	14115	7.99
1767	14020	7.93
1768	13494	7.63
1769	13497	7.63
1770	13505	7.63
1771	15323	8.65
1772	13472	7.60
1773	13682	7.72
1774	20233	11.41
1775	15006	8.45
1776	15568	8.77
1777	13559	7.63
1778	13537	7.61
1779	13558	7.62
1780	13571	7.62
1781	13570	7.62
1782	13578	7.62
1783	13583	7.62
1784	13603	7.62
1785	13607	7.62
1786	13735	7.69
1787	13629	7.63
1788	13628	7.62
1789	15445	8.63
1790	13873	7.75
1791	13661	7.63
1792	13667	7.63
1793	13688	7.63
1794	13699	7.64
1795	13693	7.63
1796	13710	7.63
1797	13704	7.63
1798	13715	7.63
1799	14619	8.13
1800	13953	7.75
1801	13749	7.63
1802	13764	7.64
1803	13758	7.63
1804	14428	8.00
1805	14458	8.01
1806	13738	7.61
1807	13723	7.59
1808	13759	7.61
1809	13755	7.60
1810	14023	7.75
1811	18244	10.07
1812	14229	7.85
1813	14246	7.86
1814	14252	7.86
1815	14258	7.86
1816	14634	8.06
1817	14279	7.86
1818	14281	7.86
1819	14440	7.94
1820	14367	7.89
1821	15940	8.75
1822	17234	9.46
1823	13766	7.55
1824	13772	7.55
1825	13751	7.53
1826	13841	7.58
1827	13752	7.53
1828	13774	7.54
1829	13777	7.53
1830	13847	7.57
1831	13777	7.52
1832	13780	7.52
1833	13880	7.57
1834	13818	7.53
1835	13829	7.54
1836	14817	8.07
1837	15208	8.28
1838	14011	7.62
1839	14010	7.62
1840	14014	7.62
1841	13997	7.60
1842	13987	7.59
1843	13985	7.59
1844	14019	7.60
1845	13990	7.58
1846	14010	7.59
1847	14319	7.75
1848	14038	7.60
1849	14059	7.60
1850	15932	8.61
1851	15429	8.34
1852	17565	9.48
1853	14472	7.81
1854	14001	7.55
1855	14000	7.55
1856	14004	7.55
1857	13982	7.53
1858	14624	7.87
1859	14525	7.81
1860	14783	7.95
1861	14581	7.84
1862	14581	7.83
1863	14577	7.82
1864	15022	8.06
1865	14210	7.62
1866	14200	7.61
1867	14226	7.62
1868	14351	7.68
1869	16119	8.62
1870	15002	8.02
1871	16150	8.63
1872	14617	7.81
1873	14532	7.76
1874	14243	7.60
1875	14249	7.60
1876	14282	7.61
1877	18547	9.88
1878	14208	7.57
1879	14228	7.57
1880	14236	7.57
1881	14231	7.57
1882	14246	7.57
1883	16021	8.51
1884	14232	7.55
1885	14233	7.55
1886	14222	7.54
1887	15708	8.32
1888	14245	7.55
1889	14253	7.55
1890	14265	7.55
1891	17104	9.04
1892	14359	7.59
1893	14355	7.58
1894	16957	8.95
1895	14507	7.66
1896	14416	7.60
1897	14420	7.60
1898	14347	7.56
1899	14419	7.59
1900	14988	7.89
1901	14768	7.77
1902	15019	7.90
1903	14765	7.76
1904	14778	7.76
1905	14804	7.77
1906	14797	7.76
1907	14825	7.77
1908	14817	7.77
1909	14898	7.80
1910	16108	8.43
1911	14506	7.59
1912	14513	7.59
1913	14456	7.56
1914	14706	7.68
1915	14584	7.62
1916	15490	8.08
1917	17947	9.36
1918	14376	7.50
1919	14384	7.50
1920	14381	7.49
1921	14381	7.49
1922	14424	7.50
1923	14407	7.49
1924	14507	7.54
1925	14425	7.49
1926	14442	7.50
1927	14451	7.50
1928	14445	7.49
1929	14553	7.54
1930	14460	7.49
1931	15920	8.24
1932	17582	9.10
1933	15712	8.13
1934	14604	7.55
1935	16382	8.47
1936	15894	8.21
1937	16504	8.52
1938	14532	7.50
1939	14540	7.50
1940	14559	7.50
1941	14554	7.50
1942	14717	7.58
1943	14534	7.48
1944	14542	7.48
1945	15600	8.02
1946	20679	10.63
1947	15667	8.05
1948	14524	7.46
1949	14573	7.48
1950	19846	10.18
1951	14678	7.52
1952	14683	7.52
1953	14685	7.52
1954	14714	7.53
1955	14814	7.58
1956	14729	7.53
1957	21893	11.19
1958	16115	8.23
1959	14911	7.61
1960	16011	8.17
1961	15184	7.74
1962	16862	8.59
1963	14742	7.51
1964	14741	7.51
1965	14754	7.51
1966	14769	7.51
1967	15426	7.84
1968	15149	7.70
1969	14892	7.56
1970	14888	7.56
1971	18841	9.56
1972	14798	7.50
1973	15464	7.84
1974	15722	7.96
1975	14833	7.51
1976	14785	7.48
1977	14824	7.50
1978	14821	7.49
1979	17983	9.09
1980	15371	7.76
1981	16198	8.18
1982	14794	7.46
1983	14774	7.45
1984	14794	7.46
1985	14802	7.46
1986	14805	7.45
1987	14797	7.45
1988	14790	7.44
1989	14805	7.44
1990	14803	7.44
1991	14819	7.44
1992	14822	7.44
1993	16309	8.18
1994	15237	7.64
1995	16298	8.17
1996	14827	7.43
1997	14843	7.43
1998	14873	7.44
1999	14853	7.43
2000	15537	7.77
2001	15043	7.52
2002	15038	7.51
2003	15041	7.51
2004	15026	7.50
2005	14994	7.48
2006	15004	7.48
2007	15004	7.48
2008	15765	7.85
2009	15014	7.47
2010	15024	7.47
2011	19054	9.47
2012	16282	8.09
2013	14921	7.41
2014	14907	7.40
2015	14924	7.41
2016	14927	7.40
2017	15013	7.44
2018	14938	7.40
2019	14958	7.41
2020	14960	7.41
2021	16172	8.00
2022	19084	9.44
2023	15156	7.49
2024	15148	7.48
2025	15152	7.48
2026	15181	7.49
2027	15176	7.49
2028	15202	7.50
2029	15212	7.50
2030	15357	7.57
2031	15221	7.49
2032	15231	7.50
2033	15218	7.49
2034	15813	7.77
2035	15262	7.50
2036	17560	8.62
2037	15124	7.42
2038	15369	7.54
2039	15237	7.47
2040	15149	7.43
2041	15115	7.41
2042	15127	7.41
2043	15130	7.41
2044	15124	7.40
2045	15823	7.74
2046	16959	8.29
2047	19460	9.51
2048	16718	8.16
2049	16480	8.04
2050	16104	7.86
2051	16106	7.85
2052	16129	7.86
2053	16126	7.85
2054	16163	7.87
2055	16157	7.86
2056	16144	7.85
2057	16163	7.86
2058	16389	7.96
2059	26485	12.86
2060	15713	7.63
2061	15628	7.58
2062	15667	7.60
2063	15676	7.60
2064	19757	9.57
2065	19395	9.39
2066	18464	8.94
2067	16274	7.87
2068	16244	7.85
2069	16222	7.84
2070	16190	7.82
2071	16376	7.91
2072	15940	7.69
2073	15695	7.57
2074	15708	7.57
2075	15730	7.58
2076	15735	7.58
2077	15778	7.60
2078	15794	7.60
2079	16541	7.96
2080	16363	7.87
2081	16388	7.88
2082	16375	7.87
2083	16431	7.89
2084	15864	7.61
2085	15848	7.60
2086	15857	7.60
2087	16784	8.04
2088	17139	8.21
2089	15812	7.57
2090	15796	7.56
2091	15804	7.56
2092	15799	7.55
2093	16893	8.07
2094	16643	7.95
2095	16502	7.88
2096	16234	7.75
2097	16336	7.79
2098	15835	7.55
2099	15831	7.54
2100	16565	7.89
2101	18694	8.90
2102	19112	9.09
2103	16516	7.85
2104	16070	7.64
2105	19827	9.42
2106	23431	11.13
2107	18851	8.95
2108	15915	7.55
2109	15934	7.56
2110	15923	7.55
2111	15931	7.55
2112	15938	7.55
2113	16848	7.97
2114	16369	7.74
2115	16075	7.60
2116	16060	7.59
2117	16068	7.59
2118	16891	7.97
2119	17926	8.46
2120	18362	8.66
2121	16078	7.58
2122	16045	7.56
2123	17014	8.01
2124	17696	8.33
2125	16091	7.57
2126	17844	8.39
2127	16573	7.79
2128	16584	7.79
2129	16571	7.78
2130	16578	7.78
2131	16575	7.78
2132	16582	7.78
2133	16584	7.77
2134	16592	7.78
2135	16598	7.77
2136	16599	7.77
2137	16774	7.85
2138	16589	7.76
2139	16113	7.53
2140	16106	7.53
2141	16101	7.52
2142	17234	8.05
2143	18381	8.58
2144	19060	8.89
2145	20555	9.58
2146	16240	7.57
2147	16271	7.58
2148	16281	7.58
2149	16460	7.66
2150	16395	7.63
2151	16283	7.57
2152	16393	7.62
2153	16315	7.58
2154	16317	7.58
2155	16488	7.65
2156	16325	7.57
2157	17774	8.24
2158	16341	7.57
2159	18054	8.36
2160	16700	7.73
2161	16434	7.60
2162	16699	7.72
2163	16519	7.64
2164	21849	10.10
2165	19403	8.96
2166	18196	8.40
2167	18654	8.61
2168	16346	7.54
2169	16355	7.54
2170	16352	7.54
2171	16370	7.54
2172	16407	7.55
2173	16368	7.53
2174	16387	7.54
2175	16389	7.54
2176	16386	7.53
2177	16394	7.53
2178	16450	7.55
2179	17504	8.03
2180	17890	8.21
2181	16429	7.53
2182	16586	7.60
2183	16439	7.53
2184	16452	7.53
2185	16460	7.53
2186	16441	7.52
2187	16453	7.52
2188	16466	7.53
2189	16457	7.52
2190	16469	7.52
2191	17018	7.77
2192	17098	7.80
2193	18215	8.31
2194	19009	8.66
2195	16624	7.57
2196	16606	7.56
2197	16612	7.56
2198	16605	7.55
2199	16633	7.56
2200	16818	7.64
2201	16595	7.54
2202	17804	8.09
2203	18408	8.36
2204	19461	8.83
2205	16608	7.53
2206	16630	7.54
2207	16609	7.53
2208	16836	7.62
2209	16603	7.52
2210	16620	7.52
2211	16621	7.52
2212	16627	7.52
2213	16641	7.52
2214	16651	7.52
2215	18425	8.32
2216	18377	8.29
2217	16756	7.56
2218	16737	7.55
2219	17011	7.67
2220	16764	7.55
2221	16736	7.54
2222	16736	7.53
2223	16763	7.54
2224	16778	7.54
2225	16771	7.54
2226	16788	7.54
2227	107600	48.32
2228	17235	7.74
2229	16775	7.53
2230	16982	7.62
2231	17021	7.63
2232	17173	7.69
2233	17035	7.63
2234	17768	7.95
2235	17085	7.64
2236	18618	8.33
2237	25462	11.38
2238	35557	15.89
2239	29572	13.21
2240	40940	18.28
2241	26716	11.92
2242	27995	12.49
2243	26389	11.77
2244	26258	11.70
2245	23817	10.61
2246	43218	19.24
2247	24653	10.97
2248	26874	11.95
2249	21096	9.38
2250	17070	7.59
2251	17295	7.68
2252	29210	12.97
2253	23257	10.32
2254	17622	7.82
2255	18773	8.33
2256	17006	7.54
2257	24426	10.82
2258	18435	8.16
2259	17245	7.63
2260	17011	7.53
2261	16980	7.51
2262	17810	7.87
2263	17040	7.53
2264	17061	7.54
2265	17713	7.82
2266	17630	7.78
2267	17720	7.82
2268	20674	9.12
2269	18898	8.33
2270	16955	7.47
2271	16953	7.46
2272	16952	7.46
2273	17276	7.60
2274	16947	7.45
2275	16871	7.42
2276	16883	7.42
2277	16902	7.42
2278	19826	8.70
2279	17221	7.56
2280	18644	8.18
2281	17246	7.56
2282	17114	7.50
2283	17427	7.63
2284	17164	7.51
2285	17184	7.52
2286	18054	7.90
2287	17112	7.48
2288	17103	7.48
2289	17125	7.48
2290	17097	7.47
2291	17086	7.46
2292	17077	7.45
2293	17100	7.46
2294	17095	7.45
2295	17097	7.45
2296	17259	7.52
2297	17047	7.42
2298	20396	8.88
2299	17158	7.46
2300	17929	7.80
2301	17658	7.67
2302	17410	7.56
2303	17356	7.54
2304	17347	7.53
2305	17306	7.51
2306	17353	7.53
2307	17331	7.51
2308	18009	7.80
2309	17359	7.52
2310	17358	7.51
2311	17375	7.52
2312	17379	7.52
2313	17376	7.51
2314	17399	7.52
2315	17384	7.51
2316	17402	7.51
2317	17408	7.51
2318	17435	7.52
2319	20157	8.69
2320	19944	8.60
2321	17465	7.52
2322	19568	8.43
2323	17465	7.52
2324	17962	7.73
2325	18109	7.79
2326	20253	8.71
2327	18167	7.81
2328	17521	7.53
2329	17531	7.53
2330	17661	7.58
2331	19626	8.42
2332	17439	7.48
2333	17362	7.44
2334	17375	7.44
2335	17375	7.44
2336	17402	7.45
2337	17392	7.44
2338	18850	8.06
2339	35019	14.97
2340	26140	11.17
2341	20926	8.94
2342	17694	7.56
2343	19858	8.48
2344	18451	7.87
2345	19527	8.33
2346	17552	7.48
2347	17543	7.47
2348	17571	7.48
2349	17575	7.48
2350	17573	7.48
2351	17587	7.48
2352	17586	7.48
2353	20841	8.86
2354	17596	7.47
2355	17563	7.46
2356	17599	7.47
2357	17598	7.47
2358	19714	8.36
2359	17611	7.47
2360	17893	7.58
2361	19377	8.21
2362	20530	8.69
2363	17669	7.48
2364	17651	7.47
2365	17628	7.45
2366	17650	7.46
2367	17665	7.46
2368	17659	7.46
2369	18546	7.83
2370	17682	7.46
2371	17723	7.47
2372	17686	7.46
2373	17681	7.45
2374	17696	7.45
2375	17716	7.46
2376	18219	7.67
2377	18317	7.71
2378	18453	7.76
2379	17671	7.43
2380	17771	7.47
2381	17676	7.42
2382	18157	7.62
2383	17729	7.44
2384	17726	7.44
2385	17762	7.45
2386	20657	8.66
2387	18728	7.85
2388	17908	7.50
2389	18097	7.58
2390	17855	7.47
2391	17908	7.49
2392	18821	7.87
2393	18599	7.77
2394	17885	7.47
2395	17841	7.45
2396	17901	7.47
2397	17874	7.46
2398	19512	8.14
2399	18285	7.62
2400	18585	7.74
2401	18429	7.68
2402	18441	7.68
2403	18446	7.68
2404	18429	7.67
2405	18411	7.66
2406	19192	7.98
2407	17926	7.45
2408	18010	7.48
2409	17937	7.45
2410	19403	8.05
2411	17929	7.44
2412	17962	7.45
2413	34879	14.45
2414	18009	7.46
2415	18029	7.47
2416	18059	7.47
2417	18630	7.71
2418	18608	7.70
2419	18188	7.52
2420	18060	7.46
2421	18066	7.46
2422	18058	7.46
2423	18044	7.45
2424	18064	7.45
2425	18055	7.45
2426	18057	7.44
2427	18951	7.81
2428	18144	7.47
2429	18193	7.49
2430	18161	7.47
2431	18116	7.45
2432	18133	7.46
2433	18322	7.53
2434	18137	7.45
2435	18137	7.45
2436	19118	7.85
2437	20217	8.30
2438	25978	10.66
2439	18193	7.46
2440	18139	7.43
2441	18279	7.49
2442	18114	7.42
2443	18412	7.54
2444	18190	7.44
2445	18170	7.43
2446	18166	7.43
2447	18167	7.42
2448	19932	8.14
2449	19015	7.76
2450	18163	7.41
2451	19666	8.02
2452	20539	8.38
2453	19195	7.83
2454	18787	7.66
2455	18795	7.66
2456	18803	7.66
2457	18803	7.65
2458	18824	7.66
2459	18698	7.60
2460	18434	7.49
2461	18251	7.42
2462	18330	7.45
2463	18257	7.41
2464	18271	7.42
2465	18268	7.41
2466	19558	7.93
2467	18353	7.44
2468	18400	7.46
2469	18467	7.48
2470	18603	7.53
2471	18363	7.43
2472	18402	7.44
2473	18385	7.43
2474	18399	7.44
2475	18386	7.43
2476	18378	7.42
2477	18415	7.43
2478	18406	7.43
2479	18415	7.43
2480	19471	7.85
2481	21461	8.65
2482	18427	7.42
2483	18336	7.38
2484	19530	7.86
2485	18344	7.38
2486	21351	8.59
2487	20923	8.41
2488	18563	7.46
2489	18520	7.44
2490	18510	7.43
2491	19035	7.64
2492	18571	7.45
2493	18538	7.44
2494	18517	7.42
2495	18590	7.45
2496	18538	7.43
2497	18531	7.42
2498	18566	7.43
2499	18708	7.49
2500	19177	7.67
2501	18913	7.56
2502	18469	7.38
2503	18829	7.52
2504	18581	7.42
2505	18571	7.41
2506	18589	7.42
2507	18586	7.41
2508	18603	7.42
2509	18905	7.53
2510	18669	7.44
2511	18656	7.43
2512	21266	8.47
2513	19240	7.66
2514	19247	7.66
2515	19349	7.69
2516	18687	7.43
2517	18664	7.42
2518	18672	7.42
2519	18672	7.41
2520	18688	7.42
2521	18683	7.41
2522	18706	7.42
2523	18761	7.44
2524	18700	7.41
2525	18693	7.40
2526	18683	7.40
2527	18717	7.41
2528	18760	7.42
2529	18741	7.41
2530	18730	7.40
2531	18750	7.41
2532	18735	7.40
2533	18964	7.49
2534	18686	7.37
2535	18668	7.36
2536	18658	7.36
2537	19631	7.74
2538	26503	10.44
2539	18820	7.41
2540	18810	7.41
2541	19701	7.75
2542	19300	7.59
2543	19297	7.59
2544	19902	7.82
2545	20071	7.89
2546	18877	7.41
2547	18895	7.42
2548	18854	7.40
2549	20189	7.92
2550	18863	7.40
2551	18880	7.40
2552	18862	7.39
2553	18893	7.40
2554	19028	7.45
2555	18857	7.38
2556	19941	7.80
2557	20413	7.98
2558	22727	8.88
2559	25495	9.96
2560	19428	7.59
2561	19088	7.45
2562	18999	7.42
2563	19003	7.41
2564	19061	7.43
2565	19043	7.42
2566	19500	7.60
2567	19025	7.41
2568	19048	7.42
2569	19341	7.53
2570	20530	7.99
2571	19072	7.42
2572	19071	7.41
2573	19209	7.47
2574	23266	9.04
2575	19912	7.73
2576	19577	7.60
2577	19066	7.40
2578	19132	7.42
2579	19101	7.41
2580	19113	7.41
2581	19135	7.41
2582	19119	7.40
2583	19138	7.41
2584	19129	7.40
2585	20609	7.97
2586	19166	7.41
2587	19394	7.50
2588	19176	7.41
2589	19192	7.41
2590	20085	7.75
2591	22329	8.62
2592	19554	7.54
2593	19197	7.40
2594	19192	7.40
2595	19189	7.39
2596	19196	7.39
2597	19191	7.39
2598	19358	7.45
2599	19194	7.39
2600	19652	7.56
2601	19202	7.38
2602	19299	7.42
2603	19227	7.39
2604	19234	7.39
2605	19254	7.39
2606	26836	10.30
2607	21468	8.23
2608	19305	7.40
2609	19265	7.38
2610	19256	7.38
2611	19271	7.38
2612	19278	7.38
2613	19285	7.38
2614	21269	8.14
2615	19349	7.40
2616	19358	7.40
2617	19367	7.40
2618	19386	7.40
2619	19355	7.39
2620	19386	7.40
2621	19382	7.39
2622	19417	7.41
2623	20760	7.91
2624	21971	8.37
2625	19357	7.37
2626	19593	7.46
2627	19375	7.38
2628	19338	7.36
2629	19356	7.36
2630	19348	7.36
2631	19364	7.36
2632	19378	7.36
2633	19572	7.43
2634	19388	7.36
2635	20891	7.93
2636	27858	10.57
2637	20869	7.91
2638	19433	7.37
2639	19632	7.44
2640	22242	8.43
2641	20530	7.77
2642	21204	8.03
2643	19526	7.39
2644	19533	7.39
2645	19645	7.43
2646	19559	7.39
2647	19549	7.39
2648	19560	7.39
2649	19575	7.39
2650	19571	7.39
2651	19764	7.46
2652	21035	7.93
2653	19589	7.38
2654	21189	7.98
2655	19581	7.38
2656	19566	7.37
2657	19661	7.40
2658	19588	7.37
2659	19594	7.37
2660	19611	7.37
2661	19607	7.37
2662	19600	7.36
2663	21524	8.08
2664	21666	8.13
2665	19508	7.32
2666	19537	7.33
2667	19522	7.32
2668	19537	7.32
2669	19530	7.32
2670	19548	7.32
2671	19560	7.32
2672	19565	7.32
2673	20729	7.75
2674	22105	8.27
2675	20218	7.56
2676	19793	7.40
2677	19793	7.39
2678	19774	7.38
2679	20323	7.59
2680	19758	7.37
2681	19741	7.36
2682	19769	7.37
2683	19862	7.40
2684	20186	7.52
2685	19757	7.36
2686	20007	7.45
2687	19782	7.36
2688	19776	7.36
2689	19780	7.36
2690	19793	7.36
2691	21639	8.04
2692	19776	7.35
2693	19757	7.34
2694	23692	8.79
2695	19775	7.34
2696	19821	7.35
2697	19810	7.35
2698	21474	7.96
2699	19970	7.40
2700	20938	7.75
2701	20318	7.52
2702	19927	7.37
2703	19944	7.38
2704	22739	8.41
2705	23051	8.52
2706	22493	8.31
2707	19959	7.37
2708	21716	8.02
2709	19853	7.33
2710	19806	7.31
2711	20309	7.49
2712	20621	7.60
2713	20785	7.66
2714	20625	7.60
2715	20631	7.60
2716	20639	7.60
2717	20625	7.59
2718	20640	7.59
2719	20637	7.59
2720	21266	7.82
2721	20048	7.37
2722	20080	7.38
2723	20087	7.38
2724	21293	7.82
2725	20610	7.56
2726	20596	7.56
2727	20619	7.56
2728	20640	7.57
2729	20667	7.57
2730	20896	7.65
2731	20141	7.37
2732	20125	7.37
2733	20125	7.36
2734	20311	7.43
2735	27998	10.24
2736	20149	7.36
2737	24241	8.86
2738	23519	8.59
2739	23521	8.59
2740	20161	7.36
2741	20161	7.36
2742	20134	7.34
2743	20994	7.65
2744	20062	7.31
2745	20098	7.32
2746	20087	7.32
2747	20099	7.32
2748	20615	7.50
2749	20211	7.35
2750	20093	7.31
2751	23442	8.52
2752	20214	7.35
2753	22782	8.28
2754	23722	8.61
2755	21683	7.87
2756	20223	7.34
2757	20208	7.33
2758	20174	7.31
2759	20164	7.31
2760	20296	7.35
2761	20259	7.34
2762	20195	7.31
2763	20192	7.31
2764	20212	7.31
2765	20208	7.31
2766	20853	7.54
2767	20288	7.33
2768	20249	7.32
2769	20255	7.31
2770	20804	7.51
2771	20284	7.32
2772	20262	7.31
2773	20263	7.31
2774	21511	7.75
2775	20986	7.56
2776	21148	7.62
2777	21029	7.57
2778	21024	7.57
2779	21053	7.58
2780	24900	8.96
2781	20332	7.31
2782	20402	7.33
2783	20434	7.34
2784	20350	7.31
2785	25490	9.15
2786	20351	7.30
2787	21268	7.63
2788	20383	7.31
2789	20514	7.36
2790	20384	7.31
2791	20393	7.31
2792	20381	7.30
2793	21347	7.64
2794	20473	7.33
2795	20511	7.34
2796	20918	7.48
2797	20429	7.30
2798	20449	7.31
2799	20476	7.32
2800	20745	7.41
2801	20590	7.35
2802	20595	7.35
2803	20586	7.34
2804	20614	7.35
2805	20640	7.36
2806	20640	7.36
2807	21444	7.64
2808	20513	7.31
2809	22738	8.09
2810	23314	8.30
2811	20703	7.36
2812	20506	7.29
2813	20521	7.30
2814	20513	7.29
2815	20589	7.31
2816	23845	8.47
2817	20585	7.31
2818	20626	7.32
2819	21262	7.54
2820	20644	7.32
2821	20646	7.32
2822	20605	7.30
2823	21276	7.54
2824	20684	7.32
2825	20977	7.43
2826	20650	7.31
2827	20653	7.31
2828	20781	7.35
2829	20641	7.30
2830	20655	7.30
2831	20920	7.39
2832	20697	7.31
2833	21264	7.51
2834	27476	9.70
2835	20672	7.29
2836	21428	7.56
2837	21258	7.49
2838	21288	7.50
2839	21263	7.49
2840	21464	7.56
2841	20702	7.29
2842	21206	7.46
2843	20747	7.30
2844	23099	8.12
2845	24053	8.45
2846	20924	7.35
2847	22648	7.96
2848	23031	8.09
2849	23012	8.08
2850	20668	7.25
2851	20685	7.26
2852	20687	7.25
2853	20714	7.26
2854	20728	7.26
2855	20719	7.26
2856	20712	7.25
2857	20718	7.25
2858	21211	7.42
2859	23036	8.06
2860	20774	7.26
2861	20777	7.26
2862	20806	7.27
2863	23747	8.29
2864	23883	8.34
2865	24114	8.42
2866	25696	8.97
2867	21057	7.34
2868	21062	7.34
2869	21055	7.34
2870	21076	7.34
2871	21279	7.41
2872	21050	7.33
2873	21053	7.33
2874	21050	7.32
2875	21219	7.38
2876	21106	7.34
2877	21202	7.37
2878	27121	9.42
2879	21038	7.31
2880	23691	8.23
2881	21028	7.30
2882	21015	7.29
2883	21008	7.29
2884	21052	7.30
2885	21045	7.29
2886	21043	7.29
2887	21074	7.30
2888	21646	7.50
2889	21700	7.51
2890	22299	7.72
2891	23129	8.00
2892	21124	7.30
2893	22472	7.77
2894	22310	7.71
2895	23385	8.08
2896	21207	7.32
2897	21218	7.32
2898	22963	7.92
2899	21149	7.30
2900	22410	7.73
2901	22087	7.61
2902	22720	7.83
2903	21190	7.30
2904	21627	7.45
2905	21940	7.55
2906	21896	7.53
2907	23495	8.08
2908	21859	7.52
2909	21871	7.52
2910	21871	7.52
2911	21890	7.52
2912	21899	7.52
2913	21920	7.52
2914	21942	7.53
2915	21913	7.52
2916	22129	7.59
2917	21362	7.32
2918	24917	8.54
2919	22599	7.74
2920	21283	7.29
2921	21272	7.28
2922	22098	7.56
2923	29630	10.14
2924	21870	7.48
2925	23224	7.94
2926	21329	7.29
2927	21303	7.28
2928	21307	7.28
2929	21301	7.27
2930	21290	7.27
2931	21358	7.29
2932	26866	9.16
2933	22162	7.56
2934	22123	7.54
2935	21372	7.28
2936	21389	7.29
2937	25117	8.55
2938	24607	8.38
2939	24178	8.23
2940	21894	7.45
2941	21471	7.30
2942	21437	7.29
2943	21464	7.29
2944	21483	7.30
2945	21479	7.29
2946	25036	8.50
2947	21547	7.31
2948	21550	7.31
2949	21525	7.30
2950	21535	7.30
2951	21517	7.29
2952	24000	8.13
2953	22553	7.64
2954	21475	7.27
2955	21892	7.41
2956	21457	7.26
2957	21459	7.26
2958	22246	7.52
2959	21528	7.28
2960	21540	7.28
2961	21510	7.26
2962	21513	7.26
2963	21519	7.26
2964	22454	7.58
2965	22102	7.45
2966	21578	7.28
2967	21524	7.25
2968	21471	7.23
2969	22326	7.52
2970	27216	9.16
2971	21655	7.29
2972	23003	7.74
2973	22884	7.70
2974	21509	7.23
2975	21550	7.24
2976	21505	7.23
2977	21520	7.23
2978	21543	7.23
2979	22732	7.63
2980	21929	7.36
2981	21703	7.28
2982	21658	7.26
2983	21821	7.32
2984	23962	8.03
2985	22434	7.52
2986	22447	7.52
2987	22742	7.61
2988	22356	7.48
2989	22857	7.65
2990	21805	7.29
2991	21701	7.26
2992	21696	7.25
2993	23155	7.74
2994	21686	7.24
2995	21705	7.25
2996	21964	7.33
2997	21710	7.24
2998	21726	7.25
2999	25098	8.37
3000	24914	8.30
3001	21737	7.24
3002	21715	7.23
3003	21724	7.23
3004	21705	7.23
3005	21757	7.24
3006	21779	7.25
3007	21807	7.25
3008	21832	7.26
3009	21852	7.26
3010	21830	7.25
3011	21817	7.25
3012	22476	7.46
3013	24811	8.23
3014	22259	7.39
3015	21930	7.27
3016	21918	7.27
3017	21921	7.27
3018	21952	7.27
3019	21980	7.28
3020	21950	7.27
3021	21992	7.28
3022	21863	7.23
3023	21852	7.23
3024	26234	8.68
3025	22005	7.27
3026	22920	7.57
3027	21978	7.26
3028	21955	7.25
3029	22387	7.39
3030	23576	7.78
3031	26079	8.60
3032	22560	7.44
3033	21928	7.23
3034	21944	7.23
3035	21939	7.23
3036	21942	7.23
3037	21960	7.23
3038	21993	7.24
3039	22002	7.24
3040	22897	7.53
3041	29874	9.82
3042	29779	9.79
3043	24425	8.03
3044	22612	7.43
3045	22626	7.43
3046	22640	7.43
3047	23224	7.62
3048	22029	7.23
3049	22843	7.49
3050	24835	8.14
3051	22406	7.34
3052	22079	7.23
3053	22088	7.23
3054	24670	8.08
3055	23278	7.62
3056	22210	7.27
3057	27732	9.07
3058	22237	7.27
3059	22256	7.28
3060	22268	7.28
3061	22231	7.26
3062	22258	7.27
3063	23721	7.74
3064	22380	7.30
3065	22343	7.29
3066	22405	7.31
3067	22138	7.22
3068	31599	10.30
3069	23532	7.67
3070	22296	7.26
3071	22508	7.33
3072	22373	7.28
3073	22713	7.39
3074	22336	7.27
3075	24560	7.99
3076	22225	7.23
3077	22248	7.23
3078	22236	7.22
3079	22261	7.23
3080	22291	7.24
3081	22278	7.23
3082	22236	7.21
3083	22339	7.25
3084	27876	9.04
3085	22747	7.37
3086	22427	7.27
3087	22438	7.27
3088	22423	7.26
3089	22603	7.32
3090	22413	7.25
3091	22440	7.26
3092	24016	7.77
3093	22347	7.23
3094	22381	7.23
3095	22372	7.23
3096	22376	7.23
3097	24427	7.89
3098	22511	7.27
3099	22503	7.26
3100	23533	7.59
3101	22734	7.33
3102	22485	7.25
3103	22504	7.25
3104	22527	7.26
3105	22501	7.25
3106	22532	7.25
3107	22993	7.40
3108	22438	7.22
3109	22353	7.19
3110	22542	7.25
3111	22368	7.19
3112	22374	7.19
3113	22673	7.28
3114	22495	7.22
3115	22462	7.21
3116	22545	7.24
3117	22712	7.29
3118	23403	7.51
3119	22644	7.26
3120	22621	7.25
3121	22626	7.25
3122	22626	7.25
3123	22638	7.25
3124	22645	7.25
3125	22661	7.25
3126	22664	7.25
3127	25276	8.08
3128	23902	7.64
3129	28286	9.04
3130	23317	7.45
3131	22802	7.28
3132	22677	7.24
3133	22712	7.25
3134	22706	7.25
3135	22717	7.25
3136	22719	7.24
3137	22726	7.24
3138	22741	7.25
3139	22746	7.25
3140	23796	7.58
3141	39635	12.62
3142	24877	7.92
3143	22806	7.26
3144	22821	7.26
3145	22947	7.30
3146	22798	7.25
3147	22850	7.26
3148	24575	7.81
3149	22857	7.26
3150	22738	7.22
3151	22748	7.22
3152	22760	7.22
3153	24155	7.66
3154	23347	7.40
3155	22743	7.21
3156	23370	7.40
3157	23007	7.29
3158	22997	7.28
3159	22991	7.28
3160	24388	7.72
3161	24352	7.70
3162	22934	7.25
3163	22912	7.24
3164	22923	7.24
3165	22931	7.25
3166	22896	7.23
3167	23902	7.55
3168	25752	8.13
3169	23945	7.56
3170	23692	7.47
3171	22909	7.22
3172	22878	7.21
3173	22845	7.20
3174	22894	7.21
3175	22892	7.21
3176	22932	7.22
3177	29183	9.19
3178	23028	7.25
3179	23030	7.24
3180	23023	7.24
3181	22989	7.23
3182	25486	8.01
3183	23663	7.43
3184	22990	7.22
3185	23013	7.23
3186	22989	7.22
3187	22924	7.19
3188	22888	7.18
3189	22897	7.18
3190	22903	7.18
3191	24345	7.63
3192	22866	7.16
3193	23552	7.38
3194	23020	7.21
3195	22965	7.19
3196	23012	7.20
3197	22979	7.19
3198	23885	7.47
3199	24278	7.59
3200	25250	7.89
3201	23086	7.21
3202	23082	7.21
3203	23571	7.36
3204	23146	7.22
3205	23423	7.31
3206	23183	7.23
3207	23155	7.22
3208	23166	7.22
3209	23411	7.30
3210	23213	7.23
3211	23230	7.23
3212	23242	7.24
3213	23241	7.23
3214	23233	7.23
3215	23251	7.23
3216	24627	7.66
3217	23202	7.21
3218	23189	7.21
3219	23177	7.20
3220	23185	7.20
3221	23209	7.21
3222	23197	7.20
3223	23225	7.21
3224	23318	7.23
3225	23174	7.19
3226	23198	7.19
3227	25871	8.02
3228	29921	9.27
3229	24194	7.49
3230	23407	7.25
3231	23374	7.23
3232	24821	7.68
3233	23386	7.23
3234	23420	7.24
3235	23393	7.23
3236	23409	7.23
3237	25353	7.83
3238	29966	9.25
3239	30638	9.46
3240	23396	7.22
3241	23394	7.22
3242	23407	7.22
3243	24138	7.44
3244	23352	7.20
3245	23344	7.19
3246	23366	7.20
3247	25042	7.71
3248	23309	7.18
3249	23364	7.19
3250	23330	7.18
3251	24538	7.55
3252	26485	8.14
3253	24168	7.43
3254	24267	7.46
3255	24193	7.43
3256	24186	7.43
3257	24203	7.43
3258	24182	7.42
3259	24937	7.65
3260	24265	7.44
3261	24301	7.45
3262	24256	7.44
3263	24802	7.60
3264	25512	7.82
3265	25770	7.89
3266	24215	7.41
3267	24083	7.37
3268	23701	7.25
3269	24475	7.49
3270	23920	7.31
3271	23581	7.21
3272	23591	7.21
3273	25040	7.65
3274	23599	7.21
3275	26200	8.00
3276	24747	7.55
3277	31459	9.60
3278	26823	8.18
3279	24326	7.42
3280	23742	7.24
3281	28156	8.58
3282	23707	7.22
3283	23803	7.25
3284	23705	7.22
3285	23689	7.21
3286	23730	7.22
3287	23729	7.22
3288	23756	7.23
3289	24424	7.43
3290	23751	7.22
3291	23729	7.21
3292	23757	7.22
3293	23775	7.22
3294	23782	7.22
3295	23752	7.21
3296	23783	7.22
3297	23809	7.22
3298	23799	7.22
3299	23806	7.22
3300	24492	7.42
3301	23849	7.22
3302	23829	7.22
3303	23845	7.22
3304	23848	7.22
3305	23830	7.21
3306	23867	7.22
3307	24171	7.31
3308	23977	7.25
3309	25576	7.73
3310	24666	7.45
3311	24590	7.43
3312	24563	7.42
3313	24631	7.43
3314	25377	7.66
3315	24888	7.51
3316	24247	7.31
3317	23924	7.21
3318	23930	7.21
3319	23943	7.21
3320	26556	8.00
3321	23811	7.17
3322	25242	7.60
3323	32246	9.70
3324	25892	7.79
3325	23901	7.19
3326	23900	7.19
3327	24871	7.48
3328	31976	9.61
3329	23912	7.18
3330	24762	7.44
3331	31116	9.34
3332	25139	7.54
3333	24021	7.21
3334	24021	7.20
3335	24026	7.20
3336	24025	7.20
3337	24035	7.20
3338	25396	7.61
3339	24079	7.21
3340	24817	7.43
3341	24126	7.22
3342	24123	7.22
3343	24123	7.22
3344	24139	7.22
3345	24977	7.47
3346	24039	7.18
3347	26606	7.95
3348	26549	7.93
3349	24158	7.21
3350	24172	7.22
3351	24150	7.21
3352	24237	7.23
3353	24163	7.21
3354	24182	7.21
3355	25159	7.50
3356	25667	7.65
3357	27646	8.24
3358	27770	8.27
3359	24187	7.20
3360	24166	7.19
3361	24322	7.24
3362	24197	7.20
3363	25358	7.54
3364	24176	7.19
3365	24192	7.19
3366	25626	7.61
3367	24190	7.18
3368	24164	7.17
3369	24632	7.31
3370	24280	7.20
3371	24231	7.19
3372	25141	7.46
3373	24984	7.41
3374	24976	7.40
3375	25008	7.41
3376	24960	7.39
3377	24787	7.34
3378	24376	7.22
3379	24353	7.21
3380	24495	7.25
3381	24784	7.33
3382	24366	7.20
3383	24352	7.20
3384	24343	7.19
3385	25828	7.63
3386	25024	7.39
3387	25045	7.39
3388	25028	7.39
3389	25090	7.40
3390	25064	7.39
3391	25052	7.39
3392	25278	7.45
3393	24794	7.31
3394	24442	7.20
3395	24429	7.20
3396	28356	8.35
3397	24331	7.16
3398	24199	7.12
3399	24195	7.12
3400	25232	7.42
3401	25221	7.42
3402	25291	7.43
3403	24355	7.16
3404	26976	7.92
3405	24411	7.17
3406	24394	7.16
3407	24401	7.16
3408	24415	7.16
3409	24462	7.18
3410	26230	7.69
3411	27514	8.07
3412	24787	7.26
3413	24694	7.24
3414	25076	7.35
3415	25719	7.53
3416	26462	7.75
3417	24457	7.16
3418	27690	8.10
3419	25749	7.53
3420	25661	7.50
3421	24510	7.16
3422	28538	8.34
3423	25242	7.37
3424	24682	7.21
3425	24643	7.20
3426	24660	7.20
3427	34230	9.99
3428	27647	8.07
3429	24717	7.21
3430	25461	7.42
3431	25300	7.37
3432	25314	7.38
3433	26607	7.75
3434	24921	7.26
3435	24845	7.23
3436	25769	7.50
3437	27085	7.88
3438	27942	8.13
3439	28746	8.36
3440	28083	8.16
3441	25047	7.28
3442	24861	7.22
3443	26019	7.56
3444	26158	7.60
3445	26064	7.57
3446	24602	7.14
3447	25083	7.28
3448	24758	7.18
3449	25298	7.33
3450	25620	7.43
3451	24977	7.24
3452	28152	8.16
3453	24671	7.14
3454	24662	7.14
3455	24687	7.15
3456	24658	7.13
3457	24680	7.14
3458	24719	7.15
3459	24856	7.19
3460	24746	7.15
3461	24751	7.15
3462	27666	7.99
3463	24802	7.16
3464	24829	7.17
3465	28820	8.32
3466	25409	7.33
3467	24863	7.17
3468	24867	7.17
3469	25286	7.29
3470	27885	8.04
3471	24943	7.19
3472	24907	7.17
3473	24950	7.18
3474	25557	7.36
3475	25140	7.23
3476	24884	7.16
3477	24901	7.16
3478	24898	7.16
3479	25285	7.27
3480	24895	7.15
3481	24920	7.16
3482	25816	7.41
3483	25914	7.44
3484	24935	7.16
3485	24930	7.15
3486	24929	7.15
3487	31830	9.13
3488	25091	7.19
3489	25141	7.21
3490	25066	7.18
3491	25078	7.18
3492	25229	7.22
3493	25041	7.17
3494	25166	7.20
3495	25064	7.17
3496	25320	7.24
3497	25242	7.22
3498	25153	7.19
3499	25652	7.33
3500	31232	8.92
3501	25092	7.17
3502	25073	7.16
3503	25131	7.17
3504	25117	7.17
3505	25137	7.17
3506	25091	7.16
3507	25137	7.17
3508	26601	7.58
3509	28190	8.03
3510	27234	7.76
3511	27565	7.85
3512	25118	7.15
3513	25399	7.23
3514	25094	7.14
3515	25145	7.15
3516	26617	7.57
3517	25205	7.17
3518	25163	7.15
3519	27386	7.78
3520	25174	7.15
3521	25722	7.31
3522	25441	7.22
3523	25273	7.17
3524	27366	7.77
3525	25308	7.18
3526	26333	7.47
3527	30906	8.76
3528	25255	7.16
3529	25236	7.15
3530	25282	7.16
3531	25209	7.14
3532	25226	7.14
3533	32567	9.22
3534	25973	7.35
3535	25380	7.18
3536	46595	13.18
3537	27964	7.91
3538	25306	7.15
3539	25353	7.16
3540	25338	7.16
3541	25447	7.19
3542	25319	7.15
3543	25321	7.15
3544	26181	7.39
3545	26344	7.43
3546	26024	7.34
3547	26777	7.55
3548	25428	7.17
3549	25411	7.16
3550	25489	7.18
3551	25408	7.16
3552	25367	7.14
3553	25396	7.15
3554	27527	7.75
3555	25460	7.16
3556	25443	7.15
3557	25446	7.15
3558	25460	7.16
3559	28226	7.93
3560	25514	7.17
3561	27086	7.61
3562	30665	8.61
3563	26237	7.36
3564	26150	7.34
3565	26181	7.34
3566	26271	7.37
3567	26229	7.35
3568	26173	7.34
3569	27621	7.74
3570	25613	7.17
3571	25796	7.22
3572	25632	7.18
3573	25612	7.17
3574	25644	7.18
3575	25630	7.17
3576	25661	7.18
3577	26702	7.46
3578	27249	7.62
3579	25604	7.15
3580	25602	7.15
3581	25741	7.19
3582	25605	7.15
3583	25590	7.14
3584	25795	7.20
3585	28956	8.08
3586	26384	7.36
3587	25934	7.23
3588	25791	7.19
3589	25643	7.14
3590	25650	7.14
3591	25675	7.15
3592	25698	7.15
3593	25703	7.15
3594	25703	7.15
3595	25726	7.16
3596	25698	7.15
3597	28210	7.84
3598	28814	8.01
3599	27528	7.65
3600	27046	7.51
3601	25709	7.14
3602	25726	7.14
3603	27019	7.50
3604	25876	7.18
3605	25811	7.16
3606	25837	7.17
3607	25960	7.20
3608	26832	7.44
3609	26499	7.34
3610	26573	7.36
3611	31590	8.75
3612	26721	7.40
3613	25885	7.16
3614	25898	7.17
3615	25929	7.17
3616	25900	7.16
3617	25888	7.16
3618	25981	7.18
3619	27419	7.58
3620	25931	7.16
3621	25939	7.16
3622	29180	8.06
3623	25964	7.17
3624	25984	7.17
3625	27609	7.62
3626	30950	8.54
3627	26021	7.17
3628	26242	7.23
3629	26041	7.18
3630	26040	7.17
3631	26051	7.17
3632	26076	7.18
3633	27541	7.58
3634	27945	7.69
3635	25963	7.14
3636	25959	7.14
3637	25969	7.14
3638	31946	8.78
3639	28646	7.87
3640	26704	7.34
3641	26867	7.38
3642	26094	7.16
3643	26134	7.17
3644	28223	7.75
3645	26066	7.15
3646	26073	7.15
3647	26095	7.16
3648	26102	7.16
3649	27977	7.67
3650	29613	8.11
3651	27966	7.66
3652	26154	7.16
3653	26150	7.16
3654	26288	7.19
3655	26082	7.14
3656	30317	8.29
3657	26129	7.14
3658	26131	7.14
3659	26151	7.15
3660	26131	7.14
3661	27011	7.38
3662	28560	7.80
3663	26136	7.14
3664	27485	7.50
3665	26127	7.13
3666	29259	7.98
3667	26090	7.11
3668	26083	7.11
3669	26255	7.16
3670	26130	7.12
3671	27669	7.54
3672	26137	7.12
3673	26527	7.22
3674	28471	7.75
3675	27017	7.35
3676	27708	7.54
3677	26274	7.15
3678	26276	7.14
3679	26384	7.17
3680	26307	7.15
3681	27024	7.34
3682	26436	7.18
3683	26395	7.17
3684	26427	7.17
3685	26431	7.17
3686	28128	7.63
3687	26305	7.13
3688	26421	7.16
3689	26443	7.17
3690	26468	7.17
3691	26451	7.17
3692	26450	7.16
3693	26455	7.16
3694	26465	7.16
3695	26481	7.17
3696	26470	7.16
3697	27569	7.46
3698	26373	7.13
3699	26907	7.27
3700	31458	8.50
3701	30660	8.28
3702	30655	8.28
3703	30789	8.31
3704	30908	8.34
3705	26978	7.28
3706	26379	7.12
3707	26407	7.12
3708	28517	7.69
3709	27681	7.46
3710	26487	7.14
3711	26484	7.14
3712	26483	7.13
3713	26513	7.14
3714	27427	7.38
3715	26520	7.14
3716	26522	7.14
3717	26620	7.16
3718	26564	7.14
3719	26558	7.14
3720	26559	7.14
3721	26557	7.14
3722	30140	8.10
3723	29092	7.81
3724	27914	7.50
3725	34560	9.28
3726	27700	7.43
3727	27561	7.39
3728	27915	7.49
3729	28085	7.53
3730	26923	7.22
3731	26971	7.23
3732	27049	7.25
3733	27968	7.49
3734	30142	8.07
3735	30361	8.13
3736	26705	7.15
3737	26719	7.15
3738	26707	7.14
3739	26842	7.18
3740	26769	7.16
3741	26786	7.16
3742	27560	7.37
3743	31927	8.53
3744	26634	7.11
3745	26839	7.17
3746	26633	7.11
3747	29551	7.89
3748	26678	7.12
3749	26698	7.12
3750	26688	7.12
3751	29127	7.77
3752	26736	7.13
3753	26744	7.13
3754	28184	7.51
3755	31440	8.37
3756	29116	7.75
3757	27812	7.40
3758	29944	7.97
3759	27437	7.30
3760	27357	7.28
3761	28002	7.45
3762	27340	7.27
3763	27335	7.26
3764	27643	7.34
3765	28956	7.69
3766	26807	7.12
3767	26912	7.14
3768	26780	7.11
3769	26763	7.10
3770	29664	7.87
3771	28493	7.56
3772	27053	7.17
3773	26949	7.14
3774	26964	7.14
3775	26981	7.15
3776	26980	7.15
3777	27002	7.15
3778	26835	7.10
3779	26840	7.10
3780	29810	7.89
3781	32107	8.49
3782	29393	7.77
3783	27486	7.27
3784	26917	7.11
3785	27070	7.15
3786	26956	7.12
3787	26938	7.11
3788	26970	7.12
3789	26959	7.12
3790	26960	7.11
3791	26954	7.11
3792	26951	7.11
3793	27857	7.34
3794	29776	7.85
3795	26933	7.10
3796	26959	7.10
3797	26941	7.10
3798	26933	7.09
3799	27184	7.16
3800	28656	7.54
3801	28519	7.50
3802	27144	7.14
3803	27086	7.12
3804	29614	7.78
3805	30305	7.96
3806	27975	7.35
3807	27115	7.12
3808	27076	7.11
3809	27095	7.11
3810	27141	7.12
3811	27134	7.12
3812	27194	7.13
3813	31409	8.24
3814	31861	8.35
3815	29090	7.63
3816	27908	7.31
3817	27831	7.29
3818	28257	7.40
3819	27141	7.11
3820	27177	7.11
3821	27133	7.10
3822	27306	7.14
3823	28594	7.48
3824	29262	7.65
3825	35146	9.19
3826	28090	7.34
3827	33012	8.63
3828	31880	8.33
3829	29191	7.62
3830	27288	7.12
3831	27303	7.13
3832	27527	7.18
3833	27327	7.13
3834	27330	7.13
3835	38597	10.06
3836	28325	7.38
3837	27309	7.12
3838	28529	7.43
3839	28130	7.33
3840	27289	7.11
3841	27853	7.25
3842	29324	7.63
3843	27329	7.11
3844	27312	7.11
3845	27338	7.11
3846	27348	7.11
3847	27342	7.11
3848	27379	7.12
3849	27387	7.12
3850	27389	7.11
3851	27396	7.11
3852	27392	7.11
3853	27733	7.20
3854	27324	7.09
3855	28349	7.35
3856	28063	7.28
3857	28147	7.30
3858	28319	7.34
3859	28111	7.28
3860	28045	7.27
3861	27414	7.10
3862	27559	7.14
3863	27433	7.10
3864	27456	7.11
3865	27444	7.10
3866	27616	7.14
3867	27455	7.10
3868	27442	7.09
3869	28378	7.33
3870	27503	7.11
3871	27892	7.21
3872	27502	7.10
3873	27483	7.10
3874	27486	7.09
3875	27496	7.10
3876	32259	8.32
3877	27519	7.10
3878	27921	7.20
3879	27394	7.06
3880	27410	7.06
3881	27405	7.06
3882	27372	7.05
3883	29040	7.48
3884	30149	7.76
3885	32555	8.38
3886	28282	7.28
3887	28268	7.27
3888	28294	7.28
3889	28874	7.42
3890	28061	7.21
3891	29378	7.55
3892	27634	7.10
3893	27654	7.10
3894	27683	7.11
3895	28380	7.29
3896	33911	8.70
3897	28714	7.37
3898	27802	7.13
3899	27779	7.12
3900	28334	7.27
3901	27855	7.14
3902	27701	7.10
3903	27673	7.09
3904	29165	7.47
3905	27707	7.10
3906	27725	7.10
3907	28580	7.32
3908	32221	8.24
3909	28130	7.20
3910	27881	7.13
3911	27870	7.13
3912	28862	7.38
3913	27829	7.11
3914	27850	7.12
3915	27845	7.11
3916	27854	7.11
3917	27856	7.11
3918	30156	7.70
3919	27666	7.06
3920	28870	7.36
3921	28550	7.28
3922	28526	7.27
3923	28563	7.28
3924	33183	8.46
3925	29662	7.56
3926	27861	7.10
3927	27861	7.09
3928	27835	7.09
3929	27827	7.08
3930	32621	8.30
3931	32487	8.26
3932	27892	7.09
3933	27925	7.10
3934	27915	7.10
3935	28073	7.13
3936	27930	7.10
3937	28216	7.17
3938	30251	7.68
3939	29511	7.49
3940	28015	7.11
3941	33782	8.57
3942	35666	9.05
3943	28643	7.26
3944	28632	7.26
3945	28571	7.24
3946	27901	7.07
3947	28182	7.14
3948	27945	7.08
3949	29397	7.44
3950	29435	7.45
3951	28703	7.26
3952	28490	7.21
3953	28180	7.13
3954	29472	7.45
3955	28821	7.29
3956	28762	7.27
3957	29138	7.36
3958	33901	8.57
3959	28087	7.09
3960	28100	7.10
3961	28093	7.09
3962	28115	7.10
3963	28102	7.09
3964	30088	7.59
3965	30232	7.62
3966	28056	7.07
3967	28596	7.21
3968	28460	7.17
3969	28179	7.10
3970	28344	7.14
3971	29646	7.47
3972	29760	7.49
3973	28881	7.27
3974	28046	7.06
3975	28052	7.06
3976	30029	7.55
3977	29293	7.37
3978	30198	7.59
3979	28282	7.11
3980	28244	7.10
3981	29150	7.32
3982	28940	7.27
3983	28727	7.21
3984	28764	7.22
3985	30691	7.70
3986	28287	7.10
3987	31568	7.92
3988	28918	7.25
3989	29195	7.32
3990	30562	7.66
3991	28227	7.07
3992	30038	7.52
3993	28228	7.07
3994	28247	7.07
3995	28246	7.07
3996	28505	7.13
3997	28285	7.08
3998	31125	7.79
3999	28583	7.15
4000	28522	7.13
