N	Total Time	Average CPE
1	659	659.00
2	176	88.00
3	219	73.00
4	244	61.00
5	277	55.40
6	694	115.67
7	309	44.14
8	357	44.62
9	412	45.78
10	422	42.20
11	443	40.27
12	497	41.42
13	516	39.69
14	459	32.79
15	451	30.07
16	553	34.56
17	1170	68.82
18	1087	60.39
19	1192	62.74
20	1147	57.35
21	1248	59.43
22	1259	57.23
23	4391	190.91
24	934	38.92
25	956	38.24
26	969	37.27
27	988	36.59
28	1007	35.96
29	1026	35.38
30	1046	34.87
31	1062	34.26
32	1076	33.62
33	1279	38.76
34	1260	37.06
35	1274	36.40
36	1295	35.97
37	1315	35.54
38	1341	35.29
39	1360	34.87
40	1494	37.35
41	1878	45.80
42	1222	29.10
43	1239	28.81
44	1253	28.48
45	1279	28.42
46	1293	28.11
47	1308	27.83
48	1326	27.62
49	1346	27.47
50	1390	27.80
51	1403	27.51
52	1420	27.31
53	1441	27.19
54	1457	26.98
55	1474	26.80
56	1493	26.66
57	1518	26.63
58	1524	26.28
59	1549	26.25
60	1567	26.12
61	1589	26.05
62	1610	25.97
63	1623	25.76
64	1636	25.56
65	1829	28.14
66	1817	27.53
67	1836	27.40
68	1856	27.29
69	1874	27.16
70	1899	27.13
71	1916	26.99
72	1940	26.94
73	2005	27.47
74	2033	27.47
75	2052	27.36
76	2073	27.28
77	2098	27.25
78	2119	27.17
79	2139	27.08
80	2190	27.38
81	2205	27.22
82	2220	27.07
83	2243	27.02
84	2265	26.96
85	2300	27.06
86	2320	26.98
87	2345	26.95
88	2356	26.77
89	2374	26.67
90	2397	26.63
91	2413	26.52
92	2435	26.47
93	2460	26.45
94	2485	26.44
95	2502	26.34
96	2557	26.64
97	2574	26.54
98	2597	26.50
99	2620	26.46
100	2655	26.55
101	3470	34.36
102	2727	26.74
103	2747	26.67
104	2780	26.73
105	2802	26.69
106	2825	26.65
107	2877	26.89
108	2893	26.79
109	2921	26.80
110	2946	26.78
111	2968	26.74
112	2999	26.78
113	3024	26.76
114	3044	26.70
115	3070	26.70
116	3094	26.67
117	3118	26.65
118	3140	26.61
119	3162	26.57
120	3192	26.60
121	4846	40.05
122	4918	40.31
123	5041	40.98
124	4296	34.65
125	3283	26.26
126	3315	26.31
127	3364	26.49
128	3385	26.45
129	4288	33.24
130	3663	28.18
131	3695	28.21
132	3728	28.24
133	3755	28.23
134	3893	29.05
135	3824	28.33
136	3853	28.33
137	3882	28.34
138	3895	28.22
139	3930	28.27
140	3960	28.29
141	3981	28.23
142	4034	28.41
143	4057	28.37
144	4093	28.42
145	4111	28.35
146	4141	28.36
147	4171	28.37
148	4198	28.36
149	4226	28.36
150	4256	28.37
151	4285	28.38
152	4309	28.35
153	4340	28.37
154	4368	28.36
155	4389	28.32
156	4422	28.35
157	4449	28.34
158	4506	28.52
159	4519	28.42
160	4560	28.50
161	4581	28.45
162	4615	28.49
163	4644	28.49
164	4671	28.48
165	4697	28.47
166	4733	28.51
167	4759	28.50
168	4788	28.50
169	4822	28.53
170	4843	28.49
171	4869	28.47
172	4903	28.51
173	4934	28.52
174	4992	28.69
175	5013	28.65
176	5041	28.64
177	5069	28.64
178	5100	28.65
179	5130	28.66
180	5162	28.68
181	5190	28.67
182	5227	28.72
183	5256	28.72
184	5287	28.73
185	5316	28.74
186	5344	28.73
187	5371	28.72
188	5408	28.77
189	5435	28.76
190	5497	28.93
191	5518	28.89
192	5549	28.90
193	5580	28.91
194	5735	29.56
195	5647	28.96
196	5676	28.96
197	5709	28.98
198	5738	28.98
199	5774	29.02
200	7621	38.10
201	5895	29.33
202	5908	29.25
203	5934	29.23
204	5967	29.25
205	6029	29.41
206	6054	29.39
207	6089	29.42
208	6115	29.40
209	6145	29.40
210	6181	29.43
211	6210	29.43
212	6249	29.48
213	6274	29.46
214	6310	29.49
215	9652	44.89
216	7177	33.23
217	6439	29.67
218	6956	31.91
219	7211	32.93
220	6663	30.29
221	6563	29.70
222	7924	35.69
223	6639	29.77
224	6671	29.78
225	6703	29.79
226	6740	29.82
227	6767	29.81
228	6814	29.89
229	7114	31.07
230	8215	35.72
231	6911	29.92
232	6952	29.97
233	7526	32.30
234	7004	29.93
235	7041	29.96
236	7155	30.32
237	7287	30.75
238	11836	49.73
239	7352	30.76
240	7384	30.77
241	7399	30.70
242	7424	30.68
243	7451	30.66
244	7482	30.66
245	7508	30.64
246	7544	30.67
247	7572	30.66
248	7613	30.70
249	7756	31.15
250	7677	30.71
251	7704	30.69
252	7821	31.04
253	7823	30.92
254	7859	30.94
255	8086	31.71
256	8590	33.55
257	8874	34.53
258	8602	33.34
259	8993	34.72
260	8897	34.22
261	8886	34.05
262	9349	35.68
263	8479	32.24
264	8534	32.33
265	8567	32.33
266	8600	32.33
267	8630	32.32
268	8663	32.32
269	8734	32.47
270	8761	32.45
271	8815	32.53
272	9107	33.48
273	8906	32.62
274	8932	32.60
275	8975	32.64
276	9022	32.69
277	9227	33.31
278	9146	32.90
279	9179	32.90
280	9220	32.93
281	9267	32.98
282	9305	33.00
283	9345	33.02
284	9856	34.70
285	9926	34.83
286	10542	36.86
287	10029	34.94
288	10534	36.58
289	10302	35.65
290	10352	35.70
291	10452	35.92
292	14481	49.59
293	15134	51.65
294	9768	33.22
295	9806	33.24
296	9854	33.29
297	9890	33.30
298	9927	33.31
299	10072	33.69
300	13896	46.32
301	10873	36.12
302	13190	43.68
303	11825	39.03
304	10753	35.37
305	11391	37.35
306	10808	35.32
307	11488	37.42
308	10921	35.46
309	11589	37.50
310	11597	37.41
311	11499	36.97
312	11063	35.46
313	11886	37.97
314	11123	35.42
315	11154	35.41
316	11226	35.53
317	11259	35.52
318	14675	46.15
319	11010	34.51
320	11027	34.46
321	11067	34.48
322	11116	34.52
323	11158	34.54
324	11198	34.56
325	11249	34.61
326	11279	34.60
327	11317	34.61
328	11370	34.66
329	11410	34.68
330	11439	34.66
331	15782	47.68
332	16771	50.52
333	13320	40.00
334	12009	35.96
335	12378	36.95
336	12294	36.59
337	12140	36.02
338	12180	36.04
339	12639	37.28
340	12277	36.11
341	12767	37.44
342	12352	36.12
343	12410	36.18
344	13921	40.47
345	12470	36.14
346	16271	47.03
347	12258	35.33
348	13805	39.67
349	12705	36.40
350	13158	37.59
351	12886	36.71
352	12893	36.63
353	12938	36.65
354	12982	36.67
355	13525	38.10
356	13534	38.02
357	13095	36.68
358	14000	39.11
359	13198	36.76
360	13244	36.79
361	13316	36.89
362	13317	36.79
363	13360	36.80
364	13605	37.38
365	14296	39.17
366	13168	35.98
367	13223	36.03
368	13265	36.05
369	13905	37.68
370	13752	37.17
371	14233	38.36
372	13842	37.21
373	13890	37.24
374	13928	37.24
375	13961	37.23
376	14021	37.29
377	15505	41.13
378	14115	37.34
379	14305	37.74
380	14240	37.47
381	14290	37.51
382	14336	37.53
383	14373	37.53
384	14419	37.55
385	14463	37.57
386	14503	37.57
387	14554	37.61
388	16950	43.69
389	14893	38.29
390	14717	37.74
391	14735	37.69
392	14797	37.75
393	16480	41.93
394	14885	37.78
395	16469	41.69
396	22561	56.97
397	16298	41.05
398	15065	37.85
399	15127	37.91
400	15912	39.78
401	15229	37.98
402	15287	38.03
403	16535	41.03
404	15387	38.09
405	15431	38.10
406	15553	38.31
407	15972	39.24
408	15541	38.09
409	15728	38.45
410	15630	38.12
411	15701	38.20
412	15746	38.22
413	16113	39.01
414	15872	38.34
415	15929	38.38
416	15992	38.44
417	16035	38.45
418	16081	38.47
419	18274	43.61
420	16187	38.54
421	16237	38.57
422	16295	38.61
423	16343	38.64
424	16523	38.97
425	16435	38.67
426	16474	38.67
427	16865	39.50
428	17432	40.73
429	19549	45.57
430	19409	45.14
431	19100	44.32
432	18687	43.26
433	16802	38.80
434	18367	42.32
435	17008	39.10
436	16959	38.90
437	17021	38.95
438	17036	38.89
439	17093	38.94
440	17366	39.47
441	17278	39.18
442	17268	39.07
443	17434	39.35
444	17393	39.17
445	17450	39.21
446	17504	39.25
447	17549	39.26
448	19222	42.91
449	17637	39.28
450	17719	39.38
451	17737	39.33
452	17788	39.35
453	17847	39.40
454	17895	39.42
455	17947	39.44
456	17997	39.47
457	18052	39.50
458	18097	39.51
459	18194	39.64
460	18221	39.61
461	18286	39.67
462	18345	39.71
463	18400	39.74
464	23560	50.78
465	18507	39.80
466	18545	39.80
467	18633	39.90
468	21564	46.08
469	20558	43.83
470	21581	45.92
471	19442	41.28
472	25110	53.20
473	19483	41.19
474	19065	40.22
475	19130	40.27
476	19180	40.29
477	19231	40.32
478	19299	40.37
479	19351	40.40
480	19405	40.43
481	19453	40.44
482	19503	40.46
483	21954	45.45
484	19628	40.55
485	19676	40.57
486	19828	40.80
487	19777	40.61
488	19830	40.64
489	21101	43.15
490	19967	40.75
491	20054	40.84
492	21543	43.79
493	21426	43.46
494	20234	40.96
495	24133	48.75
496	22688	45.74
497	24035	48.36
498	21506	43.18
499	21379	42.84
500	20696	41.39
501	20526	40.97
502	20573	40.98
503	20629	41.01
504	20692	41.06
505	21224	42.03
506	20872	41.25
507	21051	41.52
508	21024	41.39
509	21081	41.42
510	21133	41.44
511	21343	41.77
512	21259	41.52
513	21471	41.85
514	21147	41.14
515	21217	41.20
516	22744	44.08
517	21352	41.30
518	23318	45.02
519	21457	41.34
520	21530	41.40
521	21579	41.42
522	21620	41.42
523	24438	46.73
524	26457	50.49
525	22159	42.21
526	22294	42.38
527	22293	42.30
528	22363	42.35
529	22404	42.35
530	22442	42.34
531	22775	42.89
532	23158	43.53
533	22356	41.94
534	22500	42.13
535	22489	42.04
536	22539	42.05
537	22599	42.08
538	22666	42.13
539	22742	42.19
540	22802	42.23
541	22872	42.28
542	24389	45.00
543	23024	42.40
544	23099	42.46
545	23156	42.49
546	23218	42.52
547	23293	42.58
548	25233	46.05
549	28890	52.62
550	24382	44.33
551	24627	44.70
552	23600	42.75
553	23762	42.97
554	23709	42.80
555	23795	42.87
556	28255	50.82
557	30632	54.99
558	25992	46.58
559	24081	43.08
560	24143	43.11
561	24210	43.16
562	24261	43.17
563	24351	43.25
564	24429	43.31
565	24484	43.33
566	24527	43.33
567	24601	43.39
568	24742	43.56
569	24763	43.52
570	28401	49.83
571	24989	43.76
572	25053	43.80
573	27232	47.53
574	32734	57.03
575	27364	47.59
576	26891	46.69
577	25480	44.16
578	25521	44.15
579	25597	44.21
580	25679	44.27
581	25729	44.28
582	26236	45.08
583	25850	44.34
584	25944	44.42
585	26109	44.63
586	26104	44.55
587	27335	46.57
588	26487	45.05
589	26547	45.07
590	28065	47.57
591	26655	45.10
592	26760	45.20
593	26793	45.18
594	26885	45.26
595	27417	46.08
596	26781	44.93
597	26681	44.69
598	28826	48.20
599	26811	44.76
600	27670	46.12
601	28766	47.86
602	27120	45.05
603	28163	46.70
604	27253	45.12
605	27342	45.19
606	27419	45.25
607	28323	46.66
608	27536	45.29
609	27594	45.31
610	27680	45.38
611	27728	45.38
612	29649	48.45
613	28470	46.44
614	29277	47.68
615	28028	45.57
616	28071	45.57
617	28143	45.61
618	28235	45.69
619	28357	45.81
620	28407	45.82
621	28488	45.87
622	28584	45.95
623	28632	45.96
624	28696	45.99
625	28842	46.15
626	29040	46.39
627	29188	46.55
628	29018	46.21
629	29030	46.15
630	29071	46.14
631	29162	46.22
632	29196	46.20
633	29256	46.22
634	29711	46.86
635	29456	46.39
636	29510	46.40
637	29596	46.46
638	29664	46.50
639	30499	47.73
640	29736	46.46
641	29816	46.51
642	29879	46.54
643	32534	50.60
644	30081	46.71
645	30155	46.75
646	31429	48.65
647	37259	57.59
648	34589	53.38
649	30356	46.77
650	30405	46.78
651	30622	47.04
652	30560	46.87
653	30645	46.93
654	32152	49.16
655	30792	47.01
656	30859	47.04
657	30928	47.07
658	30995	47.10
659	32586	49.45
660	34644	52.49
661	34120	51.62
662	36391	54.97
663	31376	47.32
664	31420	47.32
665	31478	47.34
666	32428	48.69
667	31642	47.44
668	32085	48.03
669	31788	47.52
670	31870	47.57
671	31920	47.57
672	32001	47.62
673	32059	47.64
674	33583	49.83
675	32272	47.81
676	32266	47.73
677	32970	48.70
678	39151	57.74
679	36026	53.06
680	33783	49.68
681	35041	51.46
682	32773	48.05
683	32787	48.00
684	32851	48.03
685	41912	61.19
686	33292	48.53
687	33395	48.61
688	33419	48.57
689	33195	48.18
690	33148	48.04
691	33213	48.07
692	33281	48.09
693	33376	48.16
694	33421	48.16
695	33483	48.18
696	34316	49.30
697	33660	48.29
698	36721	52.61
699	38512	55.10
700	36252	51.79
701	35562	50.73
702	34041	48.49
703	34170	48.61
704	34266	48.67
705	34957	49.58
706	34426	48.76
707	34490	48.78
708	34570	48.83
709	34638	48.85
710	35086	49.42
711	36743	51.68
712	34893	49.01
713	34957	49.03
714	35082	49.13
715	35207	49.24
716	35333	49.35
717	40059	55.87
718	42009	58.51
719	35616	49.54
720	35534	49.35
721	35684	49.49
722	35893	49.71
723	35847	49.58
724	37838	52.26
725	36282	50.04
726	36579	50.38
727	37657	51.80
728	37559	51.59
729	36130	49.56
730	36206	49.60
731	36293	49.65
732	36407	49.74
733	41239	56.26
734	38763	52.81
735	36782	50.04
736	43323	58.86
737	45904	62.28
738	36865	49.95
739	36929	49.97
740	37012	50.02
741	37069	50.03
742	37129	50.04
743	37489	50.46
744	37296	50.13
745	37431	50.24
746	37872	50.77
747	39034	52.25
748	39251	52.47
749	38245	51.06
750	39652	52.87
751	43540	57.98
752	46006	61.18
753	40606	53.93
754	38622	51.22
755	38694	51.25
756	38844	51.38
757	39166	51.74
758	38504	50.80
759	38850	51.19
760	38773	51.02
761	38740	50.91
762	38772	50.88
763	43084	56.47
764	38903	50.92
765	38989	50.97
766	39392	51.43
767	39238	51.16
768	39699	51.69
769	39808	51.77
770	39947	51.88
771	39970	51.84
772	40668	52.68
773	40687	52.64
774	39717	51.31
775	39792	51.34
776	41604	53.61
777	43959	56.58
778	40138	51.59
779	40140	51.53
780	40238	51.59
781	43520	55.72
782	41777	53.42
783	40373	51.56
784	42892	54.71
785	40585	51.70
786	40722	51.81
787	40855	51.91
788	40941	51.96
789	41009	51.98
790	41216	52.17
791	42577	53.83
792	41338	52.19
793	41289	52.07
794	41417	52.16
795	41504	52.21
796	41643	52.32
797	41687	52.30
798	41749	52.32
799	42977	53.79
800	43312	54.14
801	41916	52.33
802	42004	52.37
803	47730	59.44
804	42277	52.58
805	43467	54.00
806	42823	53.13
807	42863	53.11
808	43146	53.40
809	42649	52.72
810	42923	52.99
811	42873	52.86
812	42916	52.85
813	48046	59.10
814	46782	57.47
815	43115	52.90
816	43379	53.16
817	43271	52.96
818	43336	52.98
819	45841	55.97
820	43605	53.18
821	43692	53.22
822	43779	53.26
823	43901	53.34
824	43984	53.38
825	44036	53.38
826	44165	53.47
827	44248	53.50
828	46245	55.85
829	47685	57.52
830	54780	66.00
831	44683	53.77
832	45564	54.76
833	44858	53.85
834	44870	53.80
835	44946	53.83
836	46116	55.16
837	45169	53.97
838	45163	53.89
839	47575	56.70
840	45351	53.99
841	49586	58.96
842	51850	61.58
843	46199	54.80
844	45795	54.26
845	45867	54.28
846	45941	54.30
847	45964	54.27
848	46481	54.81
849	46098	54.30
850	46172	54.32
851	47630	55.97
852	46260	54.30
853	47447	55.62
854	46559	54.52
855	49586	58.00
856	50549	59.05
857	46694	54.49
858	46871	54.63
859	47037	54.76
860	46996	54.65
861	47908	55.64
862	48210	55.93
863	47255	54.76
864	48765	56.44
865	47377	54.77
866	47486	54.83
867	48478	55.91
868	54657	62.97
869	48243	55.52
870	47876	55.03
871	48027	55.14
872	48058	55.11
873	48497	55.55
874	48335	55.30
875	48375	55.29
876	50177	57.28
877	48542	55.35
878	53614	61.06
879	52668	59.92
880	51865	58.94
881	49545	56.24
882	49918	56.60
883	49707	56.29
884	49648	56.16
885	49740	56.20
886	50838	57.38
887	50430	56.85
888	49702	55.97
889	51053	57.43
890	49746	55.89
891	49833	55.93
892	50626	56.76
893	50026	56.02
894	51474	57.58
895	50186	56.07
896	50275	56.11
897	50440	56.23
898	50551	56.29
899	50584	56.27
900	52408	58.23
901	52841	58.65
902	55284	61.29
903	50911	56.38
904	50978	56.39
905	56335	62.25
906	56180	62.01
907	52710	58.11
908	54103	59.58
909	52416	57.66
910	51575	56.68
911	53527	58.76
912	53921	59.12
913	51903	56.85
914	52060	56.96
915	59910	65.48
916	62870	68.64
917	52220	56.95
918	53192	57.94
919	52658	57.30
920	53262	57.89
921	55267	60.01
922	53285	57.79
923	52741	57.14
924	71738	77.64
925	59601	64.43
926	59169	63.90
927	57067	61.56
928	57784	62.27
929	66717	71.82
930	89327	96.05
931	63794	68.52
932	53634	57.55
933	56810	60.89
934	54855	58.73
935	54020	57.78
936	54643	58.38
937	55143	58.85
938	56239	59.96
939	55204	58.79
940	54468	57.94
941	54486	57.90
942	57621	61.17
943	54656	57.96
944	60197	63.77
945	54947	58.14
946	54987	58.13
947	55996	59.13
948	55133	58.16
949	55227	58.19
950	55306	58.22
951	57266	60.22
952	58022	60.95
953	62754	65.85
954	59423	62.29
955	55767	58.39
956	58296	60.98
957	55931	58.44
958	57128	59.63
959	56152	58.55
960	57739	60.14
961	56341	58.63
962	56438	58.67
963	56540	58.71
964	56622	58.74
965	65134	67.50
966	56881	58.88
967	56974	58.92
968	57080	58.97
969	57606	59.45
970	57244	59.01
971	57350	59.06
972	57664	59.33
973	57545	59.14
974	58970	60.54
975	63758	65.39
976	60506	61.99
977	57926	59.29
978	58137	59.44
979	58172	59.42
980	58205	59.39
981	58409	59.54
982	59864	60.96
983	59414	60.44
984	58622	59.58
985	62236	63.18
986	59366	60.21
987	59664	60.45
988	59462	60.18
989	60949	61.63
990	59328	59.93
991	59329	59.87
992	59390	59.87
993	59498	59.92
994	59574	59.93
995	59676	59.98
996	70283	70.57
997	59934	60.11
998	60018	60.14
999	60117	60.18
1000	60636	60.64
1001	60396	60.34
1002	61329	61.21
1003	67464	67.26
1004	60406	60.17
1005	60538	60.24
1006	60743	60.38
1007	61687	61.26
1008	68739	68.19
1009	63310	62.75
1010	61113	60.51
1011	61359	60.69
1012	61389	60.66
1013	61467	60.68
1014	61644	60.79
1015	63540	62.60
1016	61706	60.73
1017	61814	60.78
1018	62114	61.02
1019	62003	60.85
1020	62063	60.85
1021	62303	61.02
1022	64385	63.00
1023	74157	72.49
1024	62631	61.16
1025	63257	61.71
1026	63133	61.53
1027	63223	61.56
1028	69554	67.66
1029	69571	67.61
1030	68856	66.85
1031	64017	62.09
1032	66745	64.68
1033	63958	61.91
1034	65409	63.26
1035	65713	63.49
1036	64517	62.28
1037	64446	62.15
1038	64610	62.24
1039	64904	62.47
1040	66544	63.98
1041	68464	65.77
1042	64919	62.30
1043	65021	62.34
1044	65120	62.38
1045	65234	62.42
1046	65978	63.08
1047	67082	64.07
1048	77176	73.64
1049	67702	64.54
1050	66356	63.20
1051	65821	62.63
1052	67109	63.79
1053	68247	64.81
1054	67577	64.11
1055	66206	62.75
1056	67645	64.06
1057	66400	62.82
1058	70789	66.91
1059	66717	63.00
1060	66860	63.08
1061	66889	63.04
1062	67100	63.18
1063	67169	63.19
1064	74248	69.78
1065	67374	63.26
1066	67409	63.24
1067	67719	63.47
1068	69175	64.77
1069	67750	63.38
1070	71569	66.89
1071	68330	63.80
1072	68813	64.19
1073	68528	63.87
1074	69018	64.26
1075	68275	63.51
1076	70281	65.32
1077	72033	66.88
1078	68670	63.70
1079	68955	63.91
1080	69012	63.90
1081	69502	64.29
1082	69126	63.89
1083	70681	65.26
1084	70557	65.09
1085	69966	64.48
1086	69731	64.21
1087	69777	64.19
1088	79585	73.15
1089	70247	64.51
1090	71068	65.20
1091	71082	65.15
1092	70073	64.17
1093	75971	69.51
1094	70228	64.19
1095	71329	65.14
1096	75738	69.10
1097	72605	66.19
1098	72881	66.38
1099	70894	64.51
1100	72184	65.62
1101	72746	66.07
1102	72622	65.90
1103	71665	64.97
1104	71318	64.60
1105	71932	65.10
1106	71552	64.69
1107	74129	66.96
1108	71946	64.93
1109	71946	64.87
1110	74884	67.46
1111	72106	64.90
1112	72408	65.12
1113	72291	64.95
1114	72818	65.37
1115	72636	65.14
1116	75616	67.76
1117	73315	65.64
1118	72847	65.16
1119	76696	68.54
1120	81312	72.60
1121	73693	65.74
1122	73234	65.27
1123	84707	75.43
1124	96518	85.87
1125	74926	66.60
1126	79857	70.92
1127	73810	65.49
1128	75763	67.17
1129	74017	65.56
1130	74178	65.64
1131	74131	65.54
1132	80334	70.97
1133	78611	69.38
1134	74546	65.74
1135	75327	66.37
1136	74699	65.76
1137	74802	65.79
1138	77399	68.01
1139	75078	65.92
1140	76074	66.73
1141	77325	67.77
1142	81754	71.59
1143	75492	66.05
1144	75938	66.38
1145	75749	66.16
1146	76146	66.45
1147	77480	67.55
1148	77208	67.25
1149	80761	70.29
1150	78609	68.36
1151	76649	66.59
1152	76672	66.56
1153	77541	67.25
1154	77428	67.10
1155	78815	68.24
1156	78861	68.22
1157	81504	70.44
1158	81770	70.61
1159	78832	68.02
1160	77996	67.24
1161	78446	67.57
1162	78789	67.80
1163	79202	68.10
1164	78016	67.02
1165	78119	67.05
1166	80013	68.62
1167	78800	67.52
1168	78906	67.56
1169	79180	67.73
1170	79278	67.76
1171	79515	67.90
1172	79817	68.10
1173	80497	68.62
1174	79073	67.35
1175	79154	67.37
1176	79921	67.96
1177	79436	67.49
1178	79600	67.57
1179	81604	69.21
1180	80108	67.89
1181	80193	67.90
1182	80675	68.25
1183	80499	68.05
1184	80462	67.96
1185	80590	68.01
1186	81486	68.71
1187	84613	71.28
1188	81066	68.24
1189	82022	68.98
1190	81437	68.43
1191	85833	72.07
1192	84478	70.87
1193	81568	68.37
1194	82999	69.51
1195	89652	75.02
1196	84421	70.59
1197	84482	70.58
1198	85126	71.06
1199	84551	70.52
1200	86013	71.68
1201	84782	70.59
1202	85372	71.02
1203	88284	73.39
1204	85970	71.40
1205	100765	83.62
1206	99020	82.11
1207	98393	81.52
1208	85081	70.43
1209	85484	70.71
1210	87223	72.09
1211	91105	75.23
1212	86083	71.03
1213	85852	70.78
1214	89080	73.38
1215	99850	82.18
1216	84340	69.36
1217	88161	72.44
1218	84661	69.51
1219	84737	69.51
1220	84841	69.54
1221	90598	74.20
1222	97292	79.62
1223	85220	69.68
1224	85377	69.75
1225	85440	69.75
1226	87434	71.32
1227	87190	71.06
1228	90507	73.70
1229	92418	75.20
1230	88212	71.72
1231	86822	70.53
1232	87789	71.26
1233	87009	70.57
1234	88567	71.77
1235	87414	70.78
1236	86917	70.32
1237	97604	78.90
1238	87729	70.86
1239	88051	71.07
1240	87548	70.60
1241	91604	73.81
1242	88264	71.07
1243	87763	70.61
1244	92268	74.17
1245	90404	72.61
1246	88364	70.92
1247	88218	70.74
1248	88352	70.79
1249	89922	72.00
1250	91398	73.12
1251	88734	70.93
1252	90678	72.43
1253	88997	71.03
1254	91874	73.26
1255	94443	75.25
1256	92124	73.35
1257	93293	74.22
1258	89667	71.28
1259	99484	79.02
1260	91126	72.32
1261	90112	71.46
1262	90415	71.64
1263	92306	73.08
1264	90853	71.88
1265	91048	71.97
1266	90511	71.49
1267	90659	71.55
1268	91682	72.30
1269	90881	71.62
1270	91075	71.71
1271	91180	71.74
1272	93090	73.18
1273	92022	72.29
1274	91884	72.12
1275	91971	72.13
1276	92100	72.18
1277	93328	73.08
1278	94360	73.83
1279	92124	72.03
1280	92191	72.02
1281	97290	75.95
1282	93770	73.14
1283	98240	76.57
1284	105154	81.90
1285	96132	74.81
1286	93060	72.36
1287	94947	73.77
1288	103893	80.66
1289	107121	83.10
1290	95811	74.27
1291	98048	75.95
1292	96142	74.41
1293	101756	78.70
1294	98213	75.90
1295	103557	79.97
1296	94418	72.85
1297	94339	72.74
1298	94452	72.77
1299	96293	74.13
1300	98314	75.63
1301	96329	74.04
1302	94924	72.91
1303	98199	75.36
1304	95173	72.99
1305	96771	74.15
1306	95443	73.08
1307	114085	87.29
1308	95651	73.13
1309	101033	77.18
1310	95965	73.26
1311	96804	73.84
1312	96086	73.24
1313	96190	73.26
1314	99344	75.60
1315	112293	85.39
1316	103341	78.53
1317	96641	73.38
1318	97254	73.79
1319	97253	73.73
1320	98439	74.58
1321	99327	75.19
1322	97493	73.75
1323	99340	75.09
1324	97876	73.92
1325	99100	74.79
1326	100307	75.65
1327	98208	74.01
1328	98389	74.09
1329	98554	74.16
1330	105637	79.43
1331	98730	74.18
1332	100205	75.23
1333	100934	75.72
1334	100353	75.23
1335	100546	75.32
1336	110584	82.77
1337	99947	74.75
1338	100168	74.86
1339	100649	75.17
1340	101089	75.44
1341	101726	75.86
1342	108379	80.76
1343	101892	75.87
1344	100254	74.59
1345	100942	75.05
1346	100419	74.61
1347	101989	75.72
1348	100891	74.84
1349	108784	80.64
1350	103000	76.30
1351	101006	74.76
1352	103629	76.65
1353	103361	76.39
1354	101503	74.97
1355	102755	75.83
1356	103344	76.21
1357	102051	75.20
1358	102734	75.65
1359	102230	75.22
1360	102327	75.24
1361	104496	76.78
1362	102439	75.21
1363	102596	75.27
1364	102712	75.30
1365	111380	81.60
1366	102984	75.39
1367	109197	79.88
1368	103241	75.47
1369	112090	81.88
1370	106078	77.43
1371	104849	76.48
1372	103938	75.76
1373	106047	77.24
1374	103980	75.68
1375	104105	75.71
1376	106610	77.48
1377	107305	77.93
1378	107773	78.21
1379	105417	76.44
1380	104915	76.03
1381	106046	76.79
1382	111210	80.47
1383	105835	76.53
1384	107005	77.32
1385	105655	76.29
1386	106314	76.71
1387	105793	76.27
1388	106626	76.82
1389	107627	77.49
1390	111839	80.46
1391	106793	76.77
1392	106947	76.83
1393	108241	77.70
1394	109508	78.56
1395	110337	79.09
1396	109007	78.09
1397	107342	76.84
1398	109928	78.63
1399	107850	77.09
1400	109791	78.42
1401	108259	77.27
1402	109224	77.91
1403	117910	84.04
1404	114968	81.89
1405	108381	77.14
1406	109460	77.85
1407	110372	78.44
1408	109122	77.50
1409	110422	78.37
1410	108908	77.24
1411	115056	81.54
1412	132730	94.00
1413	112909	79.91
1414	109315	77.31
1415	109610	77.46
1416	111222	78.55
1417	109810	77.49
1418	112833	79.57
1419	125978	88.78
1420	115796	81.55
1421	110316	77.63
1422	121751	85.62
1423	110547	77.69
1424	118538	83.24
1425	113223	79.45
1426	113523	79.61
1427	112469	78.81
1428	111297	77.94
1429	112697	78.86
1430	112450	78.64
1431	113473	79.30
1432	112634	78.66
1433	118597	82.76
1434	112129	78.19
1435	112105	78.12
1436	115873	80.69
1437	112912	78.57
1438	113505	78.93
1439	113667	78.99
1440	114312	79.38
1441	112893	78.34
1442	113189	78.49
1443	113235	78.47
1444	120292	83.30
1445	115469	79.91
1446	113494	78.49
1447	115220	79.63
1448	118546	81.87
1449	115628	79.80
1450	116252	80.17
1451	116550	80.32
1452	115841	79.78
1453	123824	85.22
1454	127784	87.88
1455	118818	81.66
1456	117292	80.56
1457	117398	80.58
1458	116983	80.24
1459	134245	92.01
1460	124640	85.37
1461	120092	82.20
1462	116689	79.81
1463	117987	80.65
1464	120894	82.58
1465	119790	81.77
1466	117857	80.39
1467	118484	80.77
1468	118117	80.46
1469	118042	80.36
1470	119042	80.98
1471	121836	82.83
1472	118727	80.66
1473	117464	79.74
1474	117873	79.97
1475	118428	80.29
1476	117803	79.81
1477	118611	80.31
1478	119091	80.58
1479	119459	80.77
1480	118611	80.14
1481	118767	80.19
1482	118712	80.10
1483	122703	82.74
1484	119304	80.39
1485	122987	82.82
1486	119642	80.51
1487	119374	80.28
1488	123545	83.03
1489	125403	84.22
1490	119865	80.45
1491	126272	84.69
1492	119968	80.41
1493	120023	80.39
1494	121727	81.48
1495	128964	86.26
1496	120540	80.57
1497	120683	80.62
1498	122599	81.84
1499	122115	81.46
1500	130822	87.21
1501	124197	82.74
1502	121855	81.13
1503	125140	83.26
1504	121520	80.80
1505	127871	84.96
1506	121940	80.97
1507	131319	87.14
1508	122212	81.04
1509	122489	81.17
1510	127168	84.22
1511	134627	89.10
1512	126884	83.92
1513	123442	81.59
1514	125354	82.80
1515	142188	93.85
1516	137381	90.62
1517	125963	83.03
1518	123840	81.58
1519	125404	82.56
1520	124995	82.23
1521	124123	81.61
1522	124453	81.77
1523	125072	82.12
1524	125989	82.67
1525	128613	84.34
1526	131022	85.86
1527	125869	82.43
1528	126745	82.95
1529	127152	83.16
1530	126797	82.87
1531	125589	82.03
1532	125986	82.24
1533	125858	82.10
1534	132945	86.67
1535	126187	82.21
1536	127143	82.78
1537	129787	84.44
1538	126499	82.25
1539	130995	85.12
1540	127822	83.00
1541	127216	82.55
1542	127237	82.51
1543	130240	84.41
1544	127545	82.61
1545	128203	82.98
1546	129092	83.50
1547	128031	82.76
1548	130344	84.20
1549	129812	83.80
1550	128483	82.89
1551	128543	82.88
1552	129993	83.76
1553	136427	87.85
1554	129175	83.12
1555	131200	84.37
1556	132390	85.08
1557	130966	84.11
1558	136423	87.56
1559	132361	84.90
1560	129984	83.32
1561	131590	84.30
1562	141836	90.80
1563	139594	89.31
1564	130582	83.49
1565	130887	83.63
1566	132243	84.45
1567	130908	83.54
1568	134304	85.65
1569	134512	85.73
1570	131673	83.87
1571	132972	84.64
1572	152083	96.74
1573	135755	86.30
1574	133221	84.64
1575	132128	83.89
1576	132411	84.02
1577	135526	85.94
1578	133250	84.44
1579	133409	84.49
1580	133576	84.54
1581	135311	85.59
1582	134400	84.96
1583	135687	85.72
1584	134028	84.61
1585	135040	85.20
1586	142714	89.98
1587	133899	84.37
1588	133966	84.36
1589	138084	86.90
1590	145308	91.39
1591	134609	84.61
1592	134841	84.70
1593	140942	88.48
1594	138629	86.97
1595	138798	87.02
1596	136365	85.44
1597	136973	85.77
1598	135646	84.88
1599	141117	88.25
1600	139075	86.92
1601	138415	86.46
1602	137841	86.04
1603	141967	88.56
1604	141545	88.25
1605	137447	85.64
1606	139295	86.73
1607	137792	85.74
1608	139232	86.59
1609	138308	85.96
1610	154468	95.94
1611	137800	85.54
1612	137778	85.47
1613	151212	93.75
1614	140277	86.91
1615	139815	86.57
1616	144687	89.53
1617	138359	85.57
1618	145078	89.67
1619	142629	88.10
1620	139862	86.33
1621	140478	86.66
1622	140694	86.74
1623	140647	86.66
1624	139780	86.07
1625	147330	90.66
1626	142952	87.92
1627	140832	86.56
1628	146202	89.80
1629	140299	86.13
1630	140577	86.24
1631	143220	87.81
1632	140637	86.17
1633	144811	88.68
1634	146052	89.38
1635	141290	86.42
1636	141772	86.66
1637	147297	89.98
1638	151300	92.37
1639	142129	86.72
1640	142843	87.10
1641	143683	87.56
1642	145317	88.50
1643	142527	86.75
1644	142741	86.83
1645	145957	88.73
1646	148965	90.50
1647	144521	87.75
1648	143799	87.26
1649	144907	87.88
1650	143661	87.07
1651	158729	96.14
1652	152421	92.26
1653	144887	87.65
1654	145699	88.09
1655	144334	87.21
1656	145659	87.96
1657	144828	87.40
1658	146244	88.21
1659	159205	95.96
1660	145977	87.94
1661	151529	91.23
1662	148388	89.28
1663	145798	87.67
1664	148340	89.15
1665	148333	89.09
1666	146178	87.74
1667	152232	91.32
1668	146635	87.91
1669	146589	87.83
1670	154686	92.63
1671	147037	87.99
1672	147544	88.24
1673	149264	89.22
1674	147470	88.09
1675	147462	88.04
1676	154802	92.36
1677	147969	88.23
1678	148104	88.26
1679	148317	88.34
1680	156392	93.09
1681	152432	90.68
1682	148931	88.54
1683	150210	89.25
1684	156086	92.69
1685	150067	89.06
1686	149541	88.70
1687	152178	90.21
1688	157012	93.02
1689	156030	92.38
1690	150019	88.77
1691	151546	89.62
1692	156804	92.67
1693	153314	90.56
1694	153081	90.37
1695	152860	90.18
1696	152854	90.13
1697	152937	90.12
1698	152889	90.04
1699	153301	90.23
1700	152378	89.63
1701	155129	91.20
1702	155859	91.57
1703	153221	89.97
1704	153509	90.09
1705	152573	89.49
1706	152550	89.42
1707	153571	89.97
1708	156900	91.86
1709	164539	96.28
1710	154926	90.60
1711	163703	95.68
1712	154303	90.13
1713	162766	95.02
1714	153656	89.65
1715	155906	90.91
1716	159644	93.03
1717	157469	91.71
1718	154408	89.88
1719	158578	92.25
1720	162062	94.22
1721	156947	91.20
1722	156984	91.16
1723	155106	90.02
1724	156282	90.65
1725	155955	90.41
1726	155670	90.19
1727	157662	91.29
1728	159829	92.49
1729	157812	91.27
1730	160350	92.69
1731	158310	91.46
1732	163714	94.52
1733	156818	90.49
1734	159908	92.22
1735	158745	91.50
1736	157566	90.76
1737	165739	95.42
1738	160096	92.12
1739	161432	92.83
1740	169141	97.21
1741	170958	98.20
1742	159075	91.32
1743	158319	90.83
1744	160783	92.19
1745	161226	92.39
1746	160706	92.04
1747	160227	91.72
1748	166128	95.04
1749	170319	97.38
1750	176139	100.65
1751	159755	91.24
1752	162142	92.55
1753	161216	91.97
1754	165078	94.12
1755	164378	93.66
1756	161396	91.91
1757	160718	91.47
1758	161760	92.01
1759	161888	92.03
1760	163468	92.88
1761	161443	91.68
1762	161559	91.69
1763	169108	95.92
1764	164195	93.08
1765	164370	93.13
1766	162077	91.78
1767	173226	98.03
1768	163049	92.22
1769	166156	93.93
1770	169975	96.03
1771	169424	95.67
1772	166595	94.02
1773	163457	92.19
1774	164967	92.99
1775	166380	93.74
1776	164315	92.52
1777	179626	101.08
1778	169685	95.44
1779	168977	94.98
1780	168743	94.80
1781	165161	92.73
1782	167074	93.76
1783	166048	93.13
1784	165213	92.61
1785	166570	93.32
1786	168080	94.11
1787	167979	94.00
1788	165967	92.82
1789	166865	93.27
1790	167565	93.61
1791	166333	92.87
1792	168927	94.27
1793	170535	95.11
1794	166813	92.98
1795	169896	94.65
1796	175741	97.85
1797	168155	93.58
1798	168790	93.88
1799	167604	93.17
1800	178352	99.08
1801	168052	93.31
1802	169794	94.23
1803	171092	94.89
1804	177174	98.21
1805	169001	93.63
1806	172181	95.34
1807	170235	94.21
1808	180385	99.77
1809	169904	93.92
1810	169851	93.84
1811	171394	94.64
1812	191568	105.72
1813	170169	93.86
1814	176152	97.11
1815	170661	94.03
1816	179350	98.76
1817	172467	94.92
1818	172415	94.84
1819	171883	94.49
1820	173195	95.16
1821	176412	96.88
1822	172513	94.68
1823	172426	94.58
1824	178892	98.08
1825	174198	95.45
1826	173707	95.13
1827	172442	94.39
1828	173787	95.07
1829	178890	97.81
1830	174852	95.55
1831	175627	95.92
1832	180961	98.78
1833	174221	95.05
1834	176789	96.40
1835	173899	94.77
1836	176232	95.99
1837	175015	95.27
1838	183602	99.89
1839	174630	94.96
1840	174598	94.89
1841	177120	96.21
1842	177597	96.42
1843	180856	98.13
1844	175159	94.99
1845	180637	97.91
1846	176115	95.40
1847	180043	97.48
1848	180762	97.81
1849	181455	98.14
1850	186740	100.94
1851	188349	101.76
1852	179147	96.73
1853	176628	95.32
1854	180220	97.21
1855	178419	96.18
1856	178939	96.41
1857	187235	100.83
1858	180288	97.03
1859	182613	98.23
1860	178611	96.03
1861	181297	97.42
1862	180596	96.99
1863	180077	96.66
1864	190003	101.93
1865	178945	95.95
1866	184283	98.76
1867	184843	99.01
1868	179443	96.06
1869	183124	97.98
1870	180603	96.58
1871	186798	99.84
1872	180731	96.54
1873	181999	97.17
1874	186491	99.51
1875	183144	97.68
1876	193771	103.29
1877	182418	97.19
1878	183016	97.45
1879	184600	98.24
1880	184120	97.94
1881	182198	96.86
1882	193247	102.68
1883	184588	98.03
1884	185753	98.60
1885	182360	96.74
1886	186717	99.00
1887	182803	96.87
1888	184280	97.61
1889	187225	99.11
1890	183411	97.04
1891	191995	101.53
1892	183737	97.11
1893	190845	100.82
1894	185092	97.73
1895	191494	101.05
1896	184114	97.11
1897	193230	101.86
1898	185033	97.49
1899	185545	97.71
1900	207957	109.45
1901	190697	100.31
1902	186672	98.15
1903	186982	98.26
1904	192429	101.07
1905	186145	97.71
1906	192317	100.90
1907	193818	101.64
1908	202178	105.96
1909	187008	97.96
1910	189983	99.47
1911	208941	109.34
1912	192427	100.64
1913	187780	98.16
1914	190254	99.40
1915	192491	100.52
1916	188423	98.34
1917	194047	101.22
1918	195770	102.07
1919	190742	99.40
1920	191855	99.92
1921	191275	99.57
1922	188926	98.30
1923	190243	98.93
1924	195912	101.83
1925	192745	100.13
1926	195810	101.67
1927	190220	98.71
1928	191359	99.25
1929	201147	104.28
1930	222566	115.32
1931	192088	99.48
1932	191476	99.11
1933	193174	99.93
1934	191301	98.91
1935	192062	99.26
1936	198730	102.65
1937	192808	99.54
1938	192604	99.38
1939	193341	99.71
1940	199998	103.09
1941	193177	99.52
1942	196131	100.99
1943	202766	104.36
1944	192860	99.21
1945	197187	101.38
1946	193191	99.28
1947	203708	104.63
1948	193653	99.41
1949	211750	108.65
1950	214539	110.02
1951	196056	100.49
1952	194270	99.52
1953	196593	100.66
1954	199268	101.98
1955	195362	99.93
1956	196408	100.41
1957	196973	100.65
1958	196028	100.12
1959	195577	99.84
1960	197206	100.62
1961	207087	105.60
1962	201684	102.80
1963	197388	100.55
1964	198822	101.23
1965	206814	105.25
1966	201417	102.45
1967	198822	101.08
1968	203194	103.25
1969	198263	100.69
1970	199068	101.05
1971	201165	102.06
1972	203625	103.26
1973	198204	100.46
1974	202135	102.40
1975	199584	101.06
1976	199061	100.74
1977	200224	101.28
1978	208507	105.41
1979	200484	101.31
1980	201392	101.71
1981	204920	103.44
1982	212999	107.47
1983	201042	101.38
1984	201679	101.65
1985	203442	102.49
1986	200509	100.96
1987	207143	104.25
1988	206758	104.00
1989	208212	104.68
1990	202221	101.62
1991	203660	102.29
1992	201414	101.11
1993	206759	103.74
1994	201898	101.25
1995	204144	102.33
1996	210551	105.49
1997	202454	101.38
1998	205343	102.77
1999	205245	102.67
2000	205661	102.83
2001	204027	101.96
2002	211575	105.68
2003	204004	101.85
2004	205707	102.65
2005	209257	104.37
2006	205154	102.27
2007	214857	107.05
2008	205813	102.50
2009	221965	110.49
2010	205127	102.05
2011	211090	104.97
2012	215190	106.95
2013	205589	102.13
2014	206225	102.40
2015	207956	103.20
2016	207624	102.99
2017	207361	102.81
2018	206482	102.32
2019	207371	102.71
2020	206784	102.37
2021	207178	102.51
2022	207874	102.81
2023	212925	105.25
2024	207409	102.47
2025	210384	103.89
2026	218118	107.66
2027	213396	105.28
2028	213971	105.51
2029	221085	108.96
2030	208390	102.66
2031	210613	103.70
2032	217775	107.17
2033	213341	104.94
2034	210750	103.61
2035	216025	106.15
2036	254353	124.93
2037	267204	131.18
2038	217984	106.96
2039	212505	104.22
2040	284089	139.26
2041	331052	162.20
2042	210954	103.31
2043	212551	104.04
2044	213545	104.47
2045	220211	107.68
2046	211652	103.45
2047	213459	104.28
2048	222383	108.59
2049	218891	106.83
2050	213242	104.02
2051	221548	108.02
2052	218101	106.29
2053	216650	105.53
2054	221401	107.79
2055	215211	104.73
2056	215656	104.89
2057	217671	105.82
2058	218678	106.26
2059	214254	104.06
2060	217216	105.44
2061	215520	104.57
2062	216725	105.10
2063	224517	108.83
2064	217238	105.25
2065	218897	106.00
2066	221371	107.15
2067	222898	107.84
2068	220198	106.48
2069	218785	105.74
2070	225896	109.13
2071	219179	105.83
2072	219133	105.76
2073	222495	107.33
2074	229570	110.69
2075	219407	105.74
2076	226296	109.01
2077	219684	105.77
2078	219748	105.75
2079	218368	105.04
2080	220001	105.77
2081	218748	105.12
2082	221018	106.16
2083	219199	105.23
2084	223060	107.03
2085	220113	105.57
2086	225577	108.14
2087	224444	107.54
2088	220036	105.38
2089	235527	112.75
2090	220777	105.63
2091	232814	111.34
2092	230966	110.40
2093	221783	105.96
2094	223380	106.68
2095	224984	107.39
2096	222035	105.93
2097	232020	110.64
2098	237410	113.16
2099	222915	106.20
2100	224290	106.80
2101	225471	107.32
2102	224161	106.64
2103	223057	106.07
2104	224317	106.61
2105	223799	106.32
2106	254390	120.79
2107	234708	111.39
2108	235303	111.62
2109	224049	106.23
2110	228980	108.52
2111	232223	110.01
2112	226757	107.37
2113	235241	111.33
2114	227960	107.83
2115	230506	108.99
2116	229910	108.65
2117	235476	111.23
2118	227299	107.32
2119	226199	106.75
2120	229689	108.34
2121	230685	108.76
2122	228914	107.88
2123	226711	106.79
2124	228185	107.43
2125	233454	109.86
2126	232323	109.28
2127	228006	107.20
2128	230691	108.41
2129	229061	107.59
2130	237331	111.42
2131	229378	107.64
2132	237113	111.22
2133	230741	108.18
2134	229151	107.38
2135	237765	111.37
2136	229875	107.62
2137	231931	108.53
2138	230416	107.77
2139	237150	110.87
2140	231381	108.12
2141	239570	111.90
2142	239751	111.93
2143	231069	107.83
2144	235059	109.64
2145	231073	107.73
2146	238457	111.12
2147	235868	109.86
2148	233088	108.51
2149	233228	108.53
2150	238316	110.84
2151	234941	109.22
2152	239829	111.44
2153	295827	137.40
2154	286507	133.01
2155	250974	116.46
2156	237139	109.99
2157	247432	114.71
2158	236512	109.60
2159	242441	112.29
2160	234248	108.45
2161	236771	109.57
2162	242996	112.39
2163	237027	109.58
2164	236578	109.32
2165	243531	112.49
2166	240576	111.07
2167	247116	114.04
2168	246168	113.55
2169	235028	108.36
2170	239394	110.32
2171	239858	110.48
2172	242631	111.71
2173	236509	108.84
2174	244594	112.51
2175	237998	109.42
2176	238488	109.60
2177	241521	110.94
2178	239718	110.06
2179	237317	108.91
2180	239465	109.85
2181	238298	109.26
2182	238405	109.26
2183	244529	112.02
2184	239844	109.82
2185	241786	110.66
2186	252612	115.56
2187	241826	110.57
2188	250684	114.57
2189	240653	109.94
2190	242163	110.58
2191	250660	114.40
2192	244747	111.65
2193	247678	112.94
2194	247843	112.96
2195	241359	109.96
2196	242795	110.56
2197	244192	111.15
2198	245299	111.60
2199	242268	110.17
2200	242364	110.17
2201	243106	110.45
2202	242722	110.23
2203	244733	111.09
2204	245084	111.20
2205	255803	116.01
2206	257615	116.78
2207	245034	111.03
2208	254831	115.41
2209	253381	114.70
2210	247433	111.96
2211	253358	114.59
2212	248933	112.54
2213	246668	111.46
2214	266121	120.20
2215	245346	110.77
2216	249857	112.75
2217	245272	110.63
2218	245561	110.71
2219	254568	114.72
2220	251374	113.23
2221	249354	112.27
2222	247109	111.21
2223	247037	111.13
2224	252323	113.45
2225	250548	112.61
2226	249249	111.97
2227	248962	111.79
2228	248196	111.40
2229	265345	119.04
2230	250111	112.16
2231	255707	114.62
2232	251987	112.90
2233	251131	112.46
2234	249905	111.86
2235	249856	111.79
2236	250606	112.08
2237	253956	113.53
2238	252383	112.77
2239	255710	114.21
2240	252406	112.68
2241	251396	112.18
2242	270765	120.77
2243	252285	112.48
2244	265465	118.30
2245	258672	115.22
2246	259384	115.49
2247	252698	112.46
2248	258141	114.83
2249	255621	113.66
2250	258053	114.69
2251	253647	112.68
2252	253607	112.61
2253	252784	112.20
2254	270097	119.83
2255	255176	113.16
2256	262837	116.51
2257	255896	113.38
2258	256644	113.66
2259	263090	116.46
2260	254378	112.56
2261	264610	117.03
2262	256802	113.53
2263	262976	116.21
2264	258101	114.00
2265	256846	113.40
2266	260094	114.78
2267	261520	115.36
2268	258278	113.88
2269	257398	113.44
2270	256261	112.89
2271	262301	115.50
2272	256829	113.04
2273	264436	116.34
2274	262784	115.56
2275	264994	116.48
2276	258735	113.68
2277	259785	114.09
2278	266002	116.77
2279	258844	113.58
2280	265524	116.46
2281	260935	114.40
2282	260022	113.94
2283	261300	114.45
2284	261694	114.58
2285	259144	113.41
2286	260223	113.83
2287	259635	113.53
2288	268279	117.25
2289	261856	114.40
2290	261686	114.27
2291	269889	117.80
2292	269854	117.74
2293	272820	118.98
2294	263298	114.78
2295	262854	114.53
2296	275052	119.80
2297	285453	124.27
2298	263430	114.63
2299	266513	115.93
2300	264389	114.95
2301	262851	114.23
2302	272642	118.44
2303	262991	114.19
2304	267424	116.07
2305	278032	120.62
2306	269531	116.88
2307	276157	119.70
2308	265196	114.90
2309	285439	123.62
2310	266029	115.16
2311	270918	117.23
2312	268899	116.31
2313	267562	115.68
2314	271680	117.41
2315	267862	115.71
2316	272125	117.50
2317	273247	117.93
2318	271353	117.06
2319	269577	116.25
2320	267722	115.40
2321	271308	116.89
2322	274063	118.03
2323	268210	115.46
2324	271367	116.77
2325	267829	115.20
2326	277324	119.23
2327	272899	117.28
2328	271168	116.48
2329	273705	117.52
2330	274800	117.94
2331	280264	120.23
2332	272352	116.79
2333	280181	120.09
2334	270539	115.91
2335	271222	116.16
2336	271309	116.14
2337	271272	116.08
2338	270466	115.68
2339	270500	115.65
2340	282755	120.84
2341	277824	118.68
2342	272889	116.52
2343	272030	116.10
2344	279805	119.37
2345	277408	118.30
2346	276592	117.90
2347	276033	117.61
2348	273567	116.51
2349	291454	124.08
2350	278858	118.66
2351	276503	117.61
2352	276523	117.57
2353	274691	116.74
2354	277728	117.98
2355	275033	116.79
2356	276570	117.39
2357	274938	116.65
2358	277865	117.84
2359	276595	117.25
2360	278359	117.95
2361	285277	120.83
2362	286970	121.49
2363	288019	121.89
2364	277377	117.33
2365	279532	118.20
2366	280341	118.49
2367	278891	117.82
2368	278383	117.56
2369	280431	118.38
2370	276993	116.87
2371	280141	118.15
2372	283471	119.51
2373	284748	119.99
2374	279556	117.76
2375	281734	118.62
2376	286646	120.64
2377	280663	118.07
2378	291242	122.47
2379	281704	118.41
2380	284244	119.43
2381	283653	119.13
2382	283841	119.16
2383	289905	121.66
2384	283422	118.89
2385	283374	118.82
2386	280728	117.66
2387	290306	121.62
2388	283447	118.70
2389	286215	119.81
2390	284352	118.98
2391	291423	121.88
2392	284649	119.00
2393	281992	117.84
2394	290632	121.40
2395	287330	119.97
2396	289044	120.64
2397	286337	119.46
2398	289460	120.71
2399	286474	119.41
2400	292343	121.81
2401	289559	120.60
2402	288272	120.01
2403	289267	120.38
2404	288371	119.95
2405	307261	127.76
2406	288215	119.79
2407	304082	126.33
2408	291418	121.02
2409	285015	118.31
2410	291651	121.02
2411	287063	119.06
2412	291923	121.03
2413	294593	122.09
2414	287272	119.00
2415	288876	119.62
2416	290545	120.26
2417	323540	133.86
2418	305479	126.34
2419	290509	120.09
2420	299568	123.79
2421	288823	119.30
2422	303789	125.43
2423	300721	124.11
2424	300018	123.77
2425	294204	121.32
2426	290544	119.76
2427	300902	123.98
2428	291765	120.17
2429	300840	123.85
2430	298225	122.73
2431	307032	126.30
2432	294075	120.92
2433	299197	122.97
2434	291370	119.71
2435	292571	120.15
2436	292285	119.99
2437	297999	122.28
2438	291465	119.55
2439	303824	124.57
2440	296291	121.43
2441	296940	121.65
2442	298097	122.07
2443	295865	121.11
2444	316680	129.57
2445	296687	121.34
2446	300726	122.95
2447	294795	120.47
2448	294643	120.36
2449	294115	120.10
2450	311888	127.30
2451	308052	125.68
2452	296639	120.98
2453	299996	122.30
2454	298587	121.67
2455	304271	123.94
2456	301073	122.59
2457	298191	121.36
2458	297150	120.89
2459	316642	128.77
2460	310618	126.27
2461	298676	121.36
2462	298409	121.21
2463	299635	121.65
2464	299059	121.37
2465	297981	120.88
2466	298839	121.18
2467	309697	125.54
2468	299502	121.35
2469	301917	122.28
2470	311723	126.20
2471	309717	125.34
2472	309028	125.01
2473	300862	121.66
2474	307774	124.40
2475	301853	121.96
2476	301255	121.67
2477	304217	122.82
2478	311384	125.66
2479	313681	126.54
2480	306307	123.51
2481	317969	128.16
2482	302009	121.68
2483	302847	121.97
2484	311534	125.42
2485	302726	121.82
2486	318097	127.96
2487	307217	123.53
2488	318317	127.94
2489	304691	122.42
2490	320970	128.90
2491	308375	123.80
2492	308757	123.90
2493	317297	127.28
2494	305404	122.46
2495	307225	123.14
2496	312932	125.37
2497	318313	127.48
2498	309057	123.72
2499	306860	122.79
2500	316585	126.63
2501	307832	123.08
2502	314898	125.86
2503	308517	123.26
2504	311571	124.43
2505	320433	127.92
2506	325273	129.80
2507	311929	124.42
2508	309556	123.43
2509	310787	123.87
2510	308215	122.79
2511	308863	123.00
2512	307795	122.53
2513	325218	129.41
2514	311021	123.72
2515	308817	122.79
2516	310299	123.33
2517	317220	126.03
2518	314631	124.95
2519	311593	123.70
2520	310956	123.40
2521	311241	123.46
2522	313225	124.20
2523	311889	123.62
2524	311305	123.34
2525	318676	126.21
2526	313426	124.08
2527	335093	132.61
2528	313898	124.17
2529	319232	126.23
2530	317527	125.50
2531	322895	127.58
2532	312629	123.47
2533	315567	124.58
2534	323284	127.58
2535	315353	124.40
2536	313278	123.53
2537	319994	126.13
2538	319526	125.90
2539	316489	124.65
2540	319015	125.60
2541	322362	126.86
2542	353680	139.13
2543	319980	125.83
2544	320590	126.02
2545	325607	127.94
2546	319017	125.30
2547	323846	127.15
2548	321256	126.08
2549	334152	131.09
2550	318316	124.83
2551	318625	124.90
2552	321163	125.85
2553	330171	129.33
2554	320174	125.36
2555	332606	130.18
2556	327035	127.95
2557	328228	128.36
2558	324944	127.03
2559	322465	126.01
2560	331962	129.67
2561	337981	131.97
2562	325181	126.92
2563	322240	125.73
2564	323770	126.28
2565	321697	125.42
2566	320351	124.84
2567	323468	126.01
2568	325792	126.87
2569	325177	126.58
2570	324919	126.43
2571	331787	129.05
2572	330461	128.48
2573	328509	127.68
2574	324254	125.97
2575	324880	126.17
2576	323010	125.39
2577	325451	126.29
2578	323157	125.35
2579	323030	125.25
2580	330717	128.18
2581	324933	125.89
2582	339405	131.45
2583	328967	127.36
2584	337906	130.77
2585	327130	126.55
2586	334857	129.49
2587	326531	126.22
2588	335656	129.70
2589	327101	126.34
2590	335386	129.49
2591	330477	127.55
2592	328208	126.62
2593	339266	130.84
2594	329339	126.96
2595	328944	126.76
2596	333516	128.47
2597	335817	129.31
2598	328692	126.52
2599	327630	126.06
2600	333298	128.19
2601	336314	129.30
2602	331347	127.34
2603	334997	128.70
2604	344620	132.34
2605	341308	131.02
2606	333197	127.86
2607	338907	130.00
2608	332190	127.37
2609	342229	131.17
2610	332595	127.43
2611	348109	133.32
2612	335782	128.55
2613	333648	127.69
2614	331213	126.71
2615	342181	130.85
2616	338882	129.54
2617	335473	128.19
2618	336945	128.70
2619	332704	127.03
2620	337603	128.86
2621	335827	128.13
2622	340313	129.79
2623	339319	129.36
2624	344523	131.30
2625	345937	131.79
2626	343308	130.73
2627	339919	129.39
2628	367420	139.81
2629	340496	129.52
2630	351046	133.48
2631	337595	128.31
2632	338373	128.56
2633	339876	129.08
2634	337631	128.18
2635	337044	127.91
2636	336325	127.59
2637	343864	130.40
2638	337539	127.95
2639	349189	132.32
2640	342824	129.86
2641	344769	130.54
2642	342501	129.64
2643	348736	131.95
2644	339718	128.49
2645	341851	129.24
2646	341384	129.02
2647	341479	129.01
2648	347294	131.15
2649	349539	131.95
2650	342371	129.20
2651	341443	128.80
2652	347896	131.18
2653	361892	136.41
2654	350934	132.23
2655	346517	130.51
2656	378746	142.60
2657	364983	137.37
2658	348256	131.02
2659	348322	131.00
2660	348566	131.04
2661	348568	130.99
2662	345145	129.66
2663	353214	132.64
2664	345384	129.65
2665	352111	132.12
2666	343802	128.96
2667	357222	133.94
2668	349063	130.83
2669	368169	137.94
2670	351142	131.51
2671	348934	130.64
2672	348081	130.27
2673	348389	130.34
2674	353056	132.03
2675	353936	132.31
2676	351083	131.20
2677	348026	130.01
2678	352965	131.80
2679	356071	132.91
2680	351331	131.09
2681	355369	132.55
2682	349525	130.32
2683	349586	130.30
2684	356343	132.77
2685	353748	131.75
2686	349545	130.14
2687	359528	133.80
2688	350958	130.56
2689	358652	133.38
2690	356360	132.48
2691	351063	130.46
2692	361469	134.28
2693	357996	132.94
2694	359975	133.62
2695	352387	130.76
2696	356349	132.18
2697	353767	131.17
2698	353820	131.14
2699	358603	132.87
2700	356700	132.11
2701	354332	131.19
2702	358878	132.82
2703	363549	134.50
2704	370378	136.97
2705	355362	131.37
2706	380758	140.71
2707	354478	130.95
2708	368796	136.19
2709	355798	131.34
2710	363242	134.04
2711	358849	132.37
2712	357620	131.87
2713	356806	131.52
2714	362358	133.51
2715	360690	132.85
2716	363759	133.93
2717	365028	134.35
2718	360023	132.46
2719	365539	134.44
2720	359705	132.24
2721	361224	132.75
2722	359909	132.22
2723	361727	132.84
2724	362870	133.21
2725	380723	139.71
2726	360001	132.06
2727	359678	131.90
2728	364967	133.79
2729	366420	134.27
2730	362686	132.85
2731	366540	134.21
2732	370438	135.59
2733	371414	135.90
2734	361550	132.24
2735	364068	133.11
2736	360737	131.85
2737	361499	132.08
2738	367096	134.07
2739	372710	136.08
2740	363751	132.76
2741	364419	132.95
2742	368985	134.57
2743	366373	133.57
2744	365085	133.05
2745	386030	140.63
2746	368942	134.36
2747	366428	133.39
2748	364342	132.58
2749	366732	133.41
2750	369654	134.42
2751	365200	132.75
2752	374818	136.20
2753	366748	133.22
2754	372938	135.42
2755	374331	135.87
2756	384739	139.60
2757	368582	133.69
2758	372336	135.00
2759	368017	133.39
2760	369916	134.03
2761	366197	132.63
2762	367194	132.94
2763	375908	136.05
2764	378349	136.88
2765	370009	133.82
2766	376873	136.25
2767	370351	133.85
2768	378814	136.85
2769	372605	134.56
2770	374507	135.20
2771	371302	134.00
2772	378431	136.52
2773	372449	134.31
2774	382645	137.94
2775	371796	133.98
2776	393539	141.76
2777	375674	135.28
2778	376435	135.51
2779	376380	135.44
2780	378392	136.11
2781	385642	138.67
2782	380339	136.71
2783	378336	135.95
2784	380703	136.75
2785	379649	136.32
2786	374976	134.59
2787	380174	136.41
2788	378713	135.84
2789	385757	138.31
2790	383518	137.46
2791	378203	135.51
2792	391094	140.08
2793	380679	136.30
2794	384432	137.59
2795	381329	136.43
2796	382621	136.85
2797	380120	135.90
2798	377176	134.80
2799	378645	135.28
2800	383982	137.14
2801	378799	135.24
2802	396867	141.64
2803	398476	142.16
2804	378187	134.87
2805	384045	136.91
2806	388550	138.47
2807	390234	139.02
2808	385499	137.29
2809	379489	135.10
2810	381921	135.91
2811	380912	135.51
2812	380968	135.48
2813	379893	135.05
2814	389808	138.52
2815	394760	140.23
2816	386796	137.36
2817	388989	138.09
2818	391476	138.92
2819	382813	135.80
2820	386933	137.21
2821	383140	135.82
2822	383792	136.00
2823	383073	135.70
2824	395212	139.95
2825	386695	136.88
2826	384336	136.00
2827	392814	138.95
2828	390003	137.91
2829	384514	135.92
2830	395341	139.70
2831	395180	139.59
2832	393152	138.82
2833	390181	137.73
2834	388001	136.91
2835	385102	135.84
2836	386906	136.43
2837	408061	143.84
2838	388345	136.84
2839	392397	138.22
2840	391870	137.98
2841	392811	138.27
2842	390898	137.54
2843	393853	138.53
2844	388083	136.46
2845	400220	140.67
2846	402286	141.35
2847	389164	136.69
2848	413388	145.15
2849	390614	137.11
2850	395332	138.71
2851	390468	136.96
2852	397732	139.46
2853	401302	140.66
2854	397537	139.29
2855	391369	137.08
2856	391758	137.17
2857	400029	140.02
2858	393202	137.58
2859	395142	138.21
2860	397911	139.13
2861	403793	141.14
2862	404958	141.49
2863	399080	139.39
2864	403503	140.89
2865	397170	138.63
2866	397487	138.69
2867	400059	139.54
2868	396756	138.34
2869	398789	139.00
2870	400064	139.40
2871	396882	138.24
2872	394298	137.29
2873	409465	142.52
2874	397674	138.37
2875	395598	137.60
2876	407009	141.52
2877	401623	139.60
2878	399014	138.64
2879	398157	138.30
2880	397235	137.93
2881	400430	138.99
2882	403845	140.13
2883	400468	138.91
2884	426513	147.89
2885	412492	142.98
2886	405783	140.60
2887	402050	139.26
2888	406478	140.75
2889	406508	140.71
2890	401160	138.81
2891	399859	138.31
2892	413529	142.99
2893	406879	140.64
2894	401069	138.59
2895	411675	142.20
2896	410881	141.88
2897	406396	140.28
2898	410643	141.70
2899	404721	139.61
2900	414687	143.00
2901	405286	139.71
2902	406252	139.99
2903	419020	144.34
2904	407629	140.37
2905	419994	144.58
2906	405453	139.52
2907	408317	140.46
2908	409149	140.70
2909	414999	142.66
2910	412166	141.64
2911	420931	144.60
2912	413827	142.11
2913	409408	140.55
2914	406577	139.53
2915	405111	138.97
2916	409324	140.37
2917	414933	142.25
2918	412994	141.53
2919	408130	139.82
2920	414262	141.87
2921	416630	142.63
2922	410560	140.51
2923	409776	140.19
2924	409355	140.00
2925	409281	139.93
2926	415592	142.03
2927	424738	145.11
2928	416793	142.35
2929	424598	144.96
2930	412075	140.64
2931	418724	142.86
2932	418098	142.60
2933	418583	142.71
2934	414020	141.11
2935	413806	140.99
2936	421699	143.63
2937	414307	141.06
2938	416388	141.72
2939	415607	141.41
2940	424302	144.32
2941	413661	140.65
2942	456399	155.13
2943	474773	161.32
2944	422476	143.50
2945	416644	141.48
2946	422424	143.39
2947	418006	141.84
2948	428613	145.39
2949	416123	141.11
2950	426716	144.65
2951	427727	144.94
2952	416951	141.24
2953	418269	141.64
2954	422085	142.89
2955	434642	147.09
2956	420114	142.12
2957	419429	141.84
2958	417782	141.24
2959	418445	141.41
2960	426267	144.01
2961	434603	146.78
2962	424267	143.24
2963	440001	148.50
2964	419601	141.57
2965	425707	143.58
2966	427107	144.00
2967	424388	143.04
2968	426523	143.71
2969	423729	142.72
2970	419953	141.40
2971	421182	141.76
2972	425448	143.15
2973	430095	144.67
2974	422625	142.11
2975	433096	145.58
2976	424478	142.63
2977	431157	144.83
2978	429569	144.25
2979	425927	142.98
2980	425522	142.79
2981	431049	144.60
2982	428451	143.68
2983	426981	143.14
2984	432046	144.79
2985	431912	144.69
2986	426588	142.86
2987	435525	145.81
2988	429553	143.76
2989	428789	143.46
2990	426953	142.79
2991	425022	142.10
2992	433411	144.86
2993	437397	146.14
2994	438958	146.61
2995	427342	142.69
2996	432306	144.29
2997	435925	145.45
2998	428934	143.07
2999	435075	145.07
3000	433871	144.62
3001	429904	143.25
3002	448241	149.31
3003	463032	154.19
3004	429760	143.06
3005	443338	147.53
3006	432416	143.85
3007	443133	147.37
3008	445687	148.17
3009	434876	144.53
3010	430317	142.96
3011	448679	149.01
3012	434241	144.17
3013	430757	142.97
3014	436922	144.96
3015	443298	147.03
3016	450744	149.45
3017	438533	145.35
3018	450353	149.22
3019	433433	143.57
3020	437059	144.72
3021	433224	143.40
3022	440132	145.64
3023	441074	145.91
3024	435784	144.11
3025	435516	143.97
3026	449099	148.41
3027	437879	144.66
3028	445134	147.01
3029	440574	145.45
3030	440590	145.41
3031	442974	146.15
3032	440413	145.25
3033	436479	143.91
3034	441542	145.53
3035	438546	144.50
3036	472196	155.53
3037	458303	150.91
3038	443213	145.89
3039	440908	145.08
3040	444940	146.36
3041	445038	146.35
3042	447734	147.18
3043	444629	146.12
3044	458887	150.75
3045	440785	144.76
3046	448686	147.30
3047	451117	148.05
3048	444707	145.90
3049	463004	151.85
3050	446478	146.39
3051	442642	145.08
3052	447847	146.74
3053	443991	145.43
3054	441691	144.63
3055	478239	156.54
3056	451677	147.80
3057	460395	150.60
3058	447227	146.25
3059	446758	146.05
3060	452183	147.77
3061	448606	146.56
3062	450713	147.20
3063	452382	147.69
3064	448030	146.22
3065	445828	145.46
3066	460784	150.29
3067	447061	145.76
3068	445838	145.32
3069	461363	150.33
3070	448481	146.09
3071	448081	145.91
3072	448249	145.91
3073	447220	145.53
3074	451833	146.99
3075	449799	146.28
3076	456911	148.54
3077	464656	151.01
3078	451332	146.63
3079	460350	149.51
3080	464507	150.81
3081	455832	147.95
3082	453681	147.20
3083	451166	146.34
3084	469464	152.23
3085	451412	146.32
3086	458425	148.55
3087	460536	149.19
3088	457498	148.15
3089	463214	149.96
3090	457660	148.11
3091	462011	149.47
3092	453082	146.53
3093	456931	147.73
3094	468390	151.39
3095	465304	150.34
3096	458379	148.06
3097	460006	148.53
3098	460141	148.53
3099	456612	147.34
3100	485144	156.50
3101	462932	149.28
3102	460239	148.37
3103	475794	153.33
3104	471959	152.05
3105	460015	148.15
3106	461013	148.43
3107	476632	153.41
3108	467406	150.39
3109	464832	149.51
3110	460345	148.02
3111	459853	147.82
3112	462955	148.76
3113	460233	147.84
3114	472908	151.87
3115	467299	150.02
3116	464216	148.98
3117	467140	149.87
3118	470738	150.97
3119	469111	150.40
3120	462898	148.36
3121	466771	149.56
3122	468355	150.02
3123	463975	148.57
3124	482586	154.48
3125	471152	150.77
3126	470433	150.49
3127	466182	149.08
3128	467304	149.39
3129	467489	149.41
3130	481072	153.70
3131	466124	148.87
3132	477625	152.50
3133	466173	148.79
3134	464935	148.35
3135	506321	161.51
3136	490435	156.39
3137	468571	149.37
3138	466434	148.64
3139	477584	152.15
3140	471417	150.13
3141	468640	149.20
3142	465585	148.18
3143	475914	151.42
3144	487366	155.01
3145	478679	152.20
3146	469570	149.26
3147	476670	151.47
3148	477860	151.80
3149	478018	151.80
3150	481053	152.72
3151	470260	149.24
3152	473303	150.16
3153	478249	151.68
3154	473827	150.23
3155	476145	150.92
3156	479475	151.92
3157	475267	150.54
3158	478173	151.42
3159	485677	153.74
3160	478563	151.44
3161	474178	150.01
3162	471174	149.01
3163	674375	213.21
3164	534803	169.03
3165	478792	151.28
3166	479079	151.32
3167	474416	149.80
3168	485556	153.27
3169	499021	157.47
3170	481211	151.80
3171	480052	151.39
3172	475346	149.86
3173	483378	152.34
3174	476823	150.23
3175	495953	156.21
3176	494050	155.56
3177	479494	150.93
3178	478684	150.62
3179	486344	152.99
3180	480046	150.96
3181	483947	152.14
3182	486161	152.78
3183	479063	150.51
3184	484481	152.16
3185	492387	154.60
3186	486859	152.81
3187	503712	158.05
3188	489739	153.62
3189	481660	151.04
3190	481321	150.88
3191	487368	152.73
3192	486227	152.33
3193	491117	153.81
3194	487653	152.68
3195	489944	153.35
3196	487294	152.47
3197	498156	155.82
3198	486052	151.99
3199	488577	152.73
3200	488895	152.78
3201	484013	151.21
3202	487165	152.14
3203	513783	160.41
3204	485722	151.60
3205	489545	152.74
3206	497707	155.24
3207	485480	151.38
3208	485097	151.21
3209	485232	151.21
3210	490799	152.90
3211	488569	152.15
3212	498624	155.24
3213	500642	155.82
3214	491635	152.97
3215	498970	155.20
3216	500402	155.60
3217	488845	151.96
3218	496467	154.28
3219	497248	154.47
3220	491962	152.78
3221	498136	154.65
3222	499689	155.09
3223	492970	152.95
3224	497058	154.17
3225	502510	155.82
3226	499254	154.76
3227	493004	152.77
3228	502745	155.75
3229	518520	160.58
3230	492956	152.62
3231	510582	158.03
3232	502576	155.50
3233	543169	168.01
3234	499225	154.37
3235	510919	157.93
3236	496666	153.48
3237	494350	152.72
3238	496722	153.40
3239	498678	153.96
3240	497614	153.58
3241	509522	157.21
3242	510514	157.47
3243	499614	154.06
3244	503438	155.19
3245	504063	155.34
3246	498535	153.58
3247	498312	153.47
3248	498578	153.50
3249	498492	153.43
3250	502503	154.62
3251	504851	155.29
3252	506854	155.86
3253	499990	153.70
3254	503638	154.78
3255	504567	155.01
3256	503114	154.52
3257	647226	198.72
3258	572648	175.77
3259	506237	155.34
3260	504273	154.68
3261	501042	153.65
3262	520121	159.45
3263	513416	157.34
3264	504965	154.71
3265	502023	153.76
3266	505513	154.78
3267	518202	158.62
3268	509602	155.94
3269	501297	153.35
3270	516535	157.96
3271	511948	156.51
3272	508872	155.52
3273	502812	153.62
3274	502640	153.52
3275	509717	155.64
3276	511612	156.17
3277	513770	156.78
3278	504029	153.76
3279	513072	156.47
3280	518212	157.99
3281	510821	155.69
3282	509476	155.23
3283	505722	154.04
3284	519180	158.09
3285	514442	156.60
3286	515591	156.91
3287	519419	158.02
3288	513897	156.29
3289	512563	155.84
3290	513975	156.22
3291	507758	154.29
3292	516395	156.86
3293	533631	162.05
3294	511586	155.31
3295	516781	156.84
3296	515038	156.26
3297	518682	157.32
3298	518186	157.12
3299	515273	156.19
3300	518109	157.00
3301	515333	156.11
3302	534272	161.80
3303	523918	158.62
3304	520083	157.41
3305	517801	156.67
3306	524306	158.59
3307	522245	157.92
3308	515970	155.98
3309	523249	158.13
3310	528614	159.70
3311	525614	158.75
3312	519661	156.90
3313	524291	158.25
3314	520137	156.95
3315	561421	169.36
3316	563836	170.03
3317	958107	288.85
3318	889042	267.95
3319	528985	159.38
3320	517740	155.95
3321	527500	158.84
3322	524530	157.90
3323	543573	163.58
3324	523065	157.36
3325	525441	158.03
3326	525959	158.14
3327	517532	155.56
3328	525583	157.93
3329	532664	160.01
3330	536994	161.26
3331	522215	156.77
3332	533650	160.16
3333	526201	157.88
3334	520903	156.24
3335	522827	156.77
3336	543190	162.83
3337	523788	156.96
3338	530101	158.81
3339	530315	158.82
3340	528263	158.16
3341	528667	158.24
3342	528198	158.05
3343	535859	160.29
3344	525234	157.07
3345	532633	159.23
3346	527774	157.73
3347	542189	161.99
3348	548164	163.73
3349	526809	157.30
3350	531898	158.78
3351	542914	162.02
3352	537639	160.39
3353	531004	158.37
3354	537591	160.28
3355	556456	165.86
3356	543421	161.93
3357	534325	159.17
3358	533601	158.90
3359	534397	159.09
3360	533838	158.88
3361	530833	157.94
3362	534576	159.01
3363	538397	160.09
3364	537247	159.70
3365	538204	159.94
3366	537647	159.73
3367	536817	159.43
3368	546270	162.19
3369	534757	158.73
3370	530100	157.30
3371	568310	168.59
3372	545272	161.71
3373	533768	158.25
3374	540078	160.07
3375	542138	160.63
3376	536156	158.81
3377	586038	173.54
3378	535282	158.46
3379	542187	160.46
3380	556917	164.77
3381	547207	161.85
3382	534726	158.11
3383	541977	160.21
3384	564302	166.76
3385	541257	159.90
3386	536084	158.32
3387	536547	158.41
3388	538718	159.01
3389	555990	164.06
3390	543771	160.40
3391	544711	160.63
3392	548926	161.83
3393	547706	161.42
3394	541450	159.53
3395	556840	164.02
3396	563648	165.97
3397	542402	159.67
3398	547083	161.00
3399	545292	160.43
3400	549036	161.48
3401	549678	161.62
3402	556043	163.45
3403	567766	166.84
3404	545864	160.36
3405	548122	160.98
3406	546729	160.52
3407	562166	165.00
3408	547056	160.52
3409	545843	160.12
3410	544193	159.59
3411	548111	160.69
3412	550043	161.21
3413	559793	164.02
3414	556142	162.90
3415	569783	166.85
3416	559345	163.74
3417	564444	165.19
3418	551507	161.35
3419	549278	160.65
3420	546198	159.71
3421	550299	160.86
3422	562022	164.24
3423	559001	163.31
3424	551100	160.95
3425	562327	164.18
3426	552281	161.20
3427	555026	161.96
3428	550026	160.45
3429	555751	162.07
3430	553697	161.43
3431	580277	169.13
3432	556822	162.24
3433	563075	164.02
3434	560937	163.35
3435	569779	165.87
3436	557153	162.15
3437	554490	161.33
3438	556745	161.94
3439	564705	164.21
3440	588007	170.93
3441	559691	162.65
3442	564574	164.02
3443	568572	165.14
3444	555378	161.26
3445	556121	161.43
3446	555852	161.30
3447	565436	164.04
3448	566324	164.25
3449	565486	163.96
3450	559023	162.04
3451	572713	165.96
3452	559029	161.94
3453	607768	176.01
3454	571290	165.40
3455	560781	162.31
3456	573752	166.02
3457	565036	163.45
3458	564021	163.11
3459	563183	162.82
3460	564599	163.18
3461	564425	163.08
3462	568753	164.28
3463	566521	163.59
3464	558829	161.32
3465	573536	165.52
3466	572325	165.13
3467	562538	162.25
3468	569148	164.11
3469	562196	162.06
3470	566038	163.12
3471	568305	163.73
3472	574194	165.38
3473	571308	164.50
3474	568961	163.78
3475	570778	164.25
3476	571586	164.44
3477	568037	163.37
3478	564873	162.41
3479	579847	166.67
3480	572608	164.54
3481	584723	167.98
3482	574098	164.88
3483	572486	164.37
3484	576831	165.57
3485	574774	164.93
3486	572609	164.26
3487	568614	163.07
3488	573905	164.54
3489	587396	168.36
3490	574567	164.63
3491	570781	163.50
3492	571701	163.72
3493	570618	163.36
3494	572457	163.84
3495	576901	165.06
3496	577346	165.14
3497	582335	166.52
3498	574993	164.38
3499	585883	167.44
3500	595423	170.12
3501	574608	164.13
3502	593225	169.40
3503	579802	165.52
3504	581082	165.83
3505	590179	168.38
3506	581447	165.84
3507	583665	166.43
3508	579161	165.10
3509	579836	165.24
3510	579137	165.00
3511	597307	170.12
3512	576312	164.10
3513	583203	166.01
3514	584075	166.21
3515	583940	166.13
3516	586852	166.91
3517	579656	164.82
3518	583413	165.84
3519	667449	189.67
3520	610038	173.31
3521	590998	167.85
3522	608813	172.86
3523	581644	165.10
3524	578914	164.28
3525	584478	165.81
3526	586287	166.28
3527	594811	168.65
3528	593061	168.10
3529	586235	166.12
3530	580229	164.37
3531	585094	165.70
3532	593686	168.09
3533	587275	166.23
3534	584641	165.43
3535	588953	166.61
3536	589125	166.61
3537	600307	169.72
3538	590542	166.91
3539	590846	166.95
3540	590373	166.77
3541	588404	166.17
3542	591757	167.07
3543	592472	167.22
3544	596886	168.42
3545	588145	165.91
3546	595592	167.96
3547	599244	168.94
3548	600252	169.18
3549	587306	165.48
3550	592578	166.92
3551	597563	168.28
3552	602206	169.54
3553	594192	167.24
3554	598579	168.42
3555	615670	173.18
3556	591129	166.23
3557	590144	165.91
3558	590459	165.95
3559	599706	168.50
3560	601286	168.90
3561	597872	167.89
3562	758420	212.92
3563	616404	173.00
3564	614749	172.49
3565	614649	172.41
3566	614512	172.33
3567	596755	167.30
3568	613533	171.95
3569	597298	167.36
3570	604406	169.30
3571	596163	166.95
3572	593981	166.29
3573	603408	168.88
3574	600758	168.09
3575	606263	169.58
3576	613395	171.53
3577	609078	170.28
3578	602519	168.40
3579	598484	167.22
3580	599293	167.40
3581	609707	170.26
3582	603672	168.53
3583	601558	167.89
3584	606361	169.19
3585	605244	168.83
3586	611793	170.61
3587	606874	169.19
3588	598712	166.87
3589	605628	168.75
3590	610141	169.96
3591	631616	175.89
3592	606417	168.82
3593	611429	170.17
3594	609277	169.53
3595	609428	169.52
3596	607047	168.81
3597	601440	167.21
3598	616133	171.24
3599	600013	166.72
3600	618126	171.70
3601	605994	168.28
3602	619880	172.09
3603	615788	170.91
3604	610976	169.53
3605	620705	172.18
3606	609585	169.05
3607	613343	170.04
3608	615631	170.63
3609	630067	174.58
3610	606983	168.14
3611	607753	168.31
3612	612140	169.47
3613	657016	181.85
3614	620456	171.68
3615	613665	169.76
3616	814798	225.33
3617	612714	169.40
3618	618375	170.92
3619	719535	198.82
3620	614972	169.88
3621	802456	221.61
3622	638493	176.28
3623	618610	170.75
3624	610331	168.41
3625	613032	169.11
3626	612260	168.85
3627	609224	167.97
3628	625326	172.36
3629	626506	172.64
3630	615197	169.48
3631	616764	169.86
3632	613174	168.83
3633	615922	169.54
3634	620947	170.87
3635	619434	170.41
3636	623012	171.35
3637	622277	171.10
3638	622883	171.22
3639	616097	169.30
3640	613271	168.48
3641	621661	170.74
3642	630834	173.21
3643	627130	172.15
3644	622518	170.83
3645	619690	170.01
3646	626623	171.87
3647	616663	169.09
3648	627794	172.09
3649	634357	173.84
3650	637455	174.65
3651	623814	170.86
3652	644100	176.37
3653	618695	169.37
3654	622712	170.42
3655	623963	170.71
3656	633947	173.40
3657	634571	173.52
3658	633949	173.30
3659	635508	173.68
3660	648652	177.23
3661	624065	170.46
3662	623695	170.32
3663	623843	170.31
3664	626599	171.02
3665	627880	171.32
3666	644199	175.72
3667	629676	171.71
3668	626864	170.90
3669	635684	173.26
3670	651918	177.63
3671	634896	172.95
3672	629805	171.52
3673	634272	172.68
3674	634681	172.75
3675	628314	170.97
3676	635252	172.81
3677	632152	171.92
3678	629277	171.09
3679	637223	173.21
3680	630681	171.38
3681	642698	174.60
3682	632523	171.79
3683	638352	173.32
3684	628767	170.68
3685	639551	173.56
3686	637348	172.91
3687	656547	178.07
3688	633087	171.66
3689	645316	174.93
3690	630536	170.88
3691	634574	171.92
3692	631974	171.17
3693	636128	172.25
3694	648709	175.61
3695	640618	173.37
3696	647439	175.17
3697	639676	173.03
3698	644328	174.24
3699	641572	173.44
3700	634889	171.59
3701	643253	173.81
3702	651953	176.11
3703	650360	175.63
3704	648455	175.07
3705	638134	172.24
3706	638974	172.42
3707	641998	173.19
3708	649866	175.26
3709	654313	176.41
3710	636986	171.69
3711	656685	176.96
3712	648352	174.66
3713	644346	173.54
3714	644606	173.56
3715	648061	174.44
3716	661675	178.06
3717	648216	174.39
3718	648272	174.36
3719	652977	175.58
3720	642238	172.64
3721	645185	173.39
3722	650433	174.75
3723	650414	174.70
3724	645410	173.31
3725	650284	174.57
3726	654840	175.75
3727	649407	174.24
3728	655807	175.91
3729	652726	175.04
3730	646767	173.40
3731	649001	173.95
3732	748739	200.63
3733	644966	172.77
3734	644142	172.51
3735	653258	174.90
3736	653123	174.82
3737	659325	176.43
3738	649855	173.85
3739	657131	175.75
3740	652270	174.40
3741	650382	173.85
3742	649538	173.58
3743	650358	173.75
3744	659696	176.20
3745	666658	178.01
3746	661418	176.57
3747	659084	175.90
3748	662229	176.69
3749	707688	188.77
3750	693723	184.99
3751	673080	179.44
3752	654117	174.34
3753	687396	183.16
3754	658943	175.53
3755	659970	175.76
3756	651854	173.55
3757	671841	178.82
3758	666385	177.32
3759	672192	178.82
3760	656629	174.64
3761	687509	182.80
3762	660154	175.48
3763	658333	174.95
3764	658276	174.89
3765	666133	176.93
3766	670453	178.03
3767	662999	176.00
3768	657502	174.50
3769	655851	174.01
3770	679416	180.22
3771	669734	177.60
3772	684596	181.49
3773	667086	176.81
3774	668836	177.22
3775	667631	176.86
3776	663337	175.67
3777	670349	177.48
3778	667348	176.64
3779	671176	177.61
3780	667235	176.52
3781	672776	177.94
3782	677823	179.22
3783	663887	175.49
3784	669510	176.93
3785	676870	178.83
3786	684864	180.89
3787	676614	178.67
3788	672074	177.42
3789	677316	178.76
3790	666406	175.83
3791	665340	175.51
3792	671822	177.17
3793	696714	183.68
3794	670504	176.73
3795	679721	179.11
3796	674356	177.65
3797	694037	182.79
3798	679344	178.87
3799	667204	175.63
3800	712853	187.59
3801	673565	177.21
3802	862654	226.89
3803	687110	180.68
3804	674070	177.20
3805	685032	180.03
3806	733523	192.73
3807	742658	195.08
3808	669729	175.87
3809	760100	199.55
3810	846547	222.19
3811	743433	195.08
3812	698286	183.18
3813	839321	220.12
3814	690478	181.04
3815	670963	175.87
3816	675850	177.11
3817	674865	176.81
3818	771783	202.14
3819	675017	176.75
3820	677787	177.43
3821	680265	178.03
3822	675019	176.61
3823	809217	211.67
3824	874938	228.80
3825	682435	178.41
3826	678668	177.38
3827	888417	232.14
3828	988953	258.35
3829	680908	177.83
3830	693032	180.95
3831	724755	189.18
3832	681238	177.78
3833	700781	182.83
3834	700321	182.66
3835	687972	179.39
3836	764492	199.29
3837	739336	192.69
3838	707608	184.37
3839	691537	180.13
3840	694917	180.97
3841	691690	180.08
3842	682999	177.77
3843	700937	182.39
3844	682111	177.45
3845	700037	182.06
3846	687303	178.71
3847	699030	181.71
3848	687534	178.67
3849	681936	177.17
3850	689313	179.04
3851	688056	178.67
3852	697832	181.16
3853	696569	180.79
3854	699323	181.45
3855	696804	180.75
3856	690141	178.98
3857	690555	179.04
3858	696172	180.45
3859	690638	178.97
3860	733091	189.92
3861	695179	180.05
3862	691857	179.14
3863	697610	180.59
3864	709599	183.64
3865	693091	179.32
3866	712025	184.18
3867	697910	180.48
3868	697323	180.28
3869	697956	180.40
3870	696695	180.02
3871	698743	180.51
3872	697638	180.18
3873	704084	181.79
3874	696697	179.84
3875	701052	180.92
3876	698220	180.14
3877	697765	179.98
3878	716187	184.68
3879	700939	180.70
3880	706832	182.17
3881	712407	183.56
3882	697774	179.75
3883	693840	178.69
3884	697775	179.65
3885	716531	184.44
3886	711985	183.22
3887	709010	182.41
3888	703204	180.87
3889	707540	181.93
3890	698587	179.59
3891	701029	180.17
3892	710301	182.50
3893	707267	181.68
3894	705448	181.16
3895	699085	179.48
3896	699779	179.61
3897	707910	181.66
3898	713530	183.05
3899	720482	184.79
3900	700572	179.63
3901	726151	186.14
3902	720492	184.65
3903	704871	180.60
3904	711432	182.23
3905	732184	187.50
3906	726485	185.99
3907	737835	188.85
3908	706232	180.71
3909	702996	179.84
3910	732106	187.24
3911	704328	180.09
3912	718440	183.65
3913	706855	180.64
3914	732542	187.16
3915	710640	181.52
3916	713169	182.12
3917	712914	182.01
3918	713374	182.08
3919	717742	183.14
3920	715291	182.47
3921	714645	182.26
3922	711902	181.52
3923	713646	181.91
3924	720052	183.50
3925	717510	182.81
3926	730329	186.02
3927	718143	182.87
3928	713224	181.57
3929	712673	181.39
3930	717065	182.46
3931	724569	184.32
3932	715283	181.91
3933	718095	182.58
3934	731139	185.85
3935	853539	216.91
3936	720603	183.08
3937	722624	183.55
3938	719343	182.67
3939	729649	185.24
3940	725288	184.08
3941	719174	182.49
3942	712911	180.85
3943	722558	183.25
3944	730760	185.28
3945	729815	185.00
3946	738936	187.26
3947	724625	183.59
3948	719748	182.31
3949	717194	181.61
3950	724065	183.31
3951	741447	187.66
3952	729074	184.48
3953	724173	183.20
3954	718656	181.75
3955	735310	185.92
3956	731534	184.92
3957	728852	184.19
3958	726356	183.52
3959	734905	185.63
3960	730031	184.35
3961	733190	185.10
3962	730666	184.42
3963	725402	183.04
3964	729711	184.08
3965	730557	184.25
3966	745851	188.06
3967	724120	182.54
3968	727919	183.45
3969	748895	188.69
3970	732507	184.51
3971	731578	184.23
3972	731268	184.11
3973	727307	183.06
3974	725408	182.54
3975	731685	184.07
3976	744532	187.26
3977	733501	184.44
3978	739578	185.92
3979	736377	185.07
3980	735655	184.84
3981	728793	183.07
3982	732634	183.99
3983	747072	187.57
3984	741003	185.99
3985	732027	183.70
3986	732769	183.84
3987	743308	186.43
3988	739499	185.43
3989	739711	185.44
3990	734785	184.16
3991	746782	187.12
3992	738054	184.88
3993	737310	184.65
3994	740436	185.39
3995	753001	188.49
3996	745829	186.64
3997	737804	184.59
3998	732394	183.19
3999	746519	186.68
4000	767229	191.81
