N	Total Time	Average CPE
1	106	106.00
2	209	104.50
3	341	113.67
4	472	118.00
5	1353	270.60
6	758	126.33
7	880	125.71
8	1010	126.25
9	1142	126.89
10	1277	127.70
11	1409	128.09
12	1541	128.42
13	1672	128.62
14	1804	128.86
15	1938	129.20
16	2069	129.31
17	2202	129.53
18	2334	129.67
19	2467	129.84
20	2599	129.95
21	2732	130.10
22	2865	130.23
23	2997	130.30
24	3129	130.38
25	3240	129.60
26	3373	129.73
27	3504	129.78
28	3655	130.54
29	3785	130.52
30	3913	130.43
31	4064	131.10
32	4180	130.62
33	4316	130.79
34	4448	130.82
35	4577	130.77
36	4714	130.94
37	4846	130.97
38	4977	130.97
39	5104	130.87
40	5241	131.03
41	5351	130.51
42	5484	130.57
43	5614	130.56
44	5756	130.82
45	5885	130.78
46	6016	130.78
47	6241	132.79
48	7535	156.98
49	8467	172.80
50	6551	131.02
51	6680	130.98
52	6818	131.12
53	7481	141.15
54	7104	131.56
55	7232	131.49
56	7366	131.54
57	7498	131.54
58	7623	131.43
59	7766	131.63
60	7905	131.75
61	8032	131.67
62	8168	131.74
63	8291	131.60
64	8437	131.83
65	8564	131.75
66	8683	131.56
67	8798	131.31
68	9118	134.09
69	9044	131.07
70	9165	130.93
71	9283	130.75
72	9400	130.56
73	9515	130.34
74	9631	130.15
75	9743	129.91
76	9866	129.82
77	9983	129.65
78	10105	129.55
79	10241	129.63
80	10339	129.24
81	10456	129.09
82	10569	128.89
83	10690	128.80
84	10810	128.69
85	10925	128.53
86	11042	128.40
87	11153	128.20
88	11279	128.17
89	11391	127.99
90	11506	127.84
91	11619	127.68
92	11740	127.61
93	12552	134.97
94	12863	136.84
95	12003	126.35
96	12108	126.12
97	12217	125.95
98	12337	125.89
99	12453	125.79
100	12721	127.21
101	13493	133.59
102	13607	133.40
103	14754	143.24
104	13873	133.39
105	14709	140.09
106	14573	137.48
107	13566	126.79
108	13671	126.58
109	13824	126.83
110	14047	127.70
111	14049	126.57
112	15195	135.67
113	14281	126.38
114	15441	135.45
115	15001	130.44
116	15231	131.30
117	15272	130.53
118	17767	150.57
119	14937	125.52
120	15048	125.40
121	15174	125.40
122	15285	125.29
123	15410	125.28
124	15610	125.89
125	15636	125.09
126	15761	125.09
127	15879	125.03
128	16063	125.49
129	19646	152.29
130	17711	136.24
131	16300	124.43
132	16638	126.05
133	16612	124.90
134	16811	125.46
135	16955	125.59
136	16976	124.82
137	17095	124.78
138	17214	124.74
139	17337	124.73
140	17902	127.87
141	17498	124.10
142	17628	124.14
143	17814	124.57
144	17852	123.97
145	17980	124.00
146	18098	123.96
147	18215	123.91
148	19808	133.84
149	18523	124.32
150	18577	123.85
151	19723	130.62
152	19372	127.45
153	19501	127.46
154	19618	127.39
155	19737	127.34
156	19848	127.23
157	19970	127.20
158	20158	127.58
159	20200	127.04
160	20317	126.98
161	20657	128.30
162	19971	123.28
163	20083	123.21
164	20345	124.05
165	20407	123.68
166	20516	123.59
167	20656	123.69
168	20766	123.61
169	20890	123.61
170	21113	124.19
171	21044	123.06
172	21292	123.79
173	21284	123.03
174	21684	124.62
175	21515	122.94
176	22518	127.94
177	21759	122.93
178	21873	122.88
179	21999	122.90
180	22117	122.87
181	22235	122.85
182	22512	123.69
183	23366	127.68
184	22310	121.25
185	22439	121.29
186	22550	121.24
187	22657	121.16
188	22780	121.17
189	22888	121.10
190	23041	121.27
191	23349	122.25
192	24784	129.08
193	25071	129.90
194	23816	122.76
195	23945	122.79
196	23998	122.44
197	24104	122.36
198	24234	122.39
199	24354	122.38
200	25252	126.26
201	24516	121.97
202	24447	121.02
203	24720	121.77
204	24686	121.01
205	24794	120.95
206	24892	120.83
207	25003	120.79
208	25121	120.77
209	25332	121.21
210	25640	122.10
211	27316	129.46
212	25589	120.70
213	25698	120.65
214	25835	120.72
215	26004	120.95
216	26058	120.64
217	26164	120.57
218	26528	121.69
219	26362	120.37
220	26562	120.74
221	26667	120.67
222	26792	120.68
223	27065	121.37
224	26984	120.46
225	27090	120.40
226	27211	120.40
227	27342	120.45
228	28316	124.19
229	32217	140.69
230	28051	121.96
231	28172	121.96
232	28280	121.90
233	28398	121.88
234	28523	121.89
235	28654	121.93
236	29441	124.75
237	29639	125.06
238	30111	126.52
239	35345	147.89
240	31926	133.03
241	30117	124.97
242	29398	121.48
243	29512	121.45
244	29692	121.69
245	30575	124.80
246	30041	122.12
247	30077	121.77
248	31652	127.63
249	31132	125.03
250	30101	120.40
251	33910	135.10
252	31538	125.15
253	30920	122.21
254	31371	123.51
255	31487	123.48
256	31852	124.42
257	31894	124.10
258	31389	121.66
259	31377	121.15
260	31489	121.11
261	31583	121.01
262	33081	126.26
263	32299	122.81
264	32030	121.33
265	32101	121.14
266	32324	121.52
267	32263	120.84
268	32089	119.74
269	32199	119.70
270	32346	119.80
271	32450	119.74
272	32825	120.68
273	32689	119.74
274	32815	119.76
275	33541	121.97
276	33395	121.00
277	33490	120.90
278	34077	122.58
279	33745	120.95
280	33966	121.31
281	34011	121.04
282	34440	122.13
283	34234	120.97
284	34371	121.02
285	34452	120.88
286	34633	121.09
287	34713	120.95
288	34927	121.27
289	34981	121.04
290	35073	120.94
291	35166	120.85
292	35378	121.16
293	35447	120.98
294	35558	120.95
295	35656	120.87
296	35797	120.94
297	35877	120.80
298	35999	120.80
299	36187	121.03
300	36855	122.85
301	35897	119.26
302	36015	119.25
303	36900	121.78
304	36827	121.14
305	36950	121.15
306	37133	121.35
307	37172	121.08
308	37297	121.09
309	37407	121.06
310	38387	123.83
311	37512	120.62
312	37546	120.34
313	37664	120.33
314	37812	120.42
315	37906	120.34
316	38802	122.79
317	38763	122.28
318	38882	122.27
319	39653	124.30
320	45710	142.84
321	38612	120.29
322	38744	120.32
323	46792	144.87
324	41298	127.46
325	39093	120.29
326	39919	122.45
327	39309	120.21
328	39650	120.88
329	46409	141.06
330	40299	122.12
331	40412	122.09
332	40535	122.09
333	41341	124.15
334	40308	120.68
335	40309	120.33
336	40401	120.24
337	40646	120.61
338	40642	120.24
339	40827	120.43
340	40874	120.22
341	41303	121.12
342	41123	120.24
343	41223	120.18
344	41452	120.50
345	41537	120.40
346	41597	120.22
347	41707	120.19
348	41952	120.55
349	42015	120.39
350	42145	120.41
351	42203	120.24
352	42485	120.70
353	42717	121.01
354	42655	120.49
355	42776	120.50
356	42905	120.52
357	43002	120.45
358	43048	120.25
359	43116	120.10
360	43443	120.67
361	43482	120.45
362	43628	120.52
363	43661	120.28
364	43706	120.07
365	46033	126.12
366	45348	123.90
367	43555	118.68
368	43899	119.29
369	43969	119.16
370	43930	118.73
371	44093	118.85
372	44292	119.06
373	44309	118.79
374	45464	121.56
375	53215	141.91
376	45439	120.85
377	45468	120.60
378	46222	122.28
379	46179	121.84
380	49634	130.62
381	47426	124.48
382	48901	128.01
383	45926	119.91
384	45701	119.01
385	45697	118.69
386	46024	119.23
387	45938	118.70
388	46009	118.58
389	46538	119.63
390	46239	118.56
391	49472	126.53
392	46990	119.87
393	47109	119.87
394	48637	123.44
395	47546	120.37
396	47610	120.23
397	50941	128.31
398	49243	123.73
399	47938	120.15
400	48411	121.03
401	48130	120.02
402	49688	123.60
403	48390	120.07
404	48484	120.01
405	48244	119.12
406	59442	146.41
407	58064	142.66
408	55609	136.30
409	49880	121.96
410	50213	122.47
411	53670	130.58
412	52239	126.79
413	50011	121.09
414	54691	132.10
415	50362	121.35
416	51923	124.81
417	52379	125.61
418	59490	142.32
419	55446	132.33
420	51064	121.58
421	52445	124.57
422	52362	124.08
423	53316	126.04
424	62574	147.58
425	54561	128.38
426	51195	120.18
427	66329	155.34
428	50649	118.34
429	54184	126.30
430	51769	120.39
431	52756	122.40
432	52449	121.41
433	52652	121.60
434	54000	124.42
435	52370	120.39
436	51804	118.82
437	53866	123.26
438	51784	118.23
439	51871	118.16
440	52384	119.05
441	52179	118.32
442	52335	118.40
443	52443	118.38
444	54238	122.16
445	54726	122.98
446	53720	120.45
447	52890	118.32
448	55352	123.55
449	54267	120.86
450	54323	120.72
451	54476	120.79
452	55159	122.03
453	54314	119.90
454	54388	119.80
455	54038	118.76
456	56554	124.02
457	55368	121.16
458	58544	127.83
459	54680	119.13
460	54336	118.12
461	57050	123.75
462	56422	122.13
463	54654	118.04
464	55131	118.82
465	55026	118.34
466	55297	118.66
467	55366	118.56
468	55919	119.49
469	56230	119.89
470	56932	121.13
471	56176	119.27
472	56259	119.19
473	56162	118.74
474	56456	119.11
475	56300	118.53
476	56403	118.49
477	56505	118.46
478	56573	118.35
479	60919	127.18
480	57131	119.02
481	57574	119.70
482	58084	120.51
483	59399	122.98
484	62858	129.87
485	59910	123.53
486	58125	119.60
487	60729	124.70
488	58879	120.65
489	58555	119.74
490	62317	127.18
491	59974	122.15
492	59287	120.50
493	59328	120.34
494	59924	121.30
495	59692	120.59
496	60943	122.87
497	59941	120.61
498	60627	121.74
499	59603	119.44
500	59270	118.54
501	60638	121.03
502	61462	122.43
503	61130	121.53
504	60390	119.82
505	60581	119.96
506	61912	122.36
507	60792	119.91
508	65212	128.37
509	70681	138.86
510	70700	138.63
511	64038	125.32
512	62066	121.22
513	64836	126.39
514	63240	123.04
515	61474	119.37
516	61585	119.35
517	63247	122.33
518	61849	119.40
519	62604	120.62
520	63026	121.20
521	62625	120.20
522	62189	119.14
523	63237	120.91
524	66309	126.54
525	64351	122.57
526	63085	119.93
527	62911	119.38
528	63053	119.42
529	63081	119.25
530	63520	119.85
531	63916	120.37
532	65710	123.52
533	63769	119.64
534	63596	119.09
535	64232	120.06
536	70714	131.93
537	63350	117.97
538	64096	119.14
539	64316	119.32
540	64409	119.28
541	65311	120.72
542	69911	128.99
543	65068	119.83
544	64898	119.30
545	65422	120.04
546	65631	120.20
547	68569	125.35
548	64646	117.97
549	64781	118.00
550	64876	117.96
551	69113	125.43
552	66614	120.68
553	66524	120.30
554	66638	120.29
555	67858	122.27
556	68071	122.43
557	66436	119.27
558	66957	119.99
559	68131	121.88
560	66805	119.29
561	68177	121.53
562	67754	120.56
563	71354	126.74
564	66996	118.79
565	66762	118.16
566	66621	117.70
567	66820	117.85
568	68417	120.45
569	67806	119.17
570	67977	119.26
571	70313	123.14
572	68242	119.30
573	69998	122.16
574	70432	122.70
575	67981	118.23
576	68324	118.62
577	69523	120.49
578	68283	118.14
579	68184	117.76
580	69803	120.35
581	69256	119.20
582	69300	119.07
583	69695	119.55
584	69721	119.39
585	68899	117.78
586	69030	117.80
587	69382	118.20
588	69311	117.88
589	72210	122.60
590	71413	121.04
591	70374	119.08
592	72076	121.75
593	70670	119.17
594	71874	121.00
595	72485	121.82
596	70503	118.29
597	71108	119.11
598	72529	121.29
599	77006	128.56
600	72350	120.58
601	71542	119.04
602	74460	123.69
603	71815	119.10
604	72942	120.76
605	72863	120.43
606	72325	119.35
607	74776	123.19
608	73074	120.19
609	74004	121.52
610	79323	130.04
611	72840	119.21
612	73579	120.23
613	72932	118.98
614	75252	122.56
615	75249	122.36
616	73977	120.09
617	73650	119.37
618	74555	120.64
619	74469	120.31
620	75370	121.56
621	73936	119.06
622	73218	117.71
623	73380	117.78
624	76802	123.08
625	74206	118.73
626	73820	117.92
627	74528	118.86
628	76201	121.34
629	80054	127.27
630	76430	121.32
631	74170	117.54
632	74387	117.70
633	78912	124.66
634	76374	120.46
635	75518	118.93
636	75623	118.90
637	75571	118.64
638	77628	121.67
639	76074	119.05
640	75559	118.06
641	76973	120.08
642	76384	118.98
643	81166	126.23
644	76727	119.14
645	77698	120.46
646	78726	121.87
647	84703	130.92
648	79000	121.91
649	78270	120.60
650	78058	120.09
651	76948	118.20
652	86185	132.19
653	78712	120.54
654	78363	119.82
655	78863	120.40
656	78109	119.07
657	78849	120.01
658	80438	122.25
659	77716	117.93
660	78148	118.41
661	80990	122.53
662	79314	119.81
663	78770	118.81
664	79797	120.18
665	78789	118.48
666	80313	120.59
667	80049	120.01
668	79452	118.94
669	79599	118.98
670	81976	122.35
671	80295	119.66
672	82303	122.47
673	80080	118.99
674	80310	119.15
675	82351	122.00
676	81404	120.42
677	81372	120.19
678	80693	119.02
679	80776	118.96
680	82709	121.63
681	81559	119.76
682	82430	120.87
683	84518	123.75
684	84957	124.21
685	81361	118.78
686	82407	120.13
687	81069	118.00
688	81040	117.79
689	81899	118.87
690	83397	120.87
691	81765	118.33
692	83402	120.52
693	83176	120.02
694	83305	120.04
695	82607	118.86
696	83001	119.25
697	82898	118.94
698	83356	119.42
699	83823	119.92
700	83551	119.36
701	83402	118.98
702	83614	119.11
703	83927	119.38
704	84095	119.45
705	84024	119.18
706	85492	121.09
707	83435	118.01
708	83991	118.63
709	94567	133.38
710	85839	120.90
711	123242	173.34
712	108833	152.86
713	101118	141.82
714	99518	139.38
715	88219	123.38
716	85569	119.51
717	87317	121.78
718	84684	117.94
719	85916	119.49
720	89446	124.23
721	87989	122.04
722	86585	119.92
723	89293	123.50
724	85955	118.72
725	85322	117.69
726	85524	117.80
727	86187	118.55
728	86415	118.70
729	86609	118.81
730	86397	118.35
731	85906	117.52
732	86074	117.59
733	87305	119.11
734	86414	117.73
735	89428	121.67
736	88535	120.29
737	89748	121.77
738	87719	118.86
739	87815	118.83
740	89646	121.14
741	88620	119.60
742	91973	123.95
743	88274	118.81
744	88677	119.19
745	91433	122.73
746	91111	122.13
747	89686	120.06
748	89518	119.68
749	90215	120.45
750	94901	126.53
751	88178	117.41
752	88282	117.40
753	90685	120.43
754	90197	119.62
755	91136	120.71
756	89843	118.84
757	91672	121.10
758	92574	122.13
759	90127	118.74
760	90732	119.38
761	91284	119.95
762	91319	119.84
763	90470	118.57
764	93041	121.78
765	93619	122.38
766	91774	119.81
767	90697	118.25
768	91886	119.64
769	90749	118.01
770	90368	117.36
771	95851	124.32
772	91767	118.87
773	95746	123.86
774	92296	119.25
775	91207	117.69
776	91009	117.28
777	92467	119.01
778	93283	119.90
779	94748	121.63
780	93521	119.90
781	93092	119.20
782	93525	119.60
783	93581	119.52
784	93639	119.44
785	95311	121.42
786	92400	117.56
787	92549	117.60
788	92660	117.59
789	98716	125.12
790	93829	118.77
791	94695	119.72
792	97783	123.46
793	93850	118.35
794	93185	117.36
795	96192	121.00
796	93462	117.41
797	96485	121.06
798	95043	119.10
799	96959	121.35
800	102182	127.73
801	96078	119.95
802	94148	117.39
803	94149	117.25
804	96862	120.48
805	95177	118.23
806	96012	119.12
807	97058	120.27
808	101115	125.14
809	96212	118.93
810	96312	118.90
811	99356	122.51
812	98311	121.07
813	96175	118.30
814	96378	118.40
815	100516	123.33
816	97336	119.28
817	97438	119.26
818	101330	123.88
819	99337	121.29
820	96987	118.28
821	96476	117.51
822	102337	124.50
823	96565	117.33
824	98184	119.16
825	99906	121.10
826	97989	118.63
827	98201	118.74
828	98347	118.78
829	98494	118.81
830	99404	119.76
831	99153	119.32
832	100299	120.55
833	101969	122.41
834	98449	118.04
835	99899	119.64
836	99091	118.53
837	98964	118.24
838	103925	124.02
839	99867	119.03
840	102825	122.41
841	102262	121.60
842	100073	118.85
843	100069	118.71
844	100801	119.43
845	102023	120.74
846	99876	118.06
847	100047	118.12
848	103064	121.54
849	104200	122.73
850	99767	117.37
851	100358	117.93
852	100196	117.60
853	100687	118.04
854	102707	120.27
855	100378	117.40
856	100892	117.86
857	101103	117.97
858	104915	122.28
859	102952	119.85
860	102125	118.75
861	100967	117.27
862	104261	120.95
863	102580	118.86
864	104214	120.62
865	104678	121.02
866	103730	119.78
867	103380	119.24
868	101822	117.31
869	102127	117.52
870	102602	117.93
871	103654	119.01
872	104116	119.40
873	103952	119.07
874	103695	118.64
875	104045	118.91
876	106044	121.05
877	105380	120.16
878	106001	120.73
879	110238	125.41
880	103189	117.26
881	105239	119.45
882	111940	126.92
883	105705	119.71
884	107032	121.08
885	104729	118.34
886	106007	119.65
887	106084	119.60
888	105359	118.65
889	105659	118.85
890	109019	122.49
891	106645	119.69
892	105749	118.55
893	107367	120.23
894	105586	118.11
895	106759	119.28
896	106426	118.78
897	106352	118.56
898	105750	117.76
899	107662	119.76
900	106595	118.44
901	108718	120.66
902	105703	117.19
903	109466	121.22
904	106231	117.51
905	106040	117.17
906	108035	119.24
907	111567	123.01
908	109715	120.83
909	109908	120.91
910	108574	119.31
911	108214	118.79
912	109430	119.99
913	112303	123.00
914	109130	119.40
915	110166	120.40
916	113315	123.71
917	108286	118.09
918	108787	118.50
919	111197	121.00
920	107757	117.13
921	107984	117.25
922	108183	117.34
923	109005	118.10
924	109604	118.62
925	111876	120.95
926	112290	121.26
927	110422	119.12
928	111833	120.51
929	111097	119.59
930	112463	120.93
931	109247	117.34
932	113102	121.35
933	111238	119.23
934	109742	117.50
935	110989	118.70
936	110287	117.83
937	109898	117.29
938	109941	117.21
939	110567	117.75
940	110422	117.47
941	110401	117.32
942	113561	120.55
943	112599	119.41
944	113336	120.06
945	116703	123.50
946	113994	120.50
947	114021	120.40
948	116824	123.23
949	113714	119.83
950	114415	120.44
951	112825	118.64
952	113859	119.60
953	113518	119.12
954	115487	121.06
955	118535	124.12
956	115613	120.93
957	114900	120.06
958	113552	118.53
959	114281	119.17
960	115666	120.49
961	113983	118.61
962	116284	120.88
963	113186	117.53
964	116004	120.34
965	117227	121.48
966	115247	119.30
967	122224	126.40
968	116388	120.24
969	115899	119.61
970	115475	119.05
971	118557	122.10
972	116088	119.43
973	116191	119.42
974	117666	120.81
975	115103	118.05
976	116803	119.68
977	119027	121.83
978	116745	119.37
979	116244	118.74
980	116127	118.50
981	116488	118.74
982	123170	125.43
983	118942	121.00
984	116688	118.59
985	116789	118.57
986	116804	118.46
987	119364	120.94
988	117088	118.51
989	119786	121.12
990	118277	119.47
991	119341	120.42
992	117509	118.46
993	119179	120.02
994	117879	118.59
995	121396	122.01
996	117155	117.63
997	120321	120.68
998	118775	119.01
999	120352	120.47
1000	119246	119.25
1001	119250	119.13
1002	119081	118.84
1003	119208	118.85
1004	125588	125.09
1005	118041	117.45
1006	125927	125.18
1007	125007	124.14
1008	120757	119.80
1009	133077	131.89
1010	123982	122.75
1011	120071	118.76
1012	121296	119.86
1013	120190	118.65
1014	119461	117.81
1015	119393	117.63
1016	119241	117.36
1017	119622	117.62
1018	122291	120.13
1019	121362	119.10
1020	123529	121.11
1021	121363	118.87
1022	126666	123.94
1023	121375	118.65
1024	120202	117.38
1025	125690	122.62
1026	123125	120.00
1027	121903	118.70
1028	125217	121.81
1029	122391	118.94
1030	127369	123.66
1031	125972	122.18
1032	122380	118.59
1033	123139	119.21
1034	123619	119.55
1035	124645	120.43
1036	122943	118.67
1037	121980	117.63
1038	123869	119.33
1039	123029	118.41
1040	124082	119.31
1041	128106	123.06
1042	125144	120.10
1043	124778	119.63
1044	125177	119.90
1045	124250	118.90
1046	126085	120.54
1047	124930	119.32
1048	131014	125.01
1049	125035	119.19
1050	124392	118.47
1051	125996	119.88
1052	123935	117.81
1053	125965	119.62
1054	130481	123.80
1055	124745	118.24
1056	124458	117.86
1057	124747	118.02
1058	125533	118.65
1059	125642	118.64
1060	126555	119.39
1061	127708	120.37
1062	127882	120.42
1063	130155	122.44
1064	127908	120.21
1065	128593	120.74
1066	127674	119.77
1067	126499	118.56
1068	129994	121.72
1069	126978	118.78
1070	127378	119.04
1071	126795	118.39
1072	127750	119.17
1073	127479	118.81
1074	127119	118.36
1075	126786	117.94
1076	126119	117.21
1077	128806	119.60
1078	126391	117.25
1079	130524	120.97
1080	129669	120.06
1081	132983	123.02
1082	135288	125.04
1083	128763	118.89
1084	131953	121.73
1085	129680	119.52
1086	131792	121.36
1087	129770	119.38
1088	131253	120.64
1089	129243	118.68
1090	130599	119.82
1091	129714	118.89
1092	130686	119.68
1093	131620	120.42
1094	128300	117.28
1095	129773	118.51
1096	129245	117.92
1097	131330	119.72
1098	129843	118.25
1099	133214	121.21
1100	130379	118.53
1101	130953	118.94
1102	134086	121.68
1103	131095	118.85
1104	136415	123.56
1105	133402	120.73
1106	131547	118.94
1107	138363	124.99
1108	131749	118.91
1109	131858	118.90
1110	132378	119.26
1111	133815	120.45
1112	134964	121.37
1113	132143	118.73
1114	131975	118.47
1115	133140	119.41
1116	136338	122.17
1117	132574	118.69
1118	139082	124.40
1119	132436	118.35
1120	134942	120.48
1121	133091	118.73
1122	133289	118.80
1123	134869	120.10
1124	133955	119.18
1125	135091	120.08
1126	135171	120.05
1127	133599	118.54
1128	132378	117.36
1129	132263	117.15
1130	132405	117.17
1131	136098	120.33
1132	133398	117.84
1133	133622	117.94
1134	134432	118.55
1135	132967	117.15
1136	140966	124.09
1137	136137	119.73
1138	135020	118.65
1139	133936	117.59
1140	133550	117.15
1141	137985	120.93
1142	136611	119.62
1143	135836	118.84
1144	136305	119.15
1145	142116	124.12
1146	134323	117.21
1147	141084	123.00
1148	135080	117.67
1149	135016	117.51
1150	138700	120.61
1151	138168	120.04
1152	137628	119.47
1153	142216	123.34
1154	138890	120.36
1155	141466	122.48
1156	137090	118.59
1157	138653	119.84
1158	137080	118.38
1159	136526	117.80
1160	136326	117.52
1161	136734	117.77
1162	137274	118.14
1163	136851	117.67
1164	143081	122.92
1165	138523	118.90
1166	140394	120.41
1167	138288	118.50
1168	138513	118.59
1169	141310	120.88
1170	137353	117.40
1171	141317	120.68
1172	139569	119.09
1173	139831	119.21
1174	139218	118.58
1175	138774	118.11
1176	139302	118.45
1177	139438	118.47
1178	142870	121.28
1179	142271	120.67
1180	139791	118.47
1181	139850	118.42
1182	140402	118.78
1183	143467	121.27
1184	146319	123.58
1185	139843	118.01
1186	138887	117.11
1187	144011	121.32
1188	139113	117.10
1189	143811	120.95
1190	142183	119.48
1191	141282	118.62
1192	141926	119.07
1193	140999	118.19
1194	142029	118.95
1195	142141	118.95
1196	142591	119.22
1197	144884	121.04
1198	143398	119.70
1199	147326	122.87
1200	142613	118.84
1201	148423	123.58
1202	143990	119.79
1203	143471	119.26
1204	143852	119.48
1205	153126	127.08
1206	144781	120.05
1207	146071	121.02
1208	144151	119.33
1209	144284	119.34
1210	145480	120.23
1211	141748	117.05
1212	143151	118.11
1213	142181	117.21
1214	144491	119.02
1215	144356	118.81
1216	146071	120.12
1217	145322	119.41
1218	142726	117.18
1219	146584	120.25
1220	145256	119.06
1221	146188	119.73
1222	145409	118.99
1223	145139	118.67
1224	148717	121.50
1225	143411	117.07
1226	146829	119.76
1227	145624	118.68
1228	147803	120.36
1229	151693	123.43
1230	146614	119.20
1231	144011	116.99
1232	148895	120.86
1233	145105	117.68
1234	147146	119.24
1235	145917	118.15
1236	145079	117.38
1237	147152	118.96
1238	144865	117.02
1239	149276	120.48
1240	148863	120.05
1241	149038	120.10
1242	146436	117.90
1243	145336	116.92
1244	147119	118.26
1245	146851	117.95
1246	153187	122.94
1247	148348	118.96
1248	146030	117.01
1249	146317	117.15
1250	147876	118.30
1251	152192	121.66
1252	149540	119.44
1253	146884	117.23
1254	147469	117.60
1255	148749	118.53
1256	149675	119.17
1257	149300	118.77
1258	149214	118.61
1259	152021	120.75
1260	151472	120.22
1261	154441	122.48
1262	152760	121.05
1263	150959	119.52
1264	151105	119.55
1265	155164	122.66
1266	152694	120.61
1267	151972	119.95
1268	153922	121.39
1269	149368	117.71
1270	150459	118.47
1271	152059	119.64
1272	152632	119.99
1273	151906	119.33
1274	150730	118.31
1275	151212	118.60
1276	152461	119.48
1277	153306	120.05
1278	151682	118.69
1279	151736	118.64
1280	152070	118.80
1281	150549	117.52
1282	155353	121.18
1283	152430	118.81
1284	153094	119.23
1285	152649	118.79
1286	153029	119.00
1287	152192	118.25
1288	153875	119.47
1289	162609	126.15
1290	152397	118.14
1291	154634	119.78
1292	153090	118.49
1293	155452	120.23
1294	155660	120.29
1295	155232	119.87
1296	153442	118.40
1297	155064	119.56
1298	154919	119.35
1299	159997	123.17
1300	153912	118.39
1301	156542	120.32
1302	156711	120.36
1303	152911	117.35
1304	157817	121.03
1305	160126	122.70
1306	160519	122.91
1307	152963	117.03
1308	156784	119.87
1309	153192	117.03
1310	157723	120.40
1311	158033	120.54
1312	157650	120.16
1313	157940	120.29
1314	156030	118.74
1315	157954	120.12
1316	158078	120.12
1317	157102	119.29
1318	158692	120.40
1319	156149	118.38
1320	156104	118.26
1321	157852	119.49
1322	160136	121.13
1323	160877	121.60
1324	159029	120.11
1325	158797	119.85
1326	161715	121.96
1327	158418	119.38
1328	155318	116.96
1329	159256	119.83
1330	159648	120.04
1331	158252	118.90
1332	158864	119.27
1333	157648	118.27
1334	159469	119.54
1335	158141	118.46
1336	166417	124.56
1337	163105	121.99
1338	161986	121.07
1339	156859	117.15
1340	161863	120.79
1341	157687	117.59
1342	160241	119.40
1343	161281	120.09
1344	158617	118.02
1345	160974	119.68
1346	161651	120.10
1347	160543	119.19
1348	158964	117.93
1349	160248	118.79
1350	160853	119.15
1351	159946	118.39
1352	163946	121.26
1353	158250	116.96
1354	162763	120.21
1355	160728	118.62
1356	162432	119.79
1357	161276	118.85
1358	158896	117.01
1359	159606	117.44
1360	159087	116.98
1361	159575	117.25
1362	159521	117.12
1363	162519	119.24
1364	161680	118.53
1365	168032	123.10
1366	166610	121.97
1367	168543	123.29
1368	161694	118.20
1369	160579	117.30
1370	166872	121.80
1371	164742	120.16
1372	164964	120.24
1373	163481	119.07
1374	163348	118.89
1375	162652	118.29
1376	178014	129.37
1377	170126	123.55
1378	164089	119.08
1379	163827	118.80
1380	165850	120.18
1381	162814	117.90
1382	165509	119.76
1383	166092	120.10
1384	164000	118.50
1385	163442	118.01
1386	166269	119.96
1387	167815	120.99
1388	164746	118.69
1389	167726	120.75
1390	164942	118.66
1391	164246	118.08
1392	164322	118.05
1393	164911	118.39
1394	167618	120.24
1395	164891	118.20
1396	168131	120.44
1397	167347	119.79
1398	171086	122.38
1399	164916	117.88
1400	168386	120.28
1401	164568	117.46
1402	167107	119.19
1403	171032	121.90
1404	173973	123.91
1405	169790	120.85
1406	166440	118.38
1407	167278	118.89
1408	167563	119.01
1409	164789	116.95
1410	192655	136.63
1411	172163	122.01
1412	167010	118.28
1413	169415	119.90
1414	167879	118.73
1415	172437	121.86
1416	168124	118.73
1417	171094	120.74
1418	167495	118.12
1419	168174	118.52
1420	169150	119.12
1421	168673	118.70
1422	167210	117.59
1423	185469	130.34
1424	167017	117.29
1425	174415	122.40
1426	170257	119.39
1427	169766	118.97
1428	170636	119.49
1429	170537	119.34
1430	175843	122.97
1431	170416	119.09
1432	173707	121.30
1433	170368	118.89
1434	175348	122.28
1435	168052	117.11
1436	172804	120.34
1437	168077	116.96
1438	173282	120.50
1439	169662	117.90
1440	171974	119.43
1441	168855	117.18
1442	171501	118.93
1443	174619	121.01
1444	170977	118.41
1445	169722	117.45
1446	169470	117.20
1447	171408	118.46
1448	174273	120.35
1449	174969	120.75
1450	173816	119.87
1451	171496	118.19
1452	172119	118.54
1453	173368	119.32
1454	171720	118.10
1455	176381	121.22
1456	173909	119.44
1457	172488	118.39
1458	172426	118.26
1459	177028	121.34
1460	173850	119.08
1461	178727	122.33
1462	177685	121.54
1463	179971	123.02
1464	173490	118.50
1465	171889	117.33
1466	173547	118.38
1467	178369	121.59
1468	174878	119.13
1469	173966	118.42
1470	174765	118.89
1471	174049	118.32
1472	174221	118.36
1473	195202	132.52
1474	179166	121.55
1475	172496	116.95
1476	178786	121.13
1477	175815	119.04
1478	176708	119.56
1479	178003	120.35
1480	175985	118.91
1481	176475	119.16
1482	177309	119.64
1483	177359	119.59
1484	176298	118.80
1485	177442	119.49
1486	175817	118.32
1487	175872	118.27
1488	178808	120.17
1489	176205	118.34
1490	181827	122.03
1491	181814	121.94
1492	184693	123.79
1493	178863	119.80
1494	182867	122.40
1495	177724	118.88
1496	177252	118.48
1497	175640	117.33
1498	177763	118.67
1499	178598	119.14
1500	180661	120.44
1501	176044	117.28
1502	175920	117.12
1503	179619	119.51
1504	181482	120.67
1505	179849	119.50
1506	188488	125.16
1507	177810	117.99
1508	181376	120.28
1509	179749	119.12
1510	182096	120.59
1511	178824	118.35
1512	182640	120.79
1513	178818	118.19
1514	182359	120.45
1515	178280	117.68
1516	181164	119.50
1517	181314	119.52
1518	182400	120.16
1519	180636	118.92
1520	181267	119.25
1521	179715	118.16
1522	181465	119.23
1523	178029	116.89
1524	179961	118.08
1525	181315	118.90
1526	189413	124.12
1527	180698	118.34
1528	184424	120.70
1529	179065	117.11
1530	183329	119.82
1531	181561	118.59
1532	185710	121.22
1533	180446	117.71
1534	183905	119.89
1535	180547	117.62
1536	181988	118.48
1537	182217	118.55
1538	182041	118.36
1539	184692	120.01
1540	188106	122.15
1541	186556	121.06
1542	186727	121.09
1543	180830	117.19
1544	187115	121.19
1545	182464	118.10
1546	186238	120.46
1547	184559	119.30
1548	183423	118.49
1549	187900	121.30
1550	183823	118.60
1551	188538	121.56
1552	184740	119.03
1553	184508	118.81
1554	185831	119.58
1555	181884	116.97
1556	187461	120.48
1557	188045	120.77
1558	185028	118.76
1559	184712	118.48
1560	194227	124.50
1561	186515	119.48
1562	184546	118.15
1563	186793	119.51
1564	184214	117.78
1565	189261	120.93
1566	186180	118.89
1567	190969	121.87
1568	259221	165.32
1569	217028	138.32
1570	189418	120.65
1571	185986	118.39
1572	187787	119.46
1573	186417	118.51
1574	185520	117.87
1575	190393	120.88
1576	184299	116.94
1577	188495	119.53
1578	186939	118.47
1579	189813	120.21
1580	187374	118.59
1581	190516	120.50
1582	191132	120.82
1583	188542	119.10
1584	185346	117.01
1585	186925	117.93
1586	186864	117.82
1587	190213	119.86
1588	191469	120.57
1589	187567	118.04
1590	187911	118.18
1591	191558	120.40
1592	192364	120.83
1593	187029	117.41
1594	188556	118.29
1595	191144	119.84
1596	190690	119.48
1597	191534	119.93
1598	188819	118.16
1599	189602	118.58
1600	187921	117.45
1601	193777	121.03
1602	190787	119.09
1603	194010	121.03
1604	192692	120.13
1605	193075	120.30
1606	190256	118.47
1607	191536	119.19
1608	196268	122.06
1609	192730	119.78
1610	191770	119.11
1611	192419	119.44
1612	194555	120.69
1613	192187	119.15
1614	191862	118.87
1615	190902	118.21
1616	195012	120.68
1617	191278	118.29
1618	198354	122.59
1619	191967	118.57
1620	192650	118.92
1621	192813	118.95
1622	197876	122.00
1623	191854	118.21
1624	195428	120.34
1625	194329	119.59
1626	193573	119.05
1627	192261	118.17
1628	195157	119.88
1629	198834	122.06
1630	194644	119.41
1631	194277	119.12
1632	194057	118.91
1633	192883	118.12
1634	196269	120.12
1635	198179	121.21
1636	192664	117.77
1637	193741	118.35
1638	199585	121.85
1639	194902	118.92
1640	195327	119.10
1641	197188	120.16
1642	196024	119.38
1643	193466	117.75
1644	192593	117.15
1645	205337	124.82
1646	194547	118.19
1647	192178	116.68
1648	197691	119.96
1649	198100	120.13
1650	195771	118.65
1651	198696	120.35
1652	197470	119.53
1653	197661	119.58
1654	197412	119.35
1655	200589	121.20
1656	195923	118.31
1657	197083	118.94
1658	198663	119.82
1659	196368	118.37
1660	195346	117.68
1661	202268	121.77
1662	198630	119.51
1663	201194	120.98
1664	201456	121.07
1665	197162	118.42
1666	202087	121.30
1667	198106	118.84
1668	199530	119.62
1669	195424	117.09
1670	195929	117.32
1671	203617	121.85
1672	200160	119.71
1673	197665	118.15
1674	202018	120.68
1675	203136	121.28
1676	196368	117.16
1677	198644	118.45
1678	199340	118.80
1679	202446	120.58
1680	198564	118.19
1681	197015	117.20
1682	199408	118.55
1683	196632	116.83
1684	199920	118.72
1685	198662	117.90
1686	199313	118.22
1687	200932	119.11
1688	203005	120.26
1689	199911	118.36
1690	203527	120.43
1691	198430	117.34
1692	200055	118.24
1693	202872	119.83
1694	198879	117.40
1695	202955	119.74
1696	200615	118.29
1697	201796	118.91
1698	206288	121.49
1699	202054	118.93
1700	206538	121.49
1701	199197	117.11
1702	201897	118.62
1703	207465	121.82
1704	208188	122.18
1705	201643	118.27
1706	203637	119.37
1707	205287	120.26
1708	202803	118.74
1709	201798	118.08
1710	201554	117.87
1711	204002	119.23
1712	201791	117.87
1713	201402	117.57
1714	202577	118.19
1715	203167	118.46
1716	210285	122.54
1717	209856	122.22
1718	205330	119.52
1719	206273	120.00
1720	208611	121.29
1721	202402	117.61
1722	204323	118.65
1723	206650	119.94
1724	204468	118.60
1725	203902	118.20
1726	205194	118.88
1727	205423	118.95
1728	204370	118.27
1729	206896	119.66
1730	208597	120.58
1731	206056	119.04
1732	211094	121.88
1733	205162	118.39
1734	205319	118.41
1735	211178	121.72
1736	205992	118.66
1737	203446	117.12
1738	207255	119.25
1739	206087	118.51
1740	205489	118.10
1741	206511	118.62
1742	205544	117.99
1743	206661	118.57
1744	206100	118.18
1745	208268	119.35
1746	209349	119.90
1747	212637	121.72
1748	206605	118.20
1749	207657	118.73
1750	206812	118.18
1751	211467	120.77
1752	207210	118.27
1753	207244	118.22
1754	207695	118.41
1755	214349	122.14
1756	205687	117.13
1757	210066	119.56
1758	207796	118.20
1759	205893	117.05
1760	209337	118.94
1761	212934	120.92
1762	207561	117.80
1763	212063	120.29
1764	210447	119.30
1765	206588	117.05
1766	211431	119.72
1767	212253	120.12
1768	210016	118.79
1769	209432	118.39
1770	208106	117.57
1771	209084	118.06
1772	210653	118.88
1773	210579	118.77
1774	215612	121.54
1775	215532	121.43
1776	217089	122.23
1777	227486	128.02
1778	215355	121.12
1779	212303	119.34
1780	211357	118.74
1781	214846	120.63
1782	210947	118.38
1783	208709	117.05
1784	208994	117.15
1785	214493	120.16
1786	212557	119.01
1787	209098	117.01
1788	211905	118.52
1789	218296	122.02
1790	210036	117.34
1791	218902	122.22
1792	214160	119.51
1793	212394	118.46
1794	213525	119.02
1795	213349	118.86
1796	219811	122.39
1797	217462	121.01
1798	212334	118.09
1799	212841	118.31
1800	214056	118.92
1801	215232	119.51
1802	215363	119.51
1803	217979	120.90
1804	219425	121.63
1805	214099	118.61
1806	220658	122.18
1807	222009	122.86
1808	213565	118.12
1809	215843	119.32
1810	217859	120.36
1811	215103	118.78
1812	216829	119.66
1813	214284	118.19
1814	214388	118.19
1815	215322	118.63
1816	214134	117.92
1817	214953	118.30
1818	216101	118.87
1819	218747	120.26
1820	220911	121.38
1821	221370	121.57
1822	220717	121.14
1823	215757	118.35
1824	215929	118.38
1825	215996	118.35
1826	215920	118.25
1827	217050	118.80
1828	218255	119.40
1829	217983	119.18
1830	221925	121.27
1831	226465	123.68
1832	216606	118.23
1833	218199	119.04
1834	221592	120.82
1835	217215	118.37
1836	219244	119.41
1837	221418	120.53
1838	217828	118.51
1839	219420	119.31
1840	216983	117.93
1841	215169	116.88
1842	219391	119.10
1843	217061	117.78
1844	215359	116.79
1845	218879	118.63
1846	218757	118.50
1847	218293	118.19
1848	220191	119.15
1849	226140	122.30
1850	223403	120.76
1851	220580	119.17
1852	223366	120.61
1853	218880	118.12
1854	220994	119.20
1855	220886	119.08
1856	223457	120.40
1857	219772	118.35
1858	219965	118.39
1859	223064	119.99
1860	228268	122.72
1861	221657	119.11
1862	223947	120.27
1863	220290	118.24
1864	224623	120.51
1865	219108	117.48
1866	222100	119.02
1867	220589	118.15
1868	225570	120.75
1869	221890	118.72
1870	220890	118.12
1871	226292	120.95
1872	225181	120.29
1873	219060	116.96
1874	224388	119.74
1875	224489	119.73
1876	221834	118.25
1877	223263	118.95
1878	220849	117.60
1879	219812	116.98
1880	229032	121.83
1881	221494	117.75
1882	223624	118.82
1883	228597	121.40
1884	222154	117.92
1885	220508	116.98
1886	224989	119.29
1887	226982	120.29
1888	221775	117.47
1889	222200	117.63
1890	226008	119.58
1891	226420	119.74
1892	223775	118.27
1893	224879	118.80
1894	229397	121.12
1895	228045	120.34
1896	224211	118.25
1897	226429	119.36
1898	225539	118.83
1899	225087	118.53
1900	227074	119.51
1901	230695	121.35
1902	224978	118.28
1903	232198	122.02
1904	235433	123.65
1905	224851	118.03
1906	225903	118.52
1907	226399	118.72
1908	231452	121.31
1909	226177	118.48
1910	225616	118.12
1911	223545	116.98
1912	229982	120.28
1913	226115	118.20
1914	230953	120.67
1915	230400	120.31
1916	229659	119.86
1917	227284	118.56
1918	230482	120.17
1919	233177	121.51
1920	229700	119.64
1921	226449	117.88
1922	231057	120.22
1923	230618	119.93
1924	230807	119.96
1925	227495	118.18
1926	230016	119.43
1927	230686	119.71
1928	233983	121.36
1929	228182	118.29
1930	225289	116.73
1931	229189	118.69
1932	230383	119.25
1933	230483	119.24
1934	231965	119.94
1935	230966	119.36
1936	235521	121.65
1937	231162	119.34
1938	230932	119.16
1939	229053	118.13
1940	232616	119.91
1941	230316	118.66
1942	231717	119.32
1943	230132	118.44
1944	235636	121.21
1945	229077	117.78
1946	233633	120.06
1947	237750	122.11
1948	232147	119.17
1949	231340	118.70
1950	231153	118.54
1951	250281	128.28
1952	248883	127.50
1953	231559	118.57
1954	232386	118.93
1955	232338	118.84
1956	231408	118.31
1957	234315	119.73
1958	234158	119.59
1959	231683	118.27
1960	231885	118.31
1961	229367	116.96
1962	233966	119.25
1963	234696	119.56
1964	240170	122.29
1965	239365	121.81
1966	231839	117.92
1967	235089	119.52
1968	232963	118.38
1969	232348	118.00
1970	232945	118.25
1971	235916	119.69
1972	236531	119.94
1973	236431	119.83
1974	233401	118.24
1975	237601	120.30
1976	237369	120.13
1977	233565	118.14
1978	239302	120.98
1979	236763	119.64
1980	236434	119.41
1981	235003	118.63
1982	239379	120.78
1983	234228	118.12
1984	237105	119.51
1985	236025	118.90
1986	237230	119.45
1987	235171	118.35
1988	235709	118.57
1989	236248	118.78
1990	238174	119.69
1991	236571	118.82
1992	239278	120.12
1993	243663	122.26
1994	237302	119.01
1995	238682	119.64
1996	239154	119.82
1997	241829	121.10
1998	242864	121.55
1999	236918	118.52
2000	236766	118.38
2001	236012	117.95
2002	238925	119.34
2003	245868	122.75
2004	239774	119.65
2005	237266	118.34
2006	235623	117.46
2007	237251	118.21
2008	237912	118.48
2009	239182	119.06
2010	250051	124.40
2011	243103	120.89
2012	241556	120.06
2013	242568	120.50
2014	244999	121.65
2015	241642	119.92
2016	241623	119.85
2017	238624	118.31
2018	240083	118.97
2019	239093	118.42
2020	247159	122.36
2021	238038	117.78
2022	241832	119.60
2023	243624	120.43
2024	242704	119.91
2025	240776	118.90
2026	244492	120.68
2027	239955	118.38
2028	241108	118.89
2029	244182	120.35
2030	238126	117.30
2031	242944	119.62
2032	246613	121.36
2033	242188	119.13
2034	247878	121.87
2035	243902	119.85
2036	261604	128.49
2037	241803	118.71
2038	241338	118.42
2039	240570	117.98
2040	243960	119.59
2041	243324	119.22
2042	249328	122.10
2043	243624	119.25
2044	243821	119.29
2045	244195	119.41
2046	243618	119.07
2047	245339	119.85
2048	242922	118.61
2049	245846	119.98
2050	247087	120.53
2051	243567	118.76
2052	245783	119.78
2053	246395	120.02
2054	242300	117.96
2055	241608	117.57
2056	246987	120.13
2057	249793	121.44
2058	250807	121.87
2059	253685	123.21
2060	253820	123.21
2061	242650	117.73
2062	249129	120.82
2063	248092	120.26
2064	243736	118.09
2065	245666	118.97
2066	245090	118.63
2067	246908	119.45
2068	249505	120.65
2069	257121	124.27
2070	248233	119.92
2071	244651	118.13
2072	246334	118.89
2073	276649	133.45
2074	264748	127.65
2075	249428	120.21
2076	245956	118.48
2077	247274	119.05
2078	247608	119.16
2079	246602	118.62
2080	247215	118.85
2081	250024	120.15
2082	248503	119.36
2083	247521	118.83
2084	246524	118.29
2085	247682	118.79
2086	256732	123.07
2087	245661	117.71
2088	244150	116.93
2089	257579	123.30
2090	246601	117.99
2091	250569	119.83
2092	249381	119.21
2093	250646	119.75
2094	248563	118.70
2095	247795	118.28
2096	249829	119.19
2097	247559	118.05
2098	256053	122.05
2099	259188	123.48
2100	251986	119.99
2101	249421	118.72
2102	250274	119.06
2103	254878	121.20
2104	259023	123.11
2105	252468	119.94
2106	251181	119.27
2107	251656	119.44
2108	261456	124.03
2109	251337	119.17
2110	251115	119.01
2111	265425	125.73
2112	257140	121.75
2113	248945	117.82
2114	254597	120.43
2115	253050	119.65
2116	252216	119.19
2117	256089	120.97
2118	254684	120.25
2119	249205	117.61
2120	250645	118.23
2121	253661	119.60
2122	249936	117.78
2123	251999	118.70
2124	257422	121.20
2125	261701	123.15
2126	249927	117.56
2127	257173	120.91
2128	253951	119.34
2129	255485	120.00
2130	252686	118.63
2131	248976	116.84
2132	253697	118.99
2133	253819	119.00
2134	255001	119.49
2135	256567	120.17
2136	257253	120.44
2137	255562	119.59
2138	253378	118.51
2139	253565	118.54
2140	253459	118.44
2141	255817	119.48
2142	251391	117.36
2143	254912	118.95
2144	257957	120.32
2145	258483	120.50
2146	257120	119.81
2147	251958	117.35
2148	255650	119.02
2149	254105	118.24
2150	256758	119.42
2151	257761	119.83
2152	258754	120.24
2153	259724	120.63
2154	257278	119.44
2155	255790	118.70
2156	259251	120.25
2157	259974	120.53
2158	255367	118.34
2159	256755	118.92
2160	258054	119.47
2161	257147	118.99
2162	260023	120.27
2163	264729	122.39
2164	256392	118.48
2165	260021	120.10
2166	256291	118.32
2167	253706	117.08
2168	256927	118.51
2169	260218	119.97
2170	254755	117.40
2171	257944	118.81
2172	266514	122.70
2173	263832	121.41
2174	256775	118.11
2175	256480	117.92
2176	258756	118.91
2177	256490	117.82
2178	260009	119.38
2179	260949	119.76
2180	259213	118.91
2181	261266	119.79
2182	260832	119.54
2183	259880	119.05
2184	264771	121.23
2185	259201	118.63
2186	256983	117.56
2187	260820	119.26
2188	259980	118.82
2189	266448	121.72
2190	258849	118.20
2191	263951	120.47
2192	258987	118.15
2193	263079	119.96
2194	259842	118.43
2195	260398	118.63
2196	266699	121.45
2197	266438	121.27
2198	265104	120.61
2199	261907	119.10
2200	263857	119.94
2201	260381	118.30
2202	266360	120.96
2203	260969	118.46
2204	263831	119.71
2205	260784	118.27
2206	269438	122.14
2207	260463	118.02
2208	261758	118.55
2209	263796	119.42
2210	262959	118.99
2211	261162	118.12
2212	258881	117.03
2213	271476	122.67
2214	263038	118.81
2215	264178	119.27
2216	264243	119.24
2217	261610	118.00
2218	264133	119.09
2219	264715	119.29
2220	262070	118.05
2221	264923	119.28
2222	264001	118.81
2223	263016	118.32
2224	268060	120.53
2225	267936	120.42
2226	270434	121.49
2227	265725	119.32
2228	264456	118.70
2229	261829	117.46
2230	267632	120.01
2231	265841	119.16
2232	263098	117.88
2233	264469	118.44
2234	272057	121.78
2235	265158	118.64
2236	267966	119.84
2237	265068	118.49
2238	264385	118.13
2239	268629	119.98
2240	264948	118.28
2241	269469	120.24
2242	266728	118.97
2243	267946	119.46
2244	266847	118.92
2245	266409	118.67
2246	267373	119.04
2247	271400	120.78
2248	265833	118.25
2249	270540	120.29
2250	274957	122.20
2251	267409	118.80
2252	265652	117.96
2253	268285	119.08
2254	269900	119.74
2255	271145	120.24
2256	265661	117.76
2257	269442	119.38
2258	271218	120.11
2259	272346	120.56
2260	268935	119.00
2261	271473	120.07
2262	267193	118.12
2263	266116	117.59
2264	270305	119.39
2265	273395	120.70
2266	274335	121.07
2267	270628	119.38
2268	273145	120.43
2269	269997	118.99
2270	271809	119.74
2271	267744	117.90
2272	271690	119.58
2273	267361	117.62
2274	277040	121.83
2275	270332	118.83
2276	270875	119.01
2277	270603	118.84
2278	269933	118.50
2279	273068	119.82
2280	272402	119.47
2281	272364	119.41
2282	271170	118.83
2283	271963	119.13
2284	271502	118.87
2285	283108	123.90
2286	279851	122.42
2287	272099	118.98
2288	271781	118.79
2289	271973	118.82
2290	270934	118.31
2291	276298	120.60
2292	273694	119.41
2293	272896	119.01
2294	280549	122.30
2295	274476	119.60
2296	273518	119.13
2297	274443	119.48
2298	276699	120.41
2299	270068	117.47
2300	275717	119.88
2301	281760	122.45
2302	281375	122.23
2303	282793	122.79
2304	273877	118.87
2305	276024	119.75
2306	272646	118.23
2307	279290	121.06
2308	278645	120.73
2309	275285	119.22
2310	277072	119.94
2311	273773	118.47
2312	275284	119.07
2313	277994	120.19
2314	278379	120.30
2315	274833	118.72
2316	274663	118.59
2317	279197	120.50
2318	280238	120.90
2319	288025	124.20
2320	277189	119.48
2321	280816	120.99
2322	276814	119.21
2323	276785	119.15
2324	281189	120.99
2325	280843	120.79
2326	276706	118.96
2327	280739	120.64
2328	277430	119.17
2329	277307	119.07
2330	278963	119.73
2331	276341	118.55
2332	280878	120.45
2333	283713	121.61
2334	280341	120.11
2335	278452	119.25
2336	282782	121.05
2337	280134	119.87
2338	281403	120.36
2339	288280	123.25
2340	283686	121.23
2341	275208	117.56
2342	280408	119.73
2343	280380	119.67
2344	287394	122.61
2345	290817	124.02
2346	655569	279.44
2347	357754	152.43
2348	280609	119.51
2349	283480	120.68
2350	280009	119.15
2351	282644	120.22
2352	284697	121.04
2353	281724	119.73
2354	277849	118.03
2355	281919	119.71
2356	297200	126.15
2357	327297	138.86
2358	285224	120.96
2359	286591	121.49
2360	281571	119.31
2361	281289	119.14
2362	280267	118.66
2363	282238	119.44
2364	281492	119.07
2365	282128	119.29
2366	285933	120.85
2367	284912	120.37
2368	282360	119.24
2369	286141	120.79
2370	289093	121.98
2371	282612	119.20
2372	280598	118.30
2373	281972	118.83
2374	283999	119.63
2375	291429	122.71
2376	290521	122.27
2377	283622	119.32
2378	285160	119.92
2379	282686	118.83
2380	290054	121.87
2381	291055	122.24
2382	284704	119.52
2383	282631	118.60
2384	286472	120.16
2385	284031	119.09
2386	283253	118.71
2387	283919	118.94
2388	307128	128.61
2389	285809	119.64
2390	285644	119.52
2391	290546	121.52
2392	288848	120.76
2393	280514	117.22
2394	286662	119.74
2395	289885	121.04
2396	282483	117.90
2397	282923	118.03
2398	307961	128.42
2399	285969	119.20
2400	286089	119.20
2401	289366	120.52
2402	289726	120.62
2403	287798	119.77
2404	290598	120.88
2405	289663	120.44
2406	291978	121.35
2407	291753	121.21
2408	285483	118.56
2409	285292	118.43
2410	288566	119.74
2411	282751	117.28
2412	309060	128.13
2413	338908	140.45
2414	286068	118.50
2415	294127	121.79
2416	287490	118.99
2417	292571	121.05
2418	293971	121.58
2419	286968	118.63
2420	291664	120.52
2421	292155	120.68
2422	285053	117.69
2423	291599	120.35
2424	287735	118.70
2425	288273	118.88
2426	292225	120.46
2427	290028	119.50
2428	289500	119.23
2429	291991	120.21
2430	290296	119.46
2431	295263	121.46
2432	300168	123.42
2433	288570	118.61
2434	288074	118.35
2435	288548	118.50
2436	289350	118.78
2437	293661	120.50
2438	289713	118.83
2439	289475	118.69
2440	292136	119.73
2441	293167	120.10
2442	293628	120.24
2443	290291	118.83
2444	288152	117.90
2445	290863	118.96
2446	293377	119.94
2447	295788	120.88
2448	292805	119.61
2449	292032	119.25
2450	294464	120.19
2451	294770	120.27
2452	293570	119.73
2453	289298	117.94
2454	296781	120.94
2455	292777	119.26
2456	289753	117.98
2457	291196	118.52
2458	289309	117.70
2459	292122	118.80
2460	292350	118.84
2461	296524	120.49
2462	302676	122.94
2463	300138	121.86
2464	296857	120.48
2465	297669	120.76
2466	295097	119.67
2467	290515	117.76
2468	291511	118.12
2469	291057	117.88
2470	293258	118.73
2471	293972	118.97
2472	296172	119.81
2473	300757	121.62
2474	296156	119.71
2475	293190	118.46
2476	294120	118.79
2477	300442	121.29
2478	297794	120.18
2479	298200	120.29
2480	290982	117.33
2481	296900	119.67
2482	296693	119.54
2483	296347	119.35
2484	292145	117.61
2485	293883	118.26
2486	298174	119.94
2487	303543	122.05
2488	297674	119.64
2489	294399	118.28
2490	301687	121.16
2491	299309	120.16
2492	300935	120.76
2493	300152	120.40
2494	298102	119.53
2495	300794	120.56
2496	294803	118.11
2497	301431	120.72
2498	294694	117.97
2499	297604	119.09
2500	301008	120.40
2501	302238	120.85
2502	303787	121.42
2503	298634	119.31
2504	298566	119.24
2505	301132	120.21
2506	302978	120.90
2507	295542	117.89
2508	294594	117.46
2509	298381	118.92
2510	299303	119.24
2511	301101	119.91
2512	300283	119.54
2513	301154	119.84
2514	298454	118.72
2515	299216	118.97
2516	300480	119.43
2517	304309	120.90
2518	304668	121.00
2519	303011	120.29
2520	307080	121.86
2521	300066	119.03
2522	302930	120.11
2523	300496	119.10
2524	303601	120.29
2525	301584	119.44
2526	303658	120.21
2527	306654	121.35
2528	300724	118.96
2529	304327	120.33
2530	301702	119.25
2531	308130	121.74
2532	296996	117.30
2533	302508	119.43
2534	301301	118.90
2535	302783	119.44
2536	304290	119.99
2537	300887	118.60
2538	299213	117.89
2539	305415	120.29
2540	305922	120.44
2541	312355	122.93
2542	306351	120.52
2543	303309	119.27
2544	313472	123.22
2545	302868	119.01
2546	307016	120.59
2547	306076	120.17
2548	303900	119.27
2549	306641	120.30
2550	304902	119.57
2551	306812	120.27
2552	306075	119.94
2553	300034	117.52
2554	302546	118.46
2555	306886	120.11
2556	302203	118.23
2557	305650	119.53
2558	301388	117.82
2559	306719	119.86
2560	309089	120.74
2561	306398	119.64
2562	305145	119.10
2563	306343	119.53
2564	307066	119.76
2565	308130	120.13
2566	305855	119.20
2567	303696	118.31
2568	302264	117.70
2569	304041	118.35
2570	319307	124.24
2571	310204	120.65
2572	305216	118.67
2573	308331	119.83
2574	310010	120.44
2575	308116	119.66
2576	306720	119.07
2577	303529	117.78
2578	308583	119.70
2579	305745	118.55
2580	306625	118.85
2581	306884	118.90
2582	306117	118.56
2583	307511	119.05
2584	311823	120.67
2585	304745	117.89
2586	314669	121.68
2587	308891	119.40
2588	306837	118.56
2589	310348	119.87
2590	312995	120.85
2591	305773	118.01
2592	304986	117.66
2593	306443	118.18
2594	316595	122.05
2595	317401	122.31
2596	309262	119.13
2597	307130	118.26
2598	307608	118.40
2599	310006	119.28
2600	313695	120.65
2601	311361	119.71
2602	317962	122.20
2603	317347	121.92
2604	313295	120.31
2605	309396	118.77
2606	310376	119.10
2607	312673	119.94
2608	311014	119.25
2609	309471	118.62
2610	312224	119.63
2611	315159	120.70
2612	312203	119.53
2613	312126	119.45
2614	307772	117.74
2615	310488	118.73
2616	316768	121.09
2617	308978	118.07
2618	316187	120.77
2619	310577	118.59
2620	311425	118.86
2621	307197	117.21
2622	311806	118.92
2623	323428	123.30
2624	317702	121.08
2625	315959	120.37
2626	319957	121.84
2627	314402	119.68
2628	312015	118.73
2629	313832	119.37
2630	313313	119.13
2631	313924	119.32
2632	314392	119.45
2633	317934	120.75
2634	315622	119.83
2635	326559	123.93
2636	332389	126.10
2637	315355	119.59
2638	328743	124.62
2639	321189	121.71
2640	319510	121.03
2641	316566	119.87
2642	345418	130.74
2643	343314	129.90
2644	317683	120.15
2645	316941	119.83
2646	322148	121.75
2647	315126	119.05
2648	315245	119.05
2649	313775	118.45
2650	317421	119.78
2651	313788	118.37
2652	319055	120.31
2653	318782	120.16
2654	316313	119.18
2655	318974	120.14
2656	317385	119.50
2657	315610	118.78
2658	319326	120.14
2659	319332	120.09
2660	320535	120.50
2661	321658	120.88
2662	319377	119.98
2663	323437	121.46
2664	318252	119.46
2665	316297	118.69
2666	317367	119.04
2667	318783	119.53
2668	319554	119.77
2669	328557	123.10
2670	320353	119.98
2671	316313	118.42
2672	317369	118.78
2673	328137	122.76
2674	317624	118.78
2675	323328	120.87
2676	324807	121.38
2677	324018	121.04
2678	320484	119.67
2679	321219	119.90
2680	322037	120.16
2681	319075	119.01
2682	321090	119.72
2683	321933	119.99
2684	319862	119.17
2685	319106	118.85
2686	316151	117.70
2687	320068	119.12
2688	323900	120.50
2689	320566	119.21
2690	320948	119.31
2691	317500	117.99
2692	324556	120.56
2693	317748	117.99
2694	318525	118.23
2695	326663	121.21
2696	320801	118.99
2697	322273	119.49
2698	323544	119.92
2699	318394	117.97
2700	321196	118.96
2701	323639	119.82
2702	334140	123.66
2703	328416	121.50
2704	321316	118.83
2705	323708	119.67
2706	321699	118.88
2707	321962	118.94
2708	320541	118.37
2709	321993	118.86
2710	331492	122.32
2711	326360	120.38
2712	327385	120.72
2713	327113	120.57
2714	322518	118.83
2715	326809	120.37
2716	325148	119.72
2717	324375	119.39
2718	326115	119.98
2719	324977	119.52
2720	327624	120.45
2721	325251	119.53
2722	320193	117.63
2723	327082	120.12
2724	324623	119.17
2725	325293	119.37
2726	325852	119.53
2727	331448	121.54
2728	341194	125.07
2729	324411	118.88
2730	324983	119.04
2731	328749	120.38
2732	329625	120.65
2733	337733	123.58
2734	326503	119.42
2735	326444	119.36
2736	324327	118.54
2737	327782	119.76
2738	326242	119.15
2739	323468	118.10
2740	327509	119.53
2741	329691	120.28
2742	328703	119.88
2743	326019	118.85
2744	325701	118.70
2745	327435	119.28
2746	329281	119.91
2747	330993	120.49
2748	350379	127.50
2749	333565	121.34
2750	327950	119.25
2751	325427	118.29
2752	331865	120.59
2753	333139	121.01
2754	329820	119.76
2755	336163	122.02
2756	328389	119.15
2757	328890	119.29
2758	325249	117.93
2759	336007	121.79
2760	331886	120.25
2761	330756	119.80
2762	330093	119.51
2763	333144	120.57
2764	330146	119.45
2765	328295	118.73
2766	327917	118.55
2767	330030	119.27
2768	335375	121.16
2769	334188	120.69
2770	332477	120.03
2771	328961	118.72
2772	330206	119.12
2773	330799	119.29
2774	327860	118.19
2775	334846	120.67
2776	332012	119.60
2777	335479	120.81
2778	330380	118.93
2779	333764	120.10
2780	330634	118.93
2781	334463	120.27
2782	335520	120.60
2783	333801	119.94
2784	327314	117.57
2785	332539	119.40
2786	331226	118.89
2787	334601	120.06
2788	336140	120.57
2789	334527	119.95
2790	333184	119.42
2791	332224	119.03
2792	340080	121.81
2793	329288	117.90
2794	330014	118.12
2795	332081	118.81
2796	334085	119.49
2797	332548	118.89
2798	333276	119.11
2799	334145	119.38
2800	333504	119.11
2801	335221	119.68
2802	352228	125.71
2803	333109	118.84
2804	338594	120.75
2805	335592	119.64
2806	333976	119.02
2807	334044	119.00
2808	336927	119.99
2809	337660	120.21
2810	336242	119.66
2811	337733	120.15
2812	338092	120.23
2813	334879	119.05
2814	341132	121.23
2815	336984	119.71
2816	337746	119.94
2817	334306	118.67
2818	338208	120.02
2819	339223	120.33
2820	459770	163.04
2821	366395	129.88
2822	332111	117.69
2823	336013	119.03
2824	337156	119.39
2825	335995	118.94
2826	341265	120.76
2827	340008	120.27
2828	332765	117.67
2829	336950	119.11
2830	339269	119.88
2831	338740	119.65
2832	339521	119.89
2833	346921	122.46
2834	340604	120.18
2835	338880	119.53
2836	336558	118.67
2837	337235	118.87
2838	346368	122.05
2839	340295	119.86
2840	339433	119.52
2841	337764	118.89
2842	342861	120.64
2843	346523	121.89
2844	339756	119.46
2845	342142	120.26
2846	338913	119.08
2847	344732	121.09
2848	349117	122.58
2849	340997	119.69
2850	362770	127.29
2851	340247	119.34
2852	348962	122.36
2853	340265	119.27
2854	340271	119.23
2855	340744	119.35
2856	352561	123.45
2857	342737	119.96
2858	341289	119.42
2859	351946	123.10
2860	338857	118.48
2861	338278	118.24
2862	340997	119.15
2863	343282	119.90
2864	344641	120.34
2865	341768	119.29
2866	344120	120.07
2867	341413	119.08
2868	338332	117.97
2869	345947	120.58
2870	341205	118.89
2871	350724	122.16
2872	344581	119.98
2873	349090	121.51
2874	340877	118.61
2875	346418	120.49
2876	341103	118.60
2877	341739	118.78
2878	358090	124.42
2879	344695	119.73
2880	342230	118.83
2881	338953	117.65
2882	340145	118.02
2883	343109	119.01
2884	344705	119.52
2885	350131	121.36
2886	347684	120.47
2887	347187	120.26
2888	339299	117.49
2889	340049	117.70
2890	349707	121.01
2891	344429	119.14
2892	350149	121.08
2893	344846	119.20
2894	344059	118.89
2895	343507	118.66
2896	354154	122.29
2897	357682	123.47
2898	340957	117.65
2899	349268	120.48
2900	347823	119.94
2901	346664	119.50
2902	350329	120.72
2903	351878	121.21
2904	349523	120.36
2905	366950	126.32
2906	351723	121.03
2907	346813	119.30
2908	344550	118.48
2909	349423	120.12
2910	348171	119.65
2911	345509	118.69
2912	350266	120.28
2913	350513	120.33
2914	345217	118.47
2915	343090	117.70
2916	354138	121.45
2917	346008	118.62
2918	351766	120.55
2919	349250	119.65
2920	349563	119.71
2921	346007	118.45
2922	349090	119.47
2923	350152	119.79
2924	344207	117.72
2925	362193	123.83
2926	353014	120.65
2927	349092	119.27
2928	350005	119.54
2929	348292	118.91
2930	347886	118.73
2931	350323	119.52
2932	352371	120.18
2933	350766	119.59
2934	352675	120.20
2935	349472	119.07
2936	347544	118.37
2937	353126	120.23
2938	353870	120.45
2939	351023	119.44
2940	350792	119.32
2941	349129	118.71
2942	353823	120.27
2943	352874	119.90
2944	353532	120.09
2945	354775	120.47
2946	353857	120.11
2947	356126	120.84
2948	406581	137.92
2949	390730	132.50
2950	349857	118.60
2951	351853	119.23
2952	353341	119.70
2953	362693	122.82
2954	350730	118.73
2955	349887	118.41
2956	349929	118.38
2957	355809	120.33
2958	358873	121.32
2959	352990	119.29
2960	355277	120.03
2961	351541	118.72
2962	355956	120.17
2963	351659	118.68
2964	353236	119.18
2965	358185	120.80
2966	354365	119.48
2967	354284	119.41
2968	357822	120.56
2969	354056	119.25
2970	349008	117.51
2971	358561	120.69
2972	354693	119.34
2973	353563	118.92
2974	351539	118.20
2975	358042	120.35
2976	361269	121.39
2977	353711	118.81
2978	362500	121.73
2979	354698	119.07
2980	359089	120.50
2981	356025	119.43
2982	355511	119.22
2983	356991	119.68
2984	358697	120.21
2985	358264	120.02
2986	358035	119.90
2987	355678	119.08
2988	355655	119.03
2989	355862	119.06
2990	357961	119.72
2991	358653	119.91
2992	356800	119.25
2993	358788	119.88
2994	358168	119.63
2995	357364	119.32
2996	363178	121.22
2997	364049	121.47
2998	357337	119.19
2999	361131	120.42
3000	371071	123.69
3001	369055	122.98
3002	372133	123.96
3003	364043	121.23
3004	360913	120.14
3005	360199	119.87
3006	355017	118.10
3007	357169	118.78
3008	364610	121.21
3009	354908	117.95
3010	359796	119.53
3011	364147	120.94
3012	358127	118.90
3013	357523	118.66
3014	358238	118.86
3015	365232	121.14
3016	357213	118.44
3017	362710	120.22
3018	357186	118.35
3019	366891	121.53
3020	363102	120.23
3021	360683	119.39
3022	358621	118.67
3023	359860	119.04
3024	364973	120.69
3025	355569	117.54
3026	365277	120.71
3027	359297	118.70
3028	370255	122.28
3029	368031	121.50
3030	367051	121.14
3031	358625	118.32
3032	361668	119.28
3033	362426	119.49
3034	362499	119.48
3035	364072	119.96
3036	362851	119.52
3037	366729	120.75
3038	363496	119.65
3039	358837	118.08
3040	368168	121.11
3041	366186	120.42
3042	368855	121.25
3043	366160	120.33
3044	374494	123.03
3045	363042	119.23
3046	362253	118.93
3047	365408	119.92
3048	369191	121.13
3049	377172	123.70
3050	368644	120.87
3051	364505	119.47
3052	361397	118.41
3053	366110	119.92
3054	366341	119.95
3055	369515	120.95
3056	364268	119.20
3057	370896	121.33
3058	364356	119.15
3059	365524	119.49
3060	368749	120.51
3061	365228	119.32
3062	365860	119.48
3063	363276	118.60
3064	364898	119.09
3065	368158	120.12
3066	388127	126.59
3067	370691	120.86
3068	365140	119.02
3069	382687	124.69
3070	373303	121.60
3071	368989	120.15
3072	368349	119.91
3073	367583	119.62
3074	368547	119.89
3075	370160	120.38
3076	363645	118.22
3077	361181	117.38
3078	372619	121.06
3079	372443	120.96
3080	371118	120.49
3081	365926	118.77
3082	369395	119.86
3083	364609	118.26
3084	363135	117.75
3085	365517	118.48
3086	387996	125.73
3087	370237	119.93
3088	372039	120.48
3089	371145	120.15
3090	368313	119.20
3091	363072	117.46
3092	370963	119.98
3093	369235	119.38
3094	372487	120.39
3095	367919	118.88
3096	367697	118.77
3097	371429	119.93
3098	371732	119.99
3099	373729	120.60
3100	372084	120.03
3101	372344	120.07
3102	389213	125.47
3103	366857	118.23
3104	377595	121.65
3105	372197	119.87
3106	374077	120.44
3107	370455	119.23
3108	367291	118.18
3109	371192	119.39
3110	373272	120.02
3111	374500	120.38
3112	380429	122.25
3113	374694	120.36
3114	376166	120.80
3115	370943	119.08
3116	370194	118.80
3117	373621	119.87
3118	377951	121.22
3119	376047	120.57
3120	373172	119.61
3121	392224	125.67
3122	376841	120.70
3123	371691	119.02
3124	379372	121.44
3125	374159	119.73
3126	374805	119.90
3127	373271	119.37
3128	368597	117.84
3129	378505	120.97
3130	384106	122.72
3131	373703	119.36
3132	379870	121.29
3133	374856	119.65
3134	372771	118.94
3135	373641	119.18
3136	377702	120.44
3137	383924	122.39
3138	375840	119.77
3139	374186	119.21
3140	373227	118.86
3141	375540	119.56
3142	372040	118.41
3143	375965	119.62
3144	373179	118.70
3145	379607	120.70
3146	371335	118.03
3147	383230	121.78
3148	384921	122.27
3149	372388	118.26
3150	382309	121.37
3151	372579	118.24
3152	374375	118.77
3153	377565	119.75
3154	384371	121.87
3155	385082	122.05
3156	383118	121.39
3157	376797	119.35
3158	378583	119.88
3159	371891	117.72
3160	376094	119.02
3161	376896	119.23
3162	379432	120.00
3163	377321	119.29
3164	372736	117.81
3165	379510	119.91
3166	377762	119.32
3167	387227	122.27
3168	377318	119.10
3169	379868	119.87
3170	377398	119.05
3171	376652	118.78
3172	381214	120.18
3173	383693	120.92
3174	379299	119.50
3175	379458	119.51
3176	377920	118.99
3177	375420	118.17
3178	373164	117.42
3179	380192	119.59
3180	382208	120.19
3181	387801	121.91
3182	378125	118.83
3183	378939	119.05
3184	381360	119.77
3185	379146	119.04
3186	388168	121.84
3187	380382	119.35
3188	378354	118.68
3189	381998	119.79
3190	378761	118.73
3191	384668	120.55
3192	382388	119.80
3193	383002	119.95
3194	381686	119.50
3195	385650	120.70
3196	384564	120.33
3197	389433	121.81
3198	383584	119.94
3199	382504	119.57
3200	383632	119.89
3201	380751	118.95
3202	391028	122.12
3203	386312	120.61
3204	383264	119.62
3205	385560	120.30
3206	381045	118.85
3207	381620	119.00
3208	387966	120.94
3209	382262	119.12
3210	382849	119.27
3211	384607	119.78
3212	386417	120.30
3213	382876	119.16
3214	382400	118.98
3215	388662	120.89
3216	389092	120.99
3217	385802	119.93
3218	384839	119.59
3219	381781	118.60
3220	386095	119.91
3221	388075	120.48
3222	385942	119.78
3223	388026	120.39
3224	385501	119.57
3225	386079	119.71
3226	384872	119.30
3227	385933	119.59
3228	383013	118.65
3229	386331	119.64
3230	398152	123.27
3231	383729	118.76
3232	384661	119.02
3233	387121	119.74
3234	385018	119.05
3235	394939	122.08
3236	388111	119.94
3237	423378	130.79
3238	387244	119.59
3239	397440	122.70
3240	391594	120.86
3241	388145	119.76
3242	385899	119.03
3243	394143	121.54
3244	385201	118.74
3245	387265	119.34
3246	385784	118.85
3247	391831	120.67
3248	388567	119.63
3249	384296	118.28
3250	399058	122.79
3251	395296	121.59
3252	396637	121.97
3253	389936	119.87
3254	386911	118.90
3255	386041	118.60
3256	385807	118.49
3257	398310	122.29
3258	400099	122.81
3259	391051	119.99
3260	396130	121.51
3261	388517	119.14
3262	388500	119.10
3263	391202	119.89
3264	394290	120.80
3265	387950	118.82
3266	393387	120.45
3267	433243	132.61
3268	389737	119.26
3269	397156	121.49
3270	391988	119.87
3271	393410	120.27
3272	392600	119.99
3273	392926	120.05
3274	393676	120.24
3275	391242	119.46
3276	387652	118.33
3277	394428	120.36
3278	392577	119.76
3279	387463	118.16
3280	392782	119.75
3281	396741	120.92
3282	393307	119.84
3283	392421	119.53
3284	392416	119.49
3285	395066	120.26
3286	390801	118.93
3287	392933	119.54
3288	398410	121.17
3289	392041	119.20
3290	391977	119.14
3291	391911	119.09
3292	392858	119.34
3293	393676	119.55
3294	394379	119.73
3295	393034	119.28
3296	395998	120.15
3297	391026	118.60
3298	397508	120.53
3299	393349	119.23
3300	399234	120.98
3301	401380	121.59
3302	399704	121.05
3303	390959	118.36
3304	394075	119.27
3305	404115	122.27
3306	400436	121.12
3307	393464	118.98
3308	392638	118.69
3309	391223	118.23
3310	400089	120.87
3311	402343	121.52
3312	403437	121.81
3313	401720	121.26
3314	396897	119.76
3315	404058	121.89
3316	396924	119.70
3317	417585	125.89
3318	399965	120.54
3319	394751	118.94
3320	394404	118.80
3321	401925	121.03
3322	402295	121.10
3323	403862	121.54
3324	397564	119.60
3325	437074	131.45
3326	397043	119.38
3327	395938	119.01
3328	421981	126.80
3329	407816	122.50
3330	399243	119.89
3331	393695	118.19
3332	399940	120.03
3333	400971	120.30
3334	398517	119.53
3335	399730	119.86
3336	402030	120.51
3337	402304	120.56
3338	397144	118.98
3339	400610	119.98
3340	398305	119.25
3341	399849	119.68
3342	400842	119.94
3343	396840	118.71
3344	401793	120.15
3345	407144	121.72
3346	442642	132.29
3347	400063	119.53
3348	404299	120.76
3349	398670	119.04
3350	403772	120.53
3351	404626	120.75
3352	411444	122.75
3353	407977	121.68
3354	400909	119.53
3355	402230	119.89
3356	395547	117.86
3357	404960	120.63
3358	402911	119.99
3359	400530	119.24
3360	403222	120.01
3361	409208	121.75
3362	400476	119.12
3363	402244	119.61
3364	399946	118.89
3365	401859	119.42
3366	403707	119.94
3367	405186	120.34
3368	403039	119.67
3369	402948	119.60
3370	402481	119.43
3371	402296	119.34
3372	398756	118.26
3373	402632	119.37
3374	405755	120.26
3375	405540	120.16
3376	400516	118.64
3377	400504	118.60
3378	402968	119.29
3379	406381	120.27
3380	403354	119.34
3381	403936	119.47
3382	407234	120.41
3383	401836	118.78
3384	400991	118.50
3385	404767	119.58
3386	413450	122.11
3387	413211	122.00
3388	405293	119.63
3389	404070	119.23
3390	404041	119.19
3391	407222	120.09
3392	409034	120.59
3393	413380	121.83
3394	411173	121.15
3395	404611	119.18
3396	406033	119.56
3397	413448	121.71
3398	409605	120.54
3399	411623	121.10
3400	404256	118.90
3401	411865	121.10
3402	410739	120.73
3403	407038	119.61
3404	410681	120.65
3405	411068	120.72
3406	409912	120.35
3407	404716	118.79
3408	408105	119.75
3409	410378	120.38
3410	415584	121.87
3411	407504	119.47
3412	408000	119.58
3413	407132	119.29
3414	415878	121.82
3415	415931	121.80
3416	405136	118.60
3417	410301	120.08
3418	410864	120.21
3419	407553	119.20
3420	410413	120.00
3421	411612	120.32
3422	413594	120.86
3423	411071	120.09
3424	410526	119.90
3425	406875	118.80
3426	416915	121.69
3427	410930	119.91
3428	409239	119.38
3429	409069	119.30
3430	405690	118.28
3431	412994	120.37
3432	415858	121.17
3433	415908	121.15
3434	416503	121.29
3435	407846	118.73
3436	413540	120.36
3437	418169	121.67
3438	417498	121.44
3439	413770	120.32
3440	412075	119.79
3441	409332	118.96
3442	409570	118.99
3443	410541	119.24
3444	409584	118.93
3445	413071	119.90
3446	409511	118.84
3447	405999	117.78
3448	408499	118.47
3449	412913	119.72
3450	418113	121.19
3451	414018	119.97
3452	409461	118.62
3453	410517	118.89
3454	413044	119.58
3455	416150	120.45
3456	418810	121.18
3457	420757	121.71
3458	413201	119.49
3459	413000	119.40
3460	412906	119.34
3461	417783	120.71
3462	413376	119.40
3463	419933	121.26
3464	413097	119.25
3465	415507	119.92
3466	415282	119.82
3467	422620	121.90
3468	416942	120.23
3469	410874	118.44
3470	418830	120.70
3471	421043	121.30
3472	428779	123.50
3473	415147	119.54
3474	416919	120.01
3475	416131	119.75
3476	416296	119.76
3477	418766	120.44
3478	415016	119.33
3479	416873	119.83
3480	433365	124.53
3481	415735	119.43
3482	416556	119.63
3483	420907	120.85
3484	419980	120.55
3485	425423	122.07
3486	416171	119.38
3487	415416	119.13
3488	421284	120.78
3489	422412	121.07
3490	419855	120.30
3491	416647	119.35
3492	418714	119.91
3493	422518	120.96
3494	425949	121.91
3495	417392	119.43
3496	418701	119.77
3497	416463	119.09
3498	418619	119.67
3499	417896	119.43
3500	422314	120.66
3501	420267	120.04
3502	420762	120.15
3503	420435	120.02
3504	421237	120.22
3505	420701	120.03
3506	424215	121.00
3507	416143	118.66
3508	421553	120.17
3509	416635	118.73
3510	420279	119.74
3511	426252	121.40
3512	425367	121.12
3513	419279	119.35
3514	415221	118.16
3515	415671	118.26
3516	422583	120.19
3517	422798	120.22
3518	420572	119.55
3519	429388	122.02
3520	424115	120.49
3521	417643	118.61
3522	421385	119.64
3523	416814	118.31
3524	425807	120.83
3525	417164	118.34
3526	420784	119.34
3527	436359	123.72
3528	433947	123.00
3529	420738	119.22
3530	422325	119.64
3531	425554	120.52
3532	423172	119.81
3533	423216	119.79
3534	423627	119.87
3535	425737	120.43
3536	419068	118.51
3537	423352	119.69
3538	423648	119.74
3539	421299	119.04
3540	428256	120.98
3541	429205	121.21
3542	422884	119.39
3543	426452	120.36
3544	420234	118.58
3545	423145	119.36
3546	429346	121.08
3547	422932	119.24
3548	426365	120.17
3549	434993	122.57
3550	428602	120.73
3551	423619	119.30
3552	447736	126.05
3553	424863	119.58
3554	425622	119.76
3555	437437	123.05
3556	428172	120.41
3557	424165	119.25
3558	424834	119.40
3559	440501	123.77
3560	431464	121.20
3561	433036	121.61
3562	426474	119.73
3563	426269	119.64
3564	424252	119.04
3565	430397	120.73
3566	427755	119.95
3567	420901	118.00
3568	425048	119.13
3569	426761	119.57
3570	433704	121.49
3571	429272	120.21
3572	431543	120.81
3573	426748	119.44
3574	425593	119.08
3575	429863	120.24
3576	435555	121.80
3577	430900	120.46
3578	431359	120.56
3579	425344	118.84
3580	423983	118.43
3581	434288	121.28
3582	429143	119.81
3583	430392	120.12
3584	429449	119.82
3585	424101	118.30
3586	432145	120.51
3587	432331	120.53
3588	431228	120.19
3589	435351	121.30
3590	429577	119.66
3591	426944	118.89
3592	432324	120.36
3593	434347	120.89
3594	432030	120.21
3595	428939	119.32
3596	432629	120.31
3597	432422	120.22
3598	429931	119.49
3599	431217	119.82
3600	429956	119.43
3601	434692	120.71
3602	437952	121.59
3603	433076	120.20
3604	435459	120.83
3605	431332	119.65
3606	426105	118.17
3607	425585	117.99
3608	430067	119.20
3609	428750	118.80
3610	436923	121.03
3611	429912	119.06
3612	431773	119.54
3613	436695	120.87
3614	433386	119.92
3615	438606	121.33
3616	435764	120.51
3617	428954	118.59
3618	428820	118.52
3619	428975	118.53
3620	433965	119.88
3621	435855	120.37
3622	431997	119.27
3623	428220	118.19
3624	434222	119.82
3625	439235	121.17
3626	439907	121.32
3627	436535	120.36
3628	438922	120.98
3629	438351	120.79
3630	438413	120.77
3631	436265	120.15
3632	435341	119.86
3633	433876	119.43
3634	432968	119.14
3635	441440	121.44
3636	435653	119.82
3637	438782	120.64
3638	489573	134.57
3639	456437	125.43
3640	444228	122.04
3641	436109	119.78
3642	438488	120.40
3643	432804	118.80
3644	442250	121.36
3645	443125	121.57
3646	443846	121.74
3647	437818	120.05
3648	437629	119.96
3649	438152	120.07
3650	436066	119.47
3651	444301	121.69
3652	433728	118.76
3653	450560	123.34
3654	435618	119.22
3655	434625	118.91
3656	435515	119.12
3657	444190	121.46
3658	441340	120.65
3659	440536	120.40
3660	440101	120.25
3661	449146	122.68
3662	445714	121.71
3663	447449	122.15
3664	439653	119.99
3665	435626	118.86
3666	440828	120.25
3667	436844	119.13
3668	451827	123.18
3669	440936	120.18
3670	443006	120.71
3671	444072	120.97
3672	437957	119.27
3673	442448	120.46
3674	443103	120.61
3675	445780	121.30
3676	440689	119.88
3677	440793	119.88
3678	436730	118.74
3679	441786	120.08
3680	436575	118.63
3681	437291	118.80
3682	444066	120.60
3683	448551	121.79
3684	437422	118.74
3685	441407	119.78
3686	437744	118.76
3687	439176	119.11
3688	441609	119.74
3689	443656	120.26
3690	444584	120.48
3691	442396	119.86
3692	439030	118.91
3693	442870	119.92
3694	446699	120.93
3695	444486	120.29
3696	447068	120.96
3697	439904	118.99
3698	441551	119.40
3699	442340	119.58
3700	445597	120.43
3701	449922	121.57
3702	450000	121.56
3703	441494	119.23
3704	443847	119.83
3705	443796	119.78
3706	439367	118.56
3707	441651	119.14
3708	443561	119.62
3709	450273	121.40
3710	453377	122.20
3711	441690	119.02
3712	456509	122.98
3713	442901	119.28
3714	448069	120.64
3715	446413	120.17
3716	447444	120.41
3717	441683	118.83
3718	442048	118.89
3719	446669	120.10
3720	450594	121.13
3721	443944	119.31
3722	441571	118.64
3723	443505	119.13
3724	446747	119.96
3725	445043	119.47
3726	448149	120.28
3727	449268	120.54
3728	445443	119.49
3729	445140	119.37
3730	445498	119.44
3731	449292	120.42
3732	449008	120.31
3733	445291	119.29
3734	445738	119.37
3735	450912	120.73
3736	445117	119.14
3737	453498	121.35
3738	449520	120.26
3739	444448	118.87
3740	448140	119.82
3741	451618	120.72
3742	459212	122.72
3743	447461	119.55
3744	445686	119.04
3745	447525	119.50
3746	453253	121.00
3747	452990	120.89
3748	452329	120.69
3749	450781	120.24
3750	445993	118.93
3751	452225	120.56
3752	450760	120.14
3753	451443	120.29
3754	447617	119.24
3755	446312	118.86
3756	491081	130.75
3757	448410	119.35
3758	451731	120.21
3759	448198	119.23
3760	446326	118.70
3761	452830	120.40
3762	452444	120.27
3763	452002	120.12
3764	451636	119.99
3765	448848	119.22
3766	450508	119.63
3767	457132	121.35
3768	461590	122.50
3769	454462	120.58
3770	448566	118.98
3771	451965	119.85
3772	453798	120.31
3773	450269	119.34
3774	450417	119.35
3775	451020	119.48
3776	457869	121.26
3777	454556	120.35
3778	453833	120.13
3779	447552	118.43
3780	448226	118.58
3781	456232	120.66
3782	456445	120.69
3783	448803	118.64
3784	452787	119.66
3785	462550	122.21
3786	448831	118.55
3787	456359	120.51
3788	451493	119.19
3789	448609	118.40
3790	457412	120.69
3791	455605	120.18
3792	455353	120.08
3793	452347	119.26
3794	455159	119.97
3795	451767	119.04
3796	457059	120.41
3797	467041	123.00
3798	459217	120.91
3799	454906	119.74
3800	455548	119.88
3801	463439	121.93
3802	456668	120.11
3803	459653	120.87
3804	458052	120.41
3805	462457	121.54
3806	454033	119.29
3807	456189	119.83
3808	452792	118.91
3809	458829	120.46
3810	459908	120.71
3811	454844	119.35
3812	453622	119.00
3813	464830	121.91
3814	462784	121.34
3815	454866	119.23
3816	466531	122.26
3817	459568	120.40
3818	453083	118.67
3819	455700	119.32
3820	461978	120.94
3821	460216	120.44
3822	455412	119.16
3823	464731	121.56
3824	460225	120.35
3825	464346	121.40
3826	451052	117.89
3827	460616	120.36
3828	471320	123.12
3829	454628	118.73
3830	465269	121.48
3831	452419	118.09
3832	457119	119.29
3833	464782	121.26
3834	461691	120.42
3835	464326	121.08
3836	484873	126.40
3837	487892	127.15
3838	458284	119.41
3839	502893	131.00
3840	461797	120.26
3841	456129	118.75
3842	460889	119.96
3843	455816	118.61
3844	460009	119.67
3845	463650	120.59
3846	458926	119.33
3847	458640	119.22
3848	462897	120.30
3849	470248	122.17
3850	458532	119.10
3851	460963	119.70
3852	462594	120.09
3853	458780	119.07
3854	470168	121.99
3855	465341	120.71
3856	461930	119.80
3857	457793	118.69
3858	464335	120.36
3859	463996	120.24
3860	465127	120.50
3861	461153	119.44
3862	462333	119.71
3863	467471	121.01
3864	464020	120.09
3865	462108	119.56
3866	459903	118.96
3867	459424	118.81
3868	467344	120.82
3869	470977	121.73
3870	462825	119.59
3871	468823	121.11
3872	460220	118.86
3873	467733	120.77
3874	466800	120.50
3875	467114	120.55
3876	470323	121.34
3877	460814	118.86
3878	468411	120.79
3879	465423	119.99
3880	473903	122.14
3881	469648	121.01
3882	466992	120.30
3883	473517	121.95
3884	473158	121.82
3885	469046	120.73
3886	464840	119.62
3887	477724	122.90
3888	466580	120.01
3889	466089	119.85
3890	480060	123.41
3891	467552	120.16
3892	462969	118.95
3893	472768	121.44
3894	467698	120.11
3895	475072	121.97
3896	460749	118.26
3897	463874	119.03
3898	473277	121.42
3899	475397	121.93
3900	473969	121.53
3901	469762	120.42
3902	466015	119.43
3903	476178	122.00
3904	473622	121.32
3905	464120	118.85
3906	468226	119.87
3907	465820	119.23
3908	466816	119.45
3909	479346	122.63
3910	474886	121.45
3911	467469	119.53
3912	462324	118.18
3913	466135	119.12
3914	476355	121.71
3915	466595	119.18
3916	474645	121.21
3917	473801	120.96
3918	473943	120.97
3919	471675	120.36
3920	468439	119.50
3921	467942	119.34
3922	467981	119.32
3923	476437	121.45
3924	476518	121.44
3925	473016	120.51
3926	470729	119.90
3927	466198	118.72
3928	474153	120.71
3929	474798	120.84
3930	466039	118.58
3931	470503	119.69
3932	473554	120.44
3933	469502	119.38
3934	467552	118.85
3935	474581	120.61
3936	472493	120.04
3937	468642	119.04
3938	477216	121.18
3939	474479	120.46
3940	474423	120.41
3941	471884	119.74
3942	470618	119.39
3943	472503	119.83
3944	472437	119.79
3945	470769	119.33
3946	473054	119.88
3947	527458	133.64
3948	468298	118.62
3949	481211	121.86
3950	469841	118.95
3951	471152	119.25
3952	472077	119.45
3953	478804	121.12
3954	476128	120.42
3955	471726	119.27
3956	482675	122.01
3957	478094	120.82
3958	472472	119.37
3959	477318	120.57
3960	478654	120.87
3961	471286	118.98
3962	474935	119.87
3963	476073	120.13
3964	479496	120.96
3965	471331	118.87
3966	475465	119.89
3967	480452	121.11
3968	474032	119.46
3969	477661	120.35
3970	477586	120.30
3971	471863	118.83
3972	474649	119.50
3973	484280	121.89
3974	476814	119.98
3975	477845	120.21
3976	477457	120.08
3977	478977	120.44
3978	481855	121.13
3979	480176	120.68
3980	473606	119.00
3981	471571	118.46
3982	475061	119.30
3983	476410	119.61
3984	478357	120.07
3985	475130	119.23
3986	478568	120.06
3987	476128	119.42
3988	477899	119.83
3989	480805	120.53
3990	480238	120.36
3991	477132	119.55
3992	479774	120.18
3993	484575	121.36
3994	482217	120.74
3995	478711	119.83
3996	471074	117.89
3997	483618	121.00
3998	479075	119.83
3999	479132	119.81
4000	477820	119.45
