N	Total Time	Average CPE
1	412	412.00
2	37	18.50
3	128	42.67
4	60	15.00
5	153	30.60
6	233	38.83
7	189	27.00
8	281	35.12
9	213	23.67
10	356	35.60
11	503	45.73
12	525	43.75
13	392	30.15
14	501	35.79
15	500	33.33
16	503	31.44
17	521	30.65
18	638	35.44
19	630	33.16
20	514	25.70
21	315	15.00
22	327	14.86
23	347	15.09
24	360	15.00
25	374	14.96
26	384	14.77
27	403	14.93
28	723	25.82
29	817	28.17
30	895	29.83
31	1375	44.35
32	1008	31.50
33	949	28.76
34	1047	30.79
35	610	17.43
36	526	14.61
37	538	14.54
38	552	14.53
39	571	14.64
40	583	14.57
41	588	14.34
42	609	14.50
43	622	14.47
44	635	14.43
45	657	14.60
46	668	14.52
47	681	14.49
48	699	14.56
49	713	14.55
50	719	14.38
51	739	14.49
52	751	14.44
53	771	14.55
54	775	14.35
55	789	14.35
56	808	14.43
57	821	14.40
58	833	14.36
59	852	14.44
60	856	14.27
61	870	14.26
62	880	14.19
63	904	14.35
64	919	14.36
65	935	14.38
66	947	14.35
67	957	14.28
68	972	14.29
69	996	14.43
70	1005	14.36
71	1018	14.34
72	1036	14.39
73	1044	14.30
74	1059	14.31
75	1074	14.32
76	1090	14.34
77	1305	16.95
78	1168	14.97
79	1135	14.37
80	1138	14.22
81	1151	14.21
82	1166	14.22
83	1259	15.17
84	1190	14.17
85	1215	14.29
86	1224	14.23
87	1245	14.31
88	1254	14.25
89	1273	14.30
90	1280	14.22
91	1295	14.23
92	1315	14.29
93	1324	14.24
94	1343	14.29
95	1351	14.22
96	1367	14.24
97	1382	14.25
98	1392	14.20
99	1406	14.20
100	1427	14.27
101	1813	17.95
102	1458	14.29
103	1467	14.24
104	1479	14.22
105	1494	14.23
106	1510	14.25
107	1520	14.21
108	1533	14.19
109	1544	14.17
110	1564	14.22
111	1580	14.23
112	1587	14.17
113	1605	14.20
114	1613	14.15
115	1634	14.21
116	1644	14.17
117	1663	14.21
118	1676	14.20
119	1679	14.11
120	1693	14.11
121	1870	15.45
122	3113	25.52
123	1802	14.65
124	1750	14.11
125	1767	14.14
126	1773	14.07
127	1802	14.19
128	1816	14.19
129	1831	14.19
130	2838	21.83
131	2542	19.40
132	1867	14.14
133	1905	14.32
134	1902	14.19
135	1912	14.16
136	1934	14.22
137	1941	14.17
138	1954	14.16
139	1973	14.19
140	1981	14.15
141	1986	14.09
142	2006	14.13
143	2048	14.32
144	2060	14.31
145	2053	14.16
146	2188	14.99
147	2196	14.94
148	2485	16.79
149	2167	14.54
150	2143	14.29
151	2219	14.70
152	2235	14.70
153	2172	14.20
154	2191	14.23
155	2211	14.26
156	2305	14.78
157	2233	14.22
158	2246	14.22
159	2291	14.41
160	3736	23.35
161	2422	15.04
162	2311	14.27
163	2310	14.17
164	2332	14.22
165	2350	14.24
166	2354	14.18
167	2372	14.20
168	2378	14.15
169	2399	14.20
170	2412	14.19
171	2429	14.20
172	2445	14.22
173	2450	14.16
174	2468	14.18
175	2548	14.56
176	2479	14.09
177	2506	14.16
178	2533	14.23
179	2542	14.20
180	2544	14.13
181	2555	14.12
182	2578	14.16
183	2601	14.21
184	2607	14.17
185	2624	14.18
186	2631	14.15
187	2654	14.19
188	2664	14.17
189	2680	14.18
190	2695	14.18
191	2705	14.16
192	2784	14.50
193	3081	15.96
194	2761	14.23
195	2788	14.30
196	3580	18.27
197	3056	15.51
198	3111	15.71
199	2819	14.17
200	3081	15.40
201	2848	14.17
202	2954	14.62
203	2886	14.22
204	4123	20.21
205	2902	14.16
206	2915	14.15
207	2929	14.15
208	2940	14.13
209	2960	14.16
210	2966	14.12
211	2980	14.12
212	3001	14.16
213	3007	14.12
214	3028	14.15
215	3046	14.17
216	3054	14.14
217	3064	14.12
218	3084	14.15
219	3095	14.13
220	3093	14.06
221	3116	14.10
222	3137	14.13
223	3153	14.14
224	3162	14.12
225	3156	14.03
226	3196	14.14
227	3217	14.17
228	3219	14.12
229	3237	14.14
230	3252	14.14
231	3264	14.13
232	3281	14.14
233	4199	18.02
234	3652	15.61
235	3390	14.43
236	3982	16.87
237	4958	20.92
238	4748	19.95
239	3990	16.69
240	3932	16.38
241	4453	18.48
242	4123	17.04
243	4555	18.74
244	16076	65.89
245	3929	16.04
246	4320	17.56
247	4827	19.54
248	4562	18.40
249	3529	14.17
250	3522	14.09
251	3557	14.17
252	3594	14.26
253	4234	16.74
254	3608	14.20
255	3849	15.09
256	4536	17.72
257	6057	23.57
258	4700	18.22
259	3732	14.41
260	3726	14.33
261	4023	15.41
262	3949	15.07
263	3855	14.66
264	3840	14.55
265	3855	14.55
266	3929	14.77
267	5342	20.01
268	5758	21.49
269	6073	22.58
270	10311	38.19
271	11602	42.81
272	12923	47.51
273	11058	40.51
274	9034	32.97
275	6138	22.32
276	6346	22.99
277	6708	24.22
278	6498	23.37
279	6555	23.49
280	5405	19.30
281	4009	14.27
282	5769	20.46
283	4289	15.16
284	23314	82.09
285	16655	58.44
286	10806	37.78
287	7093	24.71
288	6592	22.89
289	6527	22.58
290	5675	19.57
291	5509	18.93
292	5752	19.70
293	6659	22.73
294	6519	22.17
295	6723	22.79
296	8329	28.14
297	6144	20.69
298	5003	16.79
299	4417	14.77
300	5578	18.59
301	6315	20.98
302	4617	15.29
303	4321	14.26
304	4301	14.15
305	4645	15.23
306	4332	14.16
307	4350	14.17
308	4486	14.56
309	5332	17.26
310	7627	24.60
311	5022	16.15
312	5226	16.75
313	4735	15.13
314	4462	14.21
315	4450	14.13
316	4468	14.14
317	4475	14.12
318	4493	14.13
319	4517	14.16
320	4888	15.28
321	6228	19.40
322	4569	14.19
323	4557	14.11
324	5190	16.02
325	4595	14.14
326	4602	14.12
327	4616	14.12
328	4624	14.10
329	5475	16.64
330	4744	14.38
331	8540	25.80
332	6526	19.66
333	7548	22.67
334	7086	21.22
335	6822	20.36
336	6178	18.39
337	5164	15.32
338	5252	15.54
339	4912	14.49
340	5133	15.10
341	4929	14.45
342	5427	15.87
343	4899	14.28
344	4905	14.26
345	4887	14.17
346	6125	17.70
347	10085	29.06
348	5191	14.92
349	5727	16.41
350	5027	14.36
351	5040	14.36
352	6395	18.17
353	6438	18.24
354	7648	21.60
355	6917	19.48
356	8045	22.60
357	7075	19.82
358	6413	17.91
359	6374	17.75
360	6344	17.62
361	6517	18.05
362	6765	18.69
363	6529	17.99
364	7464	20.51
365	9409	25.78
366	7022	19.19
367	6820	18.58
368	8823	23.98
369	5486	14.87
370	6623	17.90
371	5638	15.20
372	6219	16.72
373	5267	14.12
374	5289	14.14
375	5273	14.06
376	5348	14.22
377	5480	14.54
378	5349	14.15
379	5749	15.17
380	5729	15.08
381	6608	17.34
382	9050	23.69
383	5503	14.37
384	5635	14.67
385	5667	14.72
386	5536	14.34
387	5660	14.63
388	6134	15.81
389	5639	14.50
390	9652	24.75
391	8958	22.91
392	6811	17.38
393	6357	16.18
394	5592	14.19
395	7238	18.32
396	5667	14.31
397	5667	14.27
398	9277	23.31
399	5701	14.29
400	8391	20.98
401	8896	22.18
402	10667	26.53
403	9146	22.69
404	9282	22.98
405	15633	38.60
406	14933	36.78
407	8894	21.85
408	5829	14.29
409	6144	15.02
410	9169	22.36
411	7533	18.33
412	7612	18.48
413	6148	14.89
414	8399	20.29
415	5956	14.35
416	6469	15.55
417	5880	14.10
418	6778	16.22
419	6163	14.71
420	7347	17.49
421	6731	15.99
422	5955	14.11
423	6289	14.87
424	6152	14.51
425	6064	14.27
426	6016	14.12
427	6160	14.43
428	6130	14.32
429	7713	17.98
430	6383	14.84
431	7254	16.83
432	6160	14.26
433	7013	16.20
434	6134	14.13
435	6198	14.25
436	6466	14.83
437	6173	14.13
438	6680	15.25
439	6193	14.11
440	6190	14.07
441	6674	15.13
442	6480	14.66
443	7232	16.33
444	6690	15.07
445	6404	14.39
446	14080	31.57
447	9915	22.18
448	7969	17.79
449	7370	16.41
450	7715	17.14
451	9878	21.90
452	6374	14.10
453	6401	14.13
454	6592	14.52
455	9356	20.56
456	7537	16.53
457	6967	15.25
458	6926	15.12
459	6572	14.32
460	6545	14.23
461	6661	14.45
462	6534	14.14
463	6541	14.13
464	6776	14.60
465	7626	16.40
466	10894	23.38
467	10861	23.26
468	10311	22.03
469	6702	14.29
470	6786	14.44
471	6703	14.23
472	6725	14.25
473	7077	14.96
474	6753	14.25
475	6762	14.24
476	6773	14.23
477	6795	14.25
478	6800	14.23
479	6822	14.24
480	6828	14.22
481	7452	15.49
482	6870	14.25
483	6876	14.24
484	6884	14.22
485	6907	14.24
486	6914	14.23
487	6937	14.24
488	6950	14.24
489	10059	20.57
490	11608	23.69
491	12536	25.53
492	12338	25.08
493	12240	24.83
494	14513	29.38
495	11973	24.19
496	12784	25.77
497	12539	25.23
498	15160	30.44
499	10798	21.64
500	12453	24.91
501	13280	26.51
502	12825	25.55
503	13475	26.79
504	12602	25.00
505	12551	24.85
506	10813	21.37
507	9018	17.79
508	10271	20.22
509	7931	15.58
510	8097	15.88
511	8085	15.82
512	8120	15.86
513	8345	16.27
514	7262	14.13
515	9878	19.18
516	8304	16.09
517	8195	15.85
518	8281	15.99
519	7573	14.59
520	9793	18.83
521	10656	20.45
522	10997	21.07
523	9774	18.69
524	10290	19.64
525	9621	18.33
526	8984	17.08
527	8818	16.73
528	9931	18.81
529	10126	19.14
530	11226	21.18
531	11166	21.03
532	9370	17.61
533	13243	24.85
534	11533	21.60
535	13200	24.67
536	13076	24.40
537	12222	22.76
538	13653	25.38
539	10848	20.13
540	16581	30.71
541	8989	16.62
542	12925	23.85
543	11004	20.27
544	13423	24.67
545	14627	26.84
546	12621	23.12
547	12402	22.67
548	10149	18.52
549	8769	15.97
550	10254	18.64
551	13921	25.26
552	10970	19.87
553	18963	34.29
554	11313	20.42
555	9938	17.91
556	12153	21.86
557	17916	32.17
558	12911	23.14
559	10463	18.72
560	12584	22.47
561	15007	26.75
562	20640	36.73
563	9007	16.00
564	9872	17.50
565	10126	17.92
566	9663	17.07
567	13167	23.22
568	13936	24.54
569	11679	20.53
570	13707	24.05
571	11254	19.71
572	11380	19.90
573	12423	21.68
574	18536	32.29
575	10788	18.76
576	13468	23.38
577	13445	23.30
578	11532	19.95
579	13488	23.30
580	13313	22.95
581	13411	23.08
582	13364	22.96
583	13604	23.33
584	13894	23.79
585	13643	23.32
586	12711	21.69
587	13858	23.61
588	15691	26.69
589	13965	23.71
590	13943	23.63
591	13291	22.49
592	12491	21.10
593	16626	28.04
594	15085	25.40
595	13959	23.46
596	13621	22.85
597	26402	44.22
598	14784	24.72
599	16871	28.17
600	16248	27.08
601	27327	45.47
602	11832	19.65
603	14000	23.22
604	14397	23.84
605	16020	26.48
606	13769	22.72
607	16720	27.55
608	15364	25.27
609	10155	16.67
610	11388	18.67
611	9382	15.36
612	10386	16.97
613	12773	20.84
614	13975	22.76
615	13930	22.65
616	14202	23.06
617	12609	20.44
618	8963	14.50
619	10273	16.60
620	9617	15.51
621	9975	16.06
622	9612	15.45
623	9014	14.47
624	9850	15.79
625	9154	14.65
626	9867	15.76
627	10165	16.21
628	10097	16.08
629	13760	21.88
630	14108	22.39
631	10679	16.92
632	10651	16.85
633	11271	17.81
634	9276	14.63
635	11573	18.23
636	10062	15.82
637	11442	17.96
638	10490	16.44
639	11379	17.81
640	10511	16.42
641	11179	17.44
642	13047	20.32
643	12292	19.12
644	13585	21.09
645	12695	19.68
646	19202	29.72
647	13945	21.55
648	13376	20.64
649	13713	21.13
650	14060	21.63
651	12502	19.20
652	14893	22.84
653	15676	24.01
654	15597	23.85
655	25475	38.89
656	17557	26.76
657	14953	22.76
658	16160	24.56
659	16350	24.81
660	16711	25.32
661	15561	23.54
662	15593	23.55
663	16222	24.47
664	15782	23.77
665	15758	23.70
666	14842	22.29
667	14708	22.05
668	14451	21.63
669	14532	21.72
670	28213	42.11
671	15904	23.70
672	14741	21.94
673	16310	24.23
674	15041	22.32
675	18479	27.38
676	16483	24.38
677	20050	29.62
678	17412	25.68
679	16616	24.47
680	13368	19.66
681	11425	16.78
682	16738	24.54
683	16537	24.21
684	14342	20.97
685	14522	21.20
686	15786	23.01
687	15065	21.93
688	17125	24.89
689	16843	24.45
690	16334	23.67
691	16218	23.47
692	54628	78.94
693	29025	41.88
694	21526	31.02
695	30351	43.67
696	22424	32.22
697	16726	24.00
698	16935	24.26
699	17545	25.10
700	16398	23.43
701	20641	29.45
702	19334	27.54
703	18913	26.90
704	18682	26.54
705	16184	22.96
706	21355	30.25
707	17561	24.84
708	18774	26.52
709	20982	29.59
710	18129	25.53
711	18248	25.67
712	16907	23.75
713	16482	23.12
714	17534	24.56
715	17756	24.83
716	17025	23.78
717	18066	25.20
718	18768	26.14
719	17217	23.95
720	18105	25.15
721	17298	23.99
722	18145	25.13
723	18271	25.27
724	21250	29.35
725	70746	97.58
726	17672	24.34
727	17964	24.71
728	17897	24.58
729	16811	23.06
730	29396	40.27
731	22100	30.23
732	17413	23.79
733	18017	24.58
734	19150	26.09
735	18675	25.41
736	18123	24.62
737	17126	23.24
738	19894	26.96
739	17381	23.52
740	33163	44.81
741	16859	22.75
742	29692	40.02
743	17131	23.06
744	18691	25.12
745	17142	23.01
746	17146	22.98
747	16914	22.64
748	17463	23.35
749	25916	34.60
750	18381	24.51
751	18232	24.28
752	18405	24.47
753	18679	24.81
754	18978	25.17
755	19710	26.11
756	83809	110.86
757	19666	25.98
758	20968	27.66
759	19843	26.14
760	42789	56.30
761	20371	26.77
762	19626	25.76
763	27560	36.12
764	18878	24.71
765	18922	24.73
766	18003	23.50
767	18202	23.73
768	18421	23.99
769	17819	23.17
770	28632	37.18
771	19918	25.83
772	27477	35.59
773	18807	24.33
774	19212	24.82
775	18834	24.30
776	17654	22.75
777	27154	34.95
778	18966	24.38
779	51921	66.65
780	72342	92.75
781	19414	24.86
782	20220	25.86
783	20391	26.04
784	20133	25.68
785	19380	24.69
786	18287	23.27
787	92777	117.89
788	18167	23.05
789	17043	21.60
790	18193	23.03
791	20122	25.44
792	20227	25.54
793	20018	25.24
794	24605	30.99
795	97045	122.07
796	63274	79.49
797	19115	23.98
798	19056	23.88
799	19517	24.43
800	18380	22.98
801	18321	22.87
802	21100	26.31
803	18335	22.83
804	107026	133.12
805	18654	23.17
806	18780	23.30
807	19930	24.70
808	20770	25.71
809	132963	164.35
810	19554	24.14
811	22363	27.57
812	18637	22.95
813	18407	22.64
814	19088	23.45
815	20083	24.64
816	19234	23.57
817	20586	25.20
818	18917	23.13
819	18287	22.33
820	22165	27.03
821	29782	36.28
822	19375	23.57
823	19313	23.47
824	38043	46.17
825	17950	21.76
826	15864	19.21
827	16392	19.82
828	18628	22.50
829	21963	26.49
830	25972	31.29
831	21888	26.34
832	21943	26.37
833	19890	23.88
834	28080	33.67
835	20340	24.36
836	22160	26.51
837	25684	30.69
838	21877	26.11
839	21641	25.79
840	21841	26.00
841	20701	24.61
842	19483	23.14
843	20243	24.01
844	20130	23.85
845	94139	111.41
846	19337	22.86
847	14737	17.40
848	41415	48.84
849	19316	22.75
850	32754	38.53
851	25995	30.55
852	28656	33.63
853	24189	28.36
854	19682	23.05
855	45666	53.41
856	19982	23.34
857	19806	23.11
858	25876	30.16
859	19299	22.47
860	18902	21.98
861	19726	22.91
862	20974	24.33
863	19911	23.07
864	23912	27.68
865	22185	25.65
866	25072	28.95
867	24971	28.80
868	20142	23.21
869	25821	29.71
870	22537	25.90
871	20335	23.35
872	32286	37.03
873	20970	24.02
874	24011	27.47
875	25632	29.29
876	19512	22.27
877	23565	26.87
878	24385	27.77
879	12389	14.09
880	12413	14.11
881	12447	14.13
882	23119	26.21
883	29570	33.49
884	27988	31.66
885	22937	25.92
886	22834	25.77
887	22399	25.25
888	14368	16.18
889	12669	14.25
890	12676	14.24
891	12674	14.22
892	15663	17.56
893	14308	16.02
894	14839	16.60
895	16970	18.96
896	24022	26.81
897	21717	24.21
898	21372	23.80
899	25734	28.63
900	28296	31.44
901	24999	27.75
902	20683	22.93
903	25188	27.89
904	24109	26.67
905	23843	26.35
906	21248	23.45
907	23513	25.92
908	21825	24.04
909	21019	23.12
910	21536	23.67
911	21568	23.68
912	23065	25.29
913	21276	23.30
914	21003	22.98
915	24886	27.20
916	22233	24.27
917	23348	25.46
918	22616	24.64
919	30727	33.44
920	20097	21.84
921	23076	25.06
922	23260	25.23
923	33784	36.60
924	23665	25.61
925	22500	24.32
926	26622	28.75
927	17749	19.15
928	14274	15.38
929	14853	15.99
930	124490	133.86
931	13760	14.78
932	13223	14.19
933	13199	14.15
934	13255	14.19
935	13211	14.13
936	13272	14.18
937	13242	14.13
938	13250	14.13
939	13289	14.15
940	13418	14.27
941	13301	14.13
942	13358	14.18
943	13335	14.14
944	24118	25.55
945	21909	23.18
946	21869	23.12
947	21690	22.90
948	22217	23.44
949	21963	23.14
950	22046	23.21
951	19203	20.19
952	13452	14.13
953	13465	14.13
954	13708	14.37
955	13464	14.10
956	13493	14.11
957	13535	14.14
958	13516	14.11
959	13545	14.12
960	13555	14.12
961	14534	15.12
962	13560	14.10
963	13581	14.10
964	13611	14.12
965	13609	14.10
966	13657	14.14
967	13674	14.14
968	15194	15.70
969	13704	14.14
970	13713	14.14
971	13726	14.14
972	14466	14.88
973	21102	21.69
974	22199	22.79
975	14027	14.39
976	13780	14.12
977	13821	14.15
978	13843	14.15
979	13819	14.12
980	13824	14.11
981	13874	14.14
982	18426	18.76
983	15653	15.92
984	14097	14.33
985	14040	14.25
986	13962	14.16
987	13925	14.11
988	13942	14.11
989	18931	19.14
990	37809	38.19
991	25358	25.59
992	15784	15.91
993	14008	14.11
994	14010	14.09
995	14055	14.13
996	14125	14.18
997	14116	14.16
998	14104	14.13
999	14096	14.11
1000	24704	24.70
1001	14373	14.36
1002	14838	14.81
1003	24181	24.11
1004	18296	18.22
1005	18601	18.51
1006	14189	14.10
1007	14276	14.18
1008	15127	15.01
1009	14228	14.10
1010	14317	14.18
1011	14482	14.32
1012	14293	14.12
1013	14298	14.11
1014	14311	14.11
1015	19547	19.26
1016	14493	14.26
1017	14488	14.25
1018	14688	14.43
1019	14633	14.36
1020	14364	14.08
1021	14423	14.13
1022	18531	18.13
1023	19382	18.95
1024	14472	14.13
1025	14441	14.09
1026	14567	14.20
1027	16348	15.92
1028	14499	14.10
1029	14554	14.14
1030	14511	14.09
1031	14514	14.08
1032	17469	16.93
1033	14572	14.11
1034	14586	14.11
1035	14612	14.12
1036	16597	16.02
1037	17486	16.86
1038	14645	14.11
1039	14683	14.13
1040	16398	15.77
1041	25909	24.89
1042	15469	14.85
1043	14732	14.12
1044	14740	14.12
1045	17697	16.93
1046	14929	14.27
1047	14835	14.17
1048	14823	14.14
1049	14799	14.11
1050	14867	14.16
1051	15592	14.84
1052	23028	21.89
1053	14896	14.15
1054	14902	14.14
1055	14902	14.13
1056	14924	14.13
1057	16283	15.40
1058	14942	14.12
1059	14959	14.13
1060	17905	16.89
1061	22587	21.29
1062	20791	19.58
1063	15189	14.29
1064	15151	14.24
1065	16436	15.43
1066	15050	14.12
1067	15505	14.53
1068	15112	14.15
1069	15112	14.14
1070	15230	14.23
1071	15162	14.16
1072	15251	14.23
1073	15193	14.16
1074	15204	14.16
1075	15282	14.22
1076	15209	14.13
1077	15458	14.35
1078	15237	14.13
1079	15243	14.13
1080	15277	14.15
1081	15288	14.14
1082	15303	14.14
1083	15261	14.09
1084	15276	14.09
1085	17375	16.01
1086	15495	14.27
1087	15341	14.11
1088	15349	14.11
1089	15335	14.08
1090	15356	14.09
1091	15433	14.15
1092	16714	15.31
1093	15392	14.08
1094	15674	14.33
1095	17486	15.97
1096	15919	14.52
1097	15476	14.11
1098	15488	14.11
1099	15527	14.13
1100	17910	16.28
1101	15530	14.11
1102	15560	14.12
1103	15655	14.19
1104	15571	14.10
1105	15578	14.10
1106	15617	14.12
1107	15651	14.14
1108	15891	14.34
1109	15806	14.25
1110	15714	14.16
1111	15688	14.12
1112	15756	14.17
1113	15907	14.29
1114	15807	14.19
1115	15735	14.11
1116	15745	14.11
1117	15837	14.18
1118	15825	14.15
1119	15793	14.11
1120	21892	19.55
1121	16560	14.77
1122	15871	14.15
1123	15862	14.12
1124	15875	14.12
1125	16785	14.92
1126	15968	14.18
1127	15963	14.16
1128	16006	14.19
1129	16605	14.71
1130	15929	14.10
1131	15973	14.12
1132	15981	14.12
1133	15969	14.09
1134	17540	15.47
1135	16014	14.11
1136	16029	14.11
1137	17667	15.54
1138	57401	50.44
1139	23293	20.45
1140	21257	18.65
1141	19491	17.08
1142	19929	17.45
1143	19740	17.27
1144	23193	20.27
1145	23179	20.24
1146	22907	19.99
1147	27184	23.70
1148	27074	23.58
1149	38877	33.84
1150	26580	23.11
1151	28065	24.38
1152	24702	21.44
1153	22720	19.71
1154	19255	16.69
1155	19841	17.18
1156	20355	17.61
1157	19500	16.85
1158	19059	16.46
1159	19522	16.84
1160	19360	16.69
1161	19811	17.06
1162	16417	14.13
1163	16415	14.11
1164	16453	14.13
1165	17215	14.78
1166	17399	14.92
1167	20793	17.82
1168	17655	15.12
1169	18929	16.19
1170	16561	14.15
1171	16514	14.10
1172	16532	14.11
1173	16540	14.10
1174	16586	14.13
1175	17448	14.85
1176	16568	14.09
1177	16868	14.33
1178	16600	14.09
1179	16703	14.17
1180	16618	14.08
1181	16908	14.32
1182	16650	14.09
1183	16667	14.09
1184	16745	14.14
1185	16699	14.09
1186	16785	14.15
1187	16773	14.13
1188	20535	17.29
1189	16797	14.13
1190	17206	14.46
1191	16813	14.12
1192	16827	14.12
1193	18262	15.31
1194	17284	14.48
1195	16855	14.10
1196	17009	14.22
1197	17791	14.86
1198	17020	14.21
1199	19602	16.35
1200	18529	15.44
1201	18083	15.06
1202	16976	14.12
1203	24326	20.22
1204	30559	25.38
1205	17875	14.83
1206	17026	14.12
1207	17052	14.13
1208	17052	14.12
1209	18421	15.24
1210	17044	14.09
1211	17102	14.12
1212	20510	16.92
1213	19708	16.25
1214	17153	14.13
1215	17229	14.18
1216	18029	14.83
1217	17171	14.11
1218	17194	14.12
1219	19024	15.61
1220	23574	19.32
1221	27681	22.67
1222	17963	14.70
1223	17273	14.12
1224	18230	14.89
1225	17358	14.17
1226	18031	14.71
1227	17332	14.13
1228	17330	14.11
1229	17449	14.20
1230	17673	14.37
1231	17338	14.08
1232	17380	14.11
1233	17377	14.09
1234	17445	14.14
1235	26907	21.79
1236	25983	21.02
1237	17469	14.12
1238	18378	14.84
1239	17482	14.11
1240	20329	16.39
1241	20013	16.13
1242	19431	15.64
1243	17513	14.09
1244	17545	14.10
1245	17820	14.31
1246	17548	14.08
1247	17614	14.13
1248	17596	14.10
1249	17624	14.11
1250	17427	13.94
1251	18680	14.93
1252	17606	14.06
1253	19528	15.58
1254	29805	23.77
1255	39056	31.12
1256	24411	19.44
1257	25176	20.03
1258	22131	17.59
1259	19972	15.86
1260	17855	14.17
1261	17765	14.09
1262	17843	14.14
1263	17892	14.17
1264	19724	15.60
1265	17892	14.14
1266	17955	14.18
1267	17968	14.18
1268	17980	14.18
1269	26597	20.96
1270	21808	17.17
1271	18001	14.16
1272	17992	14.14
1273	17979	14.12
1274	18298	14.36
1275	17975	14.10
1276	18024	14.13
1277	19009	14.89
1278	18010	14.09
1279	18091	14.14
1280	18014	14.07
1281	18145	14.16
1282	18173	14.18
1283	18140	14.14
1284	20203	15.73
1285	24789	19.29
1286	19525	15.18
1287	18464	14.35
1288	18216	14.14
1289	18294	14.19
1290	18267	14.16
1291	18288	14.17
1292	18306	14.17
1293	18297	14.15
1294	18292	14.14
1295	18361	14.18
1296	19116	14.75
1297	18309	14.12
1298	18365	14.15
1299	18658	14.36
1300	23328	17.94
1301	18530	14.24
1302	18394	14.13
1303	18369	14.10
1304	18492	14.18
1305	18494	14.17
1306	18572	14.22
1307	19932	15.25
1308	18459	14.11
1309	18558	14.18
1310	18556	14.16
1311	18601	14.19
1312	18941	14.44
1313	18553	14.13
1314	18585	14.14
1315	18553	14.11
1316	20411	15.51
1317	18598	14.12
1318	18738	14.22
1319	18593	14.10
1320	19691	14.92
1321	18688	14.15
1322	18675	14.13
1323	18765	14.18
1324	18664	14.10
1325	18663	14.09
1326	18700	14.10
1327	18714	14.10
1328	24301	18.30
1329	19206	14.45
1330	18755	14.10
1331	18833	14.15
1332	18840	14.14
1333	25267	18.95
1334	40547	30.40
1335	18846	14.12
1336	18836	14.10
1337	19015	14.22
1338	18904	14.13
1339	18909	14.12
1340	18881	14.09
1341	18930	14.12
1342	20390	15.19
1343	18928	14.09
1344	18959	14.11
1345	21797	16.21
1346	19055	14.16
1347	19041	14.14
1348	20014	14.85
1349	25833	19.15
1350	19872	14.72
1351	21139	15.65
1352	19198	14.20
1353	19085	14.11
1354	19100	14.11
1355	19148	14.13
1356	19098	14.08
1357	24779	18.26
1358	20294	14.94
1359	19222	14.14
1360	19201	14.12
1361	25798	18.96
1362	20098	14.76
1363	19264	14.13
1364	24795	18.18
1365	21544	15.78
1366	21417	15.68
1367	19336	14.14
1368	24156	17.66
1369	20150	14.72
1370	20144	14.70
1371	19329	14.10
1372	19532	14.24
1373	28934	21.07
1374	19410	14.13
1375	19395	14.11
1376	20627	14.99
1377	19594	14.23
1378	21299	15.46
1379	19474	14.12
1380	19441	14.09
1381	19471	14.10
1382	21627	15.65
1383	19535	14.13
1384	19638	14.19
1385	19584	14.14
1386	19648	14.18
1387	21152	15.25
1388	19605	14.12
1389	19601	14.11
1390	19585	14.09
1391	19624	14.11
1392	19661	14.12
1393	19662	14.11
1394	20055	14.39
1395	19672	14.10
1396	21820	15.63
1397	19697	14.10
1398	19694	14.09
1399	19744	14.11
1400	21506	15.36
1401	19734	14.09
1402	19923	14.21
1403	19880	14.17
1404	19907	14.18
1405	19894	14.16
1406	19867	14.13
1407	19950	14.18
1408	19890	14.13
1409	20036	14.22
1410	20047	14.22
1411	19955	14.14
1412	32454	22.98
1413	19991	14.15
1414	19966	14.12
1415	20985	14.83
1416	20010	14.13
1417	20013	14.12
1418	20010	14.11
1419	20386	14.37
1420	20008	14.09
1421	20365	14.33
1422	20033	14.09
1423	20161	14.17
1424	20092	14.11
1425	21276	14.93
1426	27004	18.94
1427	22576	15.82
1428	22746	15.93
1429	23785	16.64
1430	31395	21.95
1431	21884	15.29
1432	27731	19.37
1433	25794	18.00
1434	22732	15.85
1435	24585	17.13
1436	23788	16.57
1437	30585	21.28
1438	22539	15.67
1439	26061	18.11
1440	21033	14.61
1441	20431	14.18
1442	20341	14.11
1443	20522	14.22
1444	20553	14.23
1445	20366	14.09
1446	20473	14.16
1447	20460	14.14
1448	20457	14.13
1449	20812	14.36
1450	20529	14.16
1451	20564	14.17
1452	21683	14.93
1453	20500	14.11
1454	29701	20.43
1455	32995	22.68
1456	23095	15.86
1457	24841	17.05
1458	22737	15.59
1459	24589	16.85
1460	29245	20.03
1461	26187	17.92
1462	22589	15.45
1463	24232	16.56
1464	31020	21.19
1465	38355	26.18
1466	23800	16.23
1467	24355	16.60
1468	23630	16.10
1469	23430	15.95
1470	23370	15.90
1471	20709	14.08
1472	20734	14.09
1473	25966	17.63
1474	20711	14.05
1475	20749	14.07
1476	20756	14.06
1477	20759	14.05
1478	20781	14.06
1479	22649	15.31
1480	20785	14.04
1481	21635	14.61
1482	20846	14.07
1483	22081	14.89
1484	21094	14.21
1485	21085	14.20
1486	21109	14.21
1487	21169	14.24
1488	21129	14.20
1489	21140	14.20
1490	21456	14.40
1491	21602	14.49
1492	31827	21.33
1493	21925	14.69
1494	21214	14.20
1495	35945	24.04
1496	23482	15.70
1497	21276	14.21
1498	21250	14.19
1499	21065	14.05
1500	22882	15.25
1501	21091	14.05
1502	21097	14.05
1503	21130	14.06
1504	21158	14.07
1505	21159	14.06
1506	22540	14.97
1507	21359	14.17
1508	25929	17.19
1509	22896	15.17
1510	21450	14.21
1511	21456	14.20
1512	21480	14.21
1513	21476	14.19
1514	21508	14.21
1515	21839	14.42
1516	21319	14.06
1517	21323	14.06
1518	21330	14.05
1519	21517	14.17
1520	26496	17.43
1521	22504	14.80
1522	21603	14.19
1523	21590	14.18
1524	21969	14.42
1525	21409	14.04
1526	21428	14.04
1527	21436	14.04
1528	21443	14.03
1529	21783	14.25
1530	21882	14.30
1531	27759	18.13
1532	22071	14.41
1533	48738	31.79
1534	23404	15.26
1535	23019	15.00
1536	21645	14.09
1537	21572	14.04
1538	21607	14.05
1539	21624	14.05
1540	21611	14.03
1541	22283	14.46
1542	21658	14.05
1543	21665	14.04
1544	21715	14.06
1545	21712	14.05
1546	23314	15.08
1547	24164	15.62
1548	21975	14.20
1549	24726	15.96
1550	21784	14.05
1551	21783	14.04
1552	21810	14.05
1553	21827	14.05
1554	21826	14.05
1555	23404	15.05
1556	21864	14.05
1557	22267	14.30
1558	23338	14.98
1559	21902	14.05
1560	21858	14.01
1561	21935	14.05
1562	21933	14.04
1563	21949	14.04
1564	22727	14.53
1565	21970	14.04
1566	22621	14.45
1567	22233	14.19
1568	22251	14.19
1569	22254	14.18
1570	22288	14.20
1571	22305	14.20
1572	22291	14.18
1573	22457	14.28
1574	22690	14.42
1575	22135	14.05
1576	22145	14.05
1577	22134	14.04
1578	22168	14.05
1579	23575	14.93
1580	22377	14.16
1581	22434	14.19
1582	22431	14.18
1583	24078	15.21
1584	22263	14.05
1585	22242	14.03
1586	22267	14.04
1587	22276	14.04
1588	22752	14.33
1589	22565	14.20
1590	22329	14.04
1591	23940	15.05
1592	22597	14.19
1593	22602	14.19
1594	22605	14.18
1595	22616	14.18
1596	22644	14.19
1597	22659	14.19
1598	22671	14.19
1599	22960	14.36
1600	22729	14.21
1601	22700	14.18
1602	22726	14.19
1603	22745	14.19
1604	22769	14.20
1605	22782	14.19
1606	23986	14.94
1607	24226	15.08
1608	25450	15.83
1609	22596	14.04
1610	22614	14.05
1611	22616	14.04
1612	22634	14.04
1613	22921	14.21
1614	22898	14.19
1615	24460	15.15
1616	23742	14.69
1617	22958	14.20
1618	22981	14.20
1619	23770	14.68
1620	22728	14.03
1621	22768	14.05
1622	22770	14.04
1623	22906	14.11
1624	22794	14.04
1625	22802	14.03
1626	22836	14.04
1627	22849	14.04
1628	24131	14.82
1629	29793	18.29
1630	22901	14.05
1631	24794	15.20
1632	22924	14.05
1633	22943	14.05
1634	22958	14.05
1635	22960	14.04
1636	24475	14.96
1637	23235	14.19
1638	23241	14.19
1639	23453	14.31
1640	24518	14.95
1641	23706	14.45
1642	32170	19.59
1643	25703	15.64
1644	23092	14.05
1645	26722	16.24
1646	23174	14.08
1647	25739	15.63
1648	23150	14.05
1649	23180	14.06
1650	23168	14.04
1651	24778	15.01
1652	23306	14.11
1653	23218	14.05
1654	23319	14.10
1655	23243	14.04
1656	26029	15.72
1657	23292	14.06
1658	23277	14.04
1659	23275	14.03
1660	23338	14.06
1661	23336	14.05
1662	23694	14.26
1663	23354	14.04
1664	24652	14.81
1665	23632	14.19
1666	23641	14.19
1667	23861	14.31
1668	23661	14.19
1669	23688	14.19
1670	25340	15.17
1671	23470	14.05
1672	23785	14.23
1673	23969	14.33
1674	23742	14.18
1675	23975	14.31
1676	23794	14.20
1677	23824	14.21
1678	27282	16.26
1679	23849	14.20
1680	26693	15.89
1681	23856	14.19
1682	23892	14.20
1683	23885	14.19
1684	24869	14.77
1685	23897	14.18
1686	24076	14.28
1687	23713	14.06
1688	25138	14.89
1689	23738	14.05
1690	23736	14.04
1691	23748	14.04
1692	26864	15.88
1693	25672	15.16
1694	23801	14.05
1695	31873	18.80
1696	23958	14.13
1697	23833	14.04
1698	23859	14.05
1699	23882	14.06
1700	24300	14.29
1701	26522	15.59
1702	27615	16.23
1703	23919	14.05
1704	24438	14.34
1705	25499	14.96
1706	24413	14.31
1707	24203	14.18
1708	24401	14.29
1709	24027	14.06
1710	24621	14.40
1711	24289	14.20
1712	24298	14.19
1713	25771	15.04
1714	24325	14.19
1715	24220	14.12
1716	24118	14.05
1717	24148	14.06
1718	24402	14.20
1719	24132	14.04
1720	24166	14.05
1721	24175	14.05
1722	24310	14.12
1723	25811	14.98
1724	24976	14.49
1725	28312	16.41
1726	28824	16.70
1727	24267	14.05
1728	24290	14.06
1729	24456	14.14
1730	25729	14.87
1731	32882	19.00
1732	25327	14.62
1733	24341	14.05
1734	26507	15.29
1735	24361	14.04
1736	24387	14.05
1737	24837	14.30
1738	24539	14.12
1739	24456	14.06
1740	24412	14.03
1741	24564	14.11
1742	24466	14.04
1743	24625	14.13
1744	24504	14.05
1745	24507	14.04
1746	37808	21.65
1747	25281	14.47
1748	24565	14.05
1749	24581	14.05
1750	24558	14.03
1751	24603	14.05
1752	25302	14.44
1753	24875	14.19
1754	27054	15.42
1755	25535	14.55
1756	24650	14.04
1757	24671	14.04
1758	24673	14.03
1759	25667	14.59
1760	24934	14.17
1761	24721	14.04
1762	24716	14.03
1763	25104	14.24
1764	24765	14.04
1765	24781	14.04
1766	24790	14.04
1767	28509	16.13
1768	24813	14.03
1769	24851	14.05
1770	24853	14.04
1771	24869	14.04
1772	24894	14.05
1773	27420	15.47
1774	25041	14.12
1775	26384	14.86
1776	24925	14.03
1777	25052	14.10
1778	26068	14.66
1779	28090	15.79
1780	25226	14.17
1781	25267	14.19
1782	25730	14.44
1783	25697	14.41
1784	25364	14.22
1785	25060	14.04
1786	25082	14.04
1787	26064	14.59
1788	25103	14.04
1789	25113	14.04
1790	26691	14.91
1791	25821	14.42
1792	25578	14.27
1793	25853	14.42
1794	29574	16.48
1795	25204	14.04
1796	25498	14.20
1797	25239	14.05
1798	25266	14.05
1799	25266	14.04
1800	25627	14.24
1801	29298	16.27
1802	26838	14.89
1803	25907	14.37
1804	29548	16.38
1805	25620	14.19
1806	25643	14.20
1807	25764	14.26
1808	25503	14.11
1809	25410	14.05
1810	27165	15.01
1811	26877	14.84
1812	25457	14.05
1813	25461	14.04
1814	25792	14.22
1815	25749	14.19
1816	25758	14.18
1817	25857	14.23
1818	25811	14.20
1819	26123	14.36
1820	27383	15.05
1821	25561	14.04
1822	25579	14.04
1823	25627	14.06
1824	35241	19.32
1825	28142	15.42
1826	32353	17.72
1827	31811	17.41
1828	25951	14.20
1829	25963	14.20
1830	25971	14.19
1831	26032	14.22
1832	27094	14.79
1833	26694	14.56
1834	25771	14.05
1835	25768	14.04
1836	25780	14.04
1837	26211	14.27
1838	28018	15.24
1839	25821	14.04
1840	26453	14.38
1841	26625	14.46
1842	26029	14.13
1843	25885	14.05
1844	25904	14.05
1845	27372	14.84
1846	25947	14.06
1847	26746	14.48
1848	25968	14.05
1849	25960	14.04
1850	25995	14.05
1851	26008	14.05
1852	27475	14.84
1853	27961	15.09
1854	26058	14.06
1855	26052	14.04
1856	26075	14.05
1857	26262	14.14
1858	26119	14.06
1859	26141	14.06
1860	26114	14.04
1861	26177	14.07
1862	28971	15.56
1863	26441	14.19
1864	26474	14.20
1865	26819	14.38
1866	26742	14.33
1867	26229	14.05
1868	26239	14.05
1869	26366	14.11
1870	26266	14.05
1871	26286	14.05
1872	26300	14.05
1873	26295	14.04
1874	29565	15.78
1875	26209	13.98
1876	26330	14.04
1877	42840	22.82
1878	26678	14.21
1879	26901	14.32
1880	27140	14.44
1881	26443	14.06
1882	26417	14.04
1883	26440	14.04
1884	29811	15.82
1885	26543	14.08
1886	26511	14.06
1887	26636	14.12
1888	28018	14.84
1889	26762	14.17
1890	26539	14.04
1891	26565	14.05
1892	27666	14.62
1893	26861	14.19
1894	28510	15.05
1895	26921	14.21
1896	26636	14.05
1897	26913	14.19
1898	26927	14.19
1899	26943	14.19
1900	27566	14.51
1901	26752	14.07
1902	26932	14.16
1903	26773	14.07
1904	26796	14.07
1905	26823	14.08
1906	27265	14.30
1907	26793	14.05
1908	26801	14.05
1909	28499	14.93
1910	26844	14.05
1911	26842	14.05
1912	26885	14.06
1913	26876	14.05
1914	29170	15.24
1915	27731	14.48
1916	26909	14.04
1917	27776	14.49
1918	28387	14.80
1919	27236	14.19
1920	27609	14.38
1921	26983	14.05
1922	28310	14.73
1923	27283	14.19
1924	30126	15.66
1925	27022	14.04
1926	27038	14.04
1927	27073	14.05
1928	27053	14.03
1929	32973	17.09
1930	31376	16.26
1931	27398	14.19
1932	27414	14.19
1933	29900	15.47
1934	29310	15.16
1935	28459	14.71
1936	27200	14.05
1937	27203	14.04
1938	27343	14.11
1939	27272	14.06
1940	30346	15.64
1941	27582	14.21
1942	27845	14.34
1943	27381	14.09
1944	27575	14.18
1945	27962	14.38
1946	27344	14.05
1947	29308	15.05
1948	27473	14.10
1949	27404	14.06
1950	28018	14.37
1951	27671	14.18
1952	27701	14.19
1953	27705	14.19
1954	27926	14.29
1955	27863	14.25
1956	27765	14.19
1957	28094	14.36
1958	27502	14.05
1959	27512	14.04
1960	27840	14.20
1961	27560	14.05
1962	27563	14.05
1963	27589	14.05
1964	28183	14.35
1965	27593	14.04
1966	27606	14.04
1967	27644	14.05
1968	27921	14.19
1969	27666	14.05
1970	27764	14.09
1971	27694	14.05
1972	27814	14.10
1973	27739	14.06
1974	28047	14.21
1975	45447	23.01
1976	47041	23.81
1977	40277	20.37
1978	32311	16.34
1979	27806	14.05
1980	27813	14.05
1981	28782	14.53
1982	34218	17.26
1983	49009	24.71
1984	30050	15.15
1985	29858	15.04
1986	29641	14.92
1987	29454	14.82
1988	29484	14.83
1989	31106	15.64
1990	28207	14.17
1991	28276	14.20
1992	31978	16.05
1993	28634	14.37
1994	28547	14.32
1995	27999	14.03
1996	28005	14.03
1997	28188	14.12
1998	28019	14.02
1999	28009	14.01
2000	28745	14.37
2001	28044	14.01
2002	28063	14.02
2003	28128	14.04
2004	32716	16.33
2005	29295	14.61
2006	28442	14.18
2007	28471	14.19
2008	28529	14.21
2009	28279	14.08
2010	29004	14.43
2011	29713	14.78
2012	28297	14.06
2013	28547	14.18
2014	28699	14.25
2015	28953	14.37
2016	30299	15.03
2017	28358	14.06
2018	28342	14.04
2019	28375	14.05
2020	28342	14.03
2021	31787	15.73
2022	34522	17.07
2023	29741	14.70
2024	28409	14.04
2025	38990	19.25
2026	33083	16.33
2027	28633	14.13
2028	28547	14.08
2029	28623	14.11
2030	30407	14.98
2031	29418	14.48
2032	30022	14.77
2033	28553	14.04
2034	28546	14.03
2035	29006	14.25
2036	28586	14.04
2037	32568	15.99
2038	28683	14.07
2039	28650	14.05
2040	29357	14.39
2041	28645	14.03
2042	28670	14.04
2043	28804	14.10
2044	28685	14.03
2045	29789	14.57
2046	33358	16.30
2047	28741	14.04
2048	33142	16.18
2049	28794	14.05
2050	28820	14.06
2051	28808	14.05
2052	28835	14.05
2053	28853	14.05
2054	28860	14.05
2055	32136	15.64
2056	37233	18.11
2057	29535	14.36
2058	29213	14.19
2059	29209	14.19
2060	30091	14.61
2061	28935	14.04
2062	28968	14.05
2063	28985	14.05
2064	29005	14.05
2065	29941	14.50
2066	29353	14.21
2067	29347	14.20
2068	33159	16.03
2069	29061	14.05
2070	29061	14.04
2071	29081	14.04
2072	29721	14.34
2073	29396	14.18
2074	29129	14.04
2075	29156	14.05
2076	29763	14.34
2077	32114	15.46
2078	31336	15.08
2079	29490	14.18
2080	29501	14.18
2081	29493	14.17
2082	29794	14.31
2083	29204	14.02
2084	29967	14.38
2085	29301	14.05
2086	34788	16.68
2087	34052	16.32
2088	30900	14.80
2089	29345	14.05
2090	29543	14.14
2091	30157	14.42
2092	29571	14.14
2093	30894	14.76
2094	29402	14.04
2095	29400	14.03
2096	30376	14.49
2097	36359	17.34
2098	30732	14.65
2099	29456	14.03
2100	31043	14.78
2101	29774	14.17
2102	29477	14.02
2103	33669	16.01
2104	29613	14.07
2105	29612	14.07
2106	29577	14.04
2107	29581	14.04
2108	29582	14.03
2109	30846	14.63
2110	29626	14.04
2111	29667	14.05
2112	29685	14.06
2113	29667	14.04
2114	29687	14.04
2115	29734	14.06
2116	30447	14.39
2117	30057	14.20
2118	29815	14.08
2119	29787	14.06
2120	29777	14.05
2121	30404	14.33
2122	50442	23.77
2123	29833	14.05
2124	29853	14.06
2125	29850	14.05
2126	29842	14.04
2127	29958	14.08
2128	39933	18.77
2129	30001	14.09
2130	29912	14.04
2131	29921	14.04
2132	31370	14.71
2133	30776	14.43
2134	30331	14.21
2135	29965	14.04
2136	30198	14.14
2137	31126	14.57
2138	31277	14.63
2139	30459	14.24
2140	32438	15.16
2141	30442	14.22
2142	30115	14.06
2143	30104	14.05
2144	30205	14.09
2145	30877	14.39
2146	30130	14.04
2147	33878	15.78
2148	31860	14.83
2149	31143	14.49
2150	30503	14.19
2151	30998	14.41
2152	30218	14.04
2153	30220	14.04
2154	31189	14.48
2155	30259	14.04
2156	30285	14.05
2157	30746	14.25
2158	30618	14.19
2159	33572	15.55
2160	30316	14.04
2161	30341	14.04
2162	30365	14.04
2163	30846	14.26
2164	30381	14.04
2165	30390	14.04
2166	31121	14.37
2167	30427	14.04
2168	30414	14.03
2169	30988	14.29
2170	30495	14.05
2171	30477	14.04
2172	31545	14.52
2173	30541	14.05
2174	30862	14.20
2175	30533	14.04
2176	30947	14.22
2177	32647	15.00
2178	30902	14.19
2179	30907	14.18
2180	30894	14.17
2181	31162	14.29
2182	30976	14.20
2183	32134	14.72
2184	30673	14.04
2185	30698	14.05
2186	30691	14.04
2187	36211	16.56
2188	30765	14.06
2189	33713	15.40
2190	30766	14.05
2191	32499	14.83
2192	30807	14.05
2193	36928	16.84
2194	31117	14.18
2195	31297	14.26
2196	30832	14.04
2197	32421	14.76
2198	31193	14.19
2199	32543	14.80
2200	30877	14.04
2201	30909	14.04
2202	30914	14.04
2203	32369	14.69
2204	31825	14.44
2205	32212	14.61
2206	31685	14.36
2207	31328	14.19
2208	31317	14.18
2209	31362	14.20
2210	31488	14.25
2211	33407	15.11
2212	31062	14.04
2213	31120	14.06
2214	31114	14.05
2215	31091	14.04
2216	35700	16.11
2217	31206	14.08
2218	31207	14.07
2219	31519	14.20
2220	33023	14.88
2221	35278	15.88
2222	31247	14.06
2223	34704	15.61
2224	31217	14.04
2225	31242	14.04
2226	41314	18.56
2227	32181	14.45
2228	34949	15.69
2229	31294	14.04
2230	31299	14.04
2231	31327	14.04
2232	32793	14.69
2233	31449	14.08
2234	31360	14.04
2235	31383	14.04
2236	31375	14.03
2237	31406	14.04
2238	31498	14.07
2239	31482	14.06
2240	31425	14.03
2241	31464	14.04
2242	32392	14.45
2243	31500	14.04
2244	32443	14.46
2245	31529	14.04
2246	34185	15.22
2247	31573	14.05
2248	31568	14.04
2249	31601	14.05
2250	31576	14.03
2251	32565	14.47
2252	31708	14.08
2253	33511	14.87
2254	31645	14.04
2255	35551	15.77
2256	32527	14.42
2257	33269	14.74
2258	31729	14.05
2259	31716	14.04
2260	31701	14.03
2261	31724	14.03
2262	33437	14.78
2263	33788	14.93
2264	34496	15.24
2265	32123	14.18
2266	32137	14.18
2267	33081	14.59
2268	31984	14.10
2269	31887	14.05
2270	31878	14.04
2271	31885	14.04
2272	31916	14.05
2273	32236	14.18
2274	31890	14.02
2275	31925	14.03
2276	31949	14.04
2277	33008	14.50
2278	32093	14.09
2279	32096	14.08
2280	32235	14.14
2281	32370	14.19
2282	32361	14.18
2283	33408	14.63
2284	32074	14.04
2285	32193	14.09
2286	32136	14.06
2287	32098	14.03
2288	32133	14.04
2289	33111	14.47
2290	32153	14.04
2291	32183	14.05
2292	32189	14.04
2293	32224	14.05
2294	32217	14.04
2295	32227	14.04
2296	32246	14.04
2297	36124	15.73
2298	32292	14.05
2299	32281	14.04
2300	32993	14.34
2301	32394	14.08
2302	33179	14.41
2303	32362	14.05
2304	32360	14.05
2305	32378	14.05
2306	33312	14.45
2307	32391	14.04
2308	32405	14.04
2309	32412	14.04
2310	32706	14.16
2311	33148	14.34
2312	32470	14.04
2313	32463	14.04
2314	37143	16.05
2315	32523	14.05
2316	32720	14.13
2317	32541	14.04
2318	32557	14.05
2319	37699	16.26
2320	32968	14.21
2321	42137	18.15
2322	34633	14.92
2323	32616	14.04
2324	32630	14.04
2325	32658	14.05
2326	32651	14.04
2327	34129	14.67
2328	32687	14.04
2329	32978	14.16
2330	33121	14.22
2331	43126	18.50
2332	32765	14.05
2333	33590	14.40
2334	32843	14.07
2335	32825	14.06
2336	32935	14.10
2337	32808	14.04
2338	33670	14.40
2339	39325	16.81
2340	33560	14.34
2341	33827	14.45
2342	32960	14.07
2343	32921	14.05
2344	32937	14.05
2345	32945	14.05
2346	32967	14.05
2347	33440	14.25
2348	33319	14.19
2349	33336	14.19
2350	33337	14.19
2351	33339	14.18
2352	33080	14.06
2353	33060	14.05
2354	33091	14.06
2355	33049	14.03
2356	33073	14.04
2357	33086	14.04
2358	33279	14.11
2359	33134	14.05
2360	33102	14.03
2361	33200	14.06
2362	34846	14.75
2363	35356	14.96
2364	33203	14.05
2365	34052	14.40
2366	41135	17.39
2367	35599	15.04
2368	33256	14.04
2369	33285	14.05
2370	33280	14.04
2371	33296	14.04
2372	33303	14.04
2373	33736	14.22
2374	33359	14.05
2375	33341	14.04
2376	33810	14.23
2377	33389	14.05
2378	33400	14.05
2379	33415	14.05
2380	34752	14.60
2381	33450	14.05
2382	33524	14.07
2383	34520	14.49
2384	35982	15.09
2385	33858	14.20
2386	34653	14.52
2387	33853	14.18
2388	34021	14.25
2389	34018	14.24
2390	35037	14.66
2391	34307	14.35
2392	33605	14.05
2393	33615	14.05
2394	35156	14.69
2395	33673	14.06
2396	34015	14.20
2397	34029	14.20
2398	33893	14.13
2399	33686	14.04
2400	34180	14.24
2401	34126	14.21
2402	33732	14.04
2403	33742	14.04
2404	35305	14.69
2405	36705	15.26
2406	34146	14.19
2407	34442	14.31
2408	33827	14.05
2409	33843	14.05
2410	34741	14.42
2411	42274	17.53
2412	34218	14.19
2413	37016	15.34
2414	34235	14.18
2415	34539	14.30
2416	34167	14.14
2417	33953	14.05
2418	41772	17.28
2419	34055	14.08
2420	42033	17.37
2421	35150	14.52
2422	35994	14.86
2423	34051	14.05
2424	34023	14.04
2425	34070	14.05
2426	34831	14.36
2427	34432	14.19
2428	36607	15.08
2429	34472	14.19
2430	34473	14.19
2431	34401	14.15
2432	34506	14.19
2433	34239	14.07
2434	34230	14.06
2435	34304	14.09
2436	36828	15.12
2437	37519	15.40
2438	34616	14.20
2439	35061	14.38
2440	34609	14.18
2441	34623	14.18
2442	34395	14.08
2443	36361	14.88
2444	35629	14.58
2445	35917	14.69
2446	36472	14.91
2447	34577	14.13
2448	36724	15.00
2449	34382	14.04
2450	34467	14.07
2451	34426	14.05
2452	34452	14.05
2453	34446	14.04
2454	35019	14.27
2455	34844	14.19
2456	35500	14.45
2457	34576	14.07
2458	34749	14.14
2459	34751	14.13
2460	34569	14.05
2461	34587	14.05
2462	36111	14.67
2463	35334	14.35
2464	34630	14.05
2465	34612	14.04
2466	34655	14.05
2467	34646	14.04
2468	36609	14.83
2469	34806	14.10
2470	34683	14.04
2471	34689	14.04
2472	34756	14.06
2473	36329	14.69
2474	36131	14.60
2475	34794	14.06
2476	35442	14.31
2477	34771	14.04
2478	34851	14.06
2479	36997	14.92
2480	35176	14.18
2481	39452	15.90
2482	34885	14.06
2483	35528	14.31
2484	35114	14.14
2485	34967	14.07
2486	36487	14.68
2487	34952	14.05
2488	34954	14.05
2489	37347	15.00
2490	36035	14.47
2491	35391	14.21
2492	35385	14.20
2493	35367	14.19
2494	35286	14.15
2495	34998	14.03
2496	35015	14.03
2497	37029	14.83
2498	37954	15.19
2499	35719	14.29
2500	35048	14.02
2501	35042	14.01
2502	36293	14.51
2503	35446	14.16
2504	35555	14.20
2505	35497	14.17
2506	37269	14.87
2507	41081	16.39
2508	35259	14.06
2509	35276	14.06
2510	35616	14.19
2511	36665	14.60
2512	35259	14.04
2513	35305	14.05
2514	35480	14.11
2515	39023	15.52
2516	37167	14.77
2517	35395	14.06
2518	40787	16.20
2519	35358	14.04
2520	38045	15.10
2521	35383	14.04
2522	35739	14.17
2523	35866	14.22
2524	44687	17.70
2525	35493	14.06
2526	35534	14.07
2527	35474	14.04
2528	35798	14.16
2529	35952	14.22
2530	35984	14.22
2531	35575	14.06
2532	35544	14.04
2533	36688	14.48
2534	35955	14.19
2535	42697	16.84
2536	37206	14.67
2537	35650	14.05
2538	35801	14.11
2539	36324	14.31
2540	39350	15.49
2541	35949	14.15
2542	35697	14.04
2543	35711	14.04
2544	35956	14.13
2545	37193	14.61
2546	35757	14.04
2547	35739	14.03
2548	35758	14.03
2549	35792	14.04
2550	37413	14.67
2551	37866	14.84
2552	36299	14.22
2553	36217	14.19
2554	36461	14.28
2555	36473	14.28
2556	35890	14.04
2557	39047	15.27
2558	36587	14.30
2559	35950	14.05
2560	37011	14.46
2561	36038	14.07
2562	36138	14.11
2563	35978	14.04
2564	36030	14.05
2565	37439	14.60
2566	36395	14.18
2567	36411	14.18
2568	36441	14.19
2569	36456	14.19
2570	36688	14.28
2571	36460	14.18
2572	36476	14.18
2573	36491	14.18
2574	36476	14.17
2575	36748	14.27
2576	36131	14.03
2577	36985	14.35
2578	36164	14.03
2579	37167	14.41
2580	37727	14.62
2581	38684	14.99
2582	38350	14.85
2583	37549	14.54
2584	36647	14.18
2585	38026	14.71
2586	36314	14.04
2587	36371	14.06
2588	36342	14.04
2589	36341	14.04
2590	40943	15.81
2591	36424	14.06
2592	36405	14.05
2593	36404	14.04
2594	36448	14.05
2595	37543	14.47
2596	37764	14.55
2597	36473	14.04
2598	38295	14.74
2599	36525	14.05
2600	38404	14.77
2601	36542	14.05
2602	36543	14.04
2603	36541	14.04
2604	37338	14.34
2605	36799	14.13
2606	36891	14.16
2607	36603	14.04
2608	36622	14.04
2609	36745	14.08
2610	40042	15.34
2611	37048	14.19
2612	37046	14.18
2613	37062	14.18
2614	41597	15.91
2615	37365	14.29
2616	39794	15.21
2617	42421	16.21
2618	36782	14.05
2619	36790	14.05
2620	37352	14.26
2621	36929	14.09
2622	36835	14.05
2623	46097	17.57
2624	43894	16.73
2625	37208	14.17
2626	37223	14.17
2627	37255	14.18
2628	37097	14.12
2629	38056	14.48
2630	37413	14.23
2631	36959	14.05
2632	37532	14.26
2633	37985	14.43
2634	37465	14.22
2635	39687	15.06
2636	37019	14.04
2637	37037	14.05
2638	37464	14.20
2639	37083	14.05
2640	40872	15.48
2641	38162	14.45
2642	37229	14.09
2643	37076	14.03
2644	38202	14.45
2645	37121	14.03
2646	37386	14.13
2647	43563	16.46
2648	38636	14.59
2649	37177	14.03
2650	37210	14.04
2651	37248	14.05
2652	38845	14.65
2653	38403	14.48
2654	38706	14.58
2655	39320	14.81
2656	37776	14.22
2657	37707	14.19
2658	37946	14.28
2659	37333	14.04
2660	37324	14.03
2661	37467	14.08
2662	37391	14.05
2663	37412	14.05
2664	37408	14.04
2665	38523	14.46
2666	37435	14.04
2667	37502	14.06
2668	38976	14.61
2669	37857	14.18
2670	37869	14.18
2671	37911	14.19
2672	37979	14.21
2673	38006	14.22
2674	37536	14.04
2675	37585	14.05
2676	37571	14.04
2677	37600	14.05
2678	38190	14.26
2679	37931	14.16
2680	37680	14.06
2681	38314	14.29
2682	37760	14.08
2683	38692	14.42
2684	39470	14.71
2685	38099	14.19
2686	38509	14.34
2687	51520	19.17
2688	37872	14.09
2689	37962	14.12
2690	37886	14.08
2691	38410	14.27
2692	39808	14.79
2693	37813	14.04
2694	37838	14.05
2695	38086	14.13
2696	37889	14.05
2697	46567	17.27
2698	37885	14.04
2699	38727	14.35
2700	38344	14.20
2701	40196	14.88
2702	37926	14.04
2703	41447	15.33
2704	38364	14.19
2705	38527	14.24
2706	38703	14.30
2707	38003	14.04
2708	39455	14.57
2709	38036	14.04
2710	38161	14.08
2711	49246	18.17
2712	38107	14.05
2713	38099	14.04
2714	38119	14.05
2715	39220	14.45
2716	44024	16.21
2717	38174	14.05
2718	48329	17.78
2719	39890	14.67
2720	39233	14.42
2721	38242	14.05
2722	38211	14.04
2723	38227	14.04
2724	38273	14.05
2725	41084	15.08
2726	38710	14.20
2727	39395	14.45
2728	38718	14.19
2729	39054	14.31
2730	38884	14.24
2731	38370	14.05
2732	38954	14.26
2733	40649	14.87
2734	38403	14.05
2735	38383	14.03
2736	38418	14.04
2737	38409	14.03
2738	38608	14.10
2739	40737	14.87
2740	38419	14.02
2741	38487	14.04
2742	41933	15.29
2743	39394	14.36
2744	38555	14.05
2745	38543	14.04
2746	39735	14.47
2747	38591	14.05
2748	38578	14.04
2749	38910	14.15
2750	40500	14.73
2751	38635	14.04
2752	38646	14.04
2753	41414	15.04
2754	39738	14.43
2755	38645	14.03
2756	38711	14.05
2757	43012	15.60
2758	41003	14.87
2759	38759	14.05
2760	39649	14.37
2761	38993	14.12
2762	39184	14.19
2763	38789	14.04
2764	38823	14.05
2765	39601	14.32
2766	39228	14.18
2767	39363	14.23
2768	39330	14.21
2769	39264	14.18
2770	39313	14.19
2771	39631	14.30
2772	39244	14.16
2773	38944	14.04
2774	41065	14.80
2775	39045	14.07
2776	39048	14.07
2777	39977	14.40
2778	39403	14.18
2779	39433	14.19
2780	39210	14.10
2781	39128	14.07
2782	40869	14.69
2783	39407	14.16
2784	39130	14.06
2785	39095	14.04
2786	39154	14.05
2787	39138	14.04
2788	43893	15.74
2789	39245	14.07
2790	40676	14.58
2791	40786	14.61
2792	41594	14.90
2793	39382	14.10
2794	40918	14.64
2795	44592	15.95
2796	39436	14.10
2797	40212	14.38
2798	39802	14.23
2799	39335	14.05
2800	41683	14.89
2801	40878	14.59
2802	39348	14.04
2803	41256	14.72
2804	41967	14.97
2805	39469	14.07
2806	39623	14.12
2807	39498	14.07
2808	44791	15.95
2809	39452	14.04
2810	39722	14.14
2811	44383	15.79
2812	39515	14.05
2813	39509	14.05
2814	39551	14.06
2815	39549	14.05
2816	47285	16.79
2817	41617	14.77
2818	44237	15.70
2819	43582	15.46
2820	41860	14.84
2821	40055	14.20
2822	40843	14.47
2823	40053	14.19
2824	41688	14.76
2825	39774	14.08
2826	48602	17.20
2827	39675	14.03
2828	39695	14.04
2829	39911	14.11
2830	39744	14.04
2831	41205	14.55
2832	39799	14.05
2833	39804	14.05
2834	40225	14.19
2835	42573	15.02
2836	39821	14.04
2837	39852	14.05
2838	39885	14.05
2839	39998	14.09
2840	41316	14.55
2841	39916	14.05
2842	40567	14.27
2843	42782	15.05
2844	40659	14.30
2845	39949	14.04
2846	39966	14.04
2847	40020	14.06
2848	40011	14.05
2849	52625	18.47
2850	40884	14.35
2851	40018	14.04
2852	40012	14.03
2853	40509	14.20
2854	40544	14.21
2855	40138	14.06
2856	40220	14.08
2857	41532	14.54
2858	42257	14.79
2859	40608	14.20
2860	40567	14.18
2861	40920	14.30
2862	44562	15.57
2863	40250	14.06
2864	40897	14.28
2865	42581	14.86
2866	41284	14.40
2867	40225	14.03
2868	40274	14.04
2869	40277	14.04
2870	42183	14.70
2871	40316	14.04
2872	42400	14.76
2873	40733	14.18
2874	40583	14.12
2875	40448	14.07
2876	43917	15.27
2877	40437	14.06
2878	40417	14.04
2879	44984	15.62
2880	40415	14.03
2881	40678	14.12
2882	40457	14.04
2883	41266	14.31
2884	41954	14.55
2885	40668	14.10
2886	40522	14.04
2887	44630	15.46
2888	40898	14.16
2889	41932	14.51
2890	40600	14.05
2891	40688	14.07
2892	40876	14.13
2893	42933	14.84
2894	42529	14.70
2895	48710	16.83
2896	40674	14.04
2897	43482	15.01
2898	40824	14.09
2899	40883	14.10
2900	43595	15.03
2901	42346	14.60
2902	43168	14.88
2903	41508	14.30
2904	40753	14.03
2905	40773	14.04
2906	40858	14.06
2907	42263	14.54
2908	41839	14.39
2909	47665	16.39
2910	40901	14.06
2911	42389	14.56
2912	40896	14.04
2913	40904	14.04
2914	43940	15.08
2915	47685	16.36
2916	58080	19.92
2917	41002	14.06
2918	40997	14.05
2919	41535	14.23
2920	41021	14.05
2921	42495	14.55
2922	41064	14.05
2923	44556	15.24
2924	41505	14.19
2925	41489	14.18
2926	41494	14.18
2927	42065	14.37
2928	41116	14.04
2929	44650	15.24
2930	42628	14.55
2931	41640	14.21
2932	41786	14.25
2933	41490	14.15
2934	42247	14.40
2935	41652	14.19
2936	45045	15.34
2937	41374	14.09
2938	42038	14.31
2939	41289	14.05
2940	42116	14.33
2941	47985	16.32
2942	41312	14.04
2943	41299	14.03
2944	41630	14.14
2945	42718	14.51
2946	41392	14.05
2947	42815	14.53
2948	41918	14.22
2949	41712	14.14
2950	41476	14.06
2951	42793	14.50
2952	43663	14.79
2953	41887	14.18
2954	46083	15.60
2955	43016	14.56
2956	41529	14.05
2957	41527	14.04
2958	42518	14.37
2959	44180	14.93
2960	43020	14.53
2961	42017	14.19
2962	42045	14.19
2963	41601	14.04
2964	43531	14.69
2965	41643	14.04
2966	43099	14.53
2967	41691	14.05
2968	42659	14.37
2969	42136	14.19
2970	42664	14.36
2971	42145	14.19
2972	41998	14.13
2973	41742	14.04
2974	42964	14.45
2975	42185	14.18
2976	42188	14.18
2977	41840	14.05
2978	42068	14.13
2979	42382	14.23
2980	42268	14.18
2981	46109	15.47
2982	42324	14.19
2983	41981	14.07
2984	42045	14.09
2985	41944	14.05
2986	41917	14.04
2987	41951	14.04
2988	42845	14.34
2989	43178	14.45
2990	42002	14.05
2991	41979	14.04
2992	43954	14.69
2993	50554	16.89
2994	44088	14.73
2995	45453	15.18
2996	46697	15.59
2997	42801	14.28
2998	43267	14.43
2999	42648	14.22
3000	44459	14.82
3001	44060	14.68
3002	42246	14.07
3003	45984	15.31
3004	42158	14.03
3005	42412	14.11
3006	42903	14.27
3007	44099	14.67
3008	42688	14.19
3009	42945	14.27
3010	42448	14.10
3011	42707	14.18
3012	44268	14.70
3013	42453	14.09
3014	42336	14.05
3015	49751	16.50
3016	48988	16.24
3017	49292	16.34
3018	42536	14.09
3019	44239	14.65
3020	42384	14.03
3021	42543	14.08
3022	42519	14.07
3023	45854	15.17
3024	44352	14.67
3025	42462	14.04
3026	43819	14.48
3027	42626	14.08
3028	42509	14.04
3029	42534	14.04
3030	42547	14.04
3031	45039	14.86
3032	42609	14.05
3033	42591	14.04
3034	42807	14.11
3035	42757	14.09
3036	42731	14.07
3037	42697	14.06
3038	48254	15.88
3039	43125	14.19
3040	43626	14.35
3041	42749	14.06
3042	42733	14.05
3043	57336	18.84
3044	44088	14.48
3045	45915	15.08
3046	42818	14.06
3047	42820	14.05
3048	42950	14.09
3049	42835	14.05
3050	42896	14.06
3051	43207	14.16
3052	42894	14.05
3053	42974	14.08
3054	42905	14.05
3055	43163	14.13
3056	43799	14.33
3057	43303	14.17
3058	42984	14.06
3059	42973	14.05
3060	43106	14.09
3061	43010	14.05
3062	43010	14.05
3063	49091	16.03
3064	43075	14.06
3065	43889	14.32
3066	43527	14.20
3067	43809	14.28
3068	44989	14.66
3069	45453	14.81
3070	45159	14.71
3071	43151	14.05
3072	46069	15.00
3073	45044	14.66
3074	45010	14.64
3075	45126	14.68
3076	44956	14.62
3077	45411	14.76
3078	45178	14.68
3079	45235	14.69
3080	44608	14.48
3081	47310	15.36
3082	43769	14.20
3083	43784	14.20
3084	43927	14.24
3085	44926	14.56
3086	47984	15.55
3087	45963	14.89
3088	43447	14.07
3089	43947	14.23
3090	45366	14.68
3091	43843	14.18
3092	43405	14.04
3093	47172	15.25
3094	44093	14.25
3095	43486	14.05
3096	43487	14.05
3097	43474	14.04
3098	43766	14.13
3099	43531	14.05
3100	44979	14.51
3101	44174	14.25
3102	44474	14.34
3103	44039	14.19
3104	44922	14.47
3105	44130	14.21
3106	47176	15.19
3107	46631	15.01
3108	46304	14.90
3109	43680	14.05
3110	44147	14.20
3111	43758	14.07
3112	43783	14.07
3113	45012	14.46
3114	55220	17.73
3115	45441	14.59
3116	45195	14.50
3117	44633	14.32
3118	47579	15.26
3119	44320	14.21
3120	50496	16.18
3121	46989	15.06
3122	43859	14.05
3123	44776	14.34
3124	43967	14.07
3125	45357	14.51
3126	43886	14.04
3127	44531	14.24
3128	44426	14.20
3129	45945	14.68
3130	47719	15.25
3131	45303	14.47
3132	44033	14.06
3133	46155	14.73
3134	45844	14.63
3135	44552	14.21
3136	44650	14.24
3137	44090	14.05
3138	44119	14.06
3139	44120	14.06
3140	44130	14.05
3141	44464	14.16
3142	44585	14.19
3143	45682	14.53
3144	44587	14.18
3145	44269	14.08
3146	44222	14.06
3147	44196	14.04
3148	45975	14.60
3149	47725	15.16
3150	44456	14.11
3151	44325	14.07
3152	44269	14.04
3153	44320	14.06
3154	44332	14.06
3155	45842	14.53
3156	44751	14.18
3157	44356	14.05
3158	44534	14.10
3159	46222	14.63
3160	44328	14.03
3161	45833	14.50
3162	48797	15.43
3163	44459	14.06
3164	44476	14.06
3165	44435	14.04
3166	47588	15.03
3167	47210	14.91
3168	46118	14.56
3169	45655	14.41
3170	47010	14.83
3171	44525	14.04
3172	44600	14.06
3173	44582	14.05
3174	45028	14.19
3175	44599	14.05
3176	44607	14.05
3177	46465	14.63
3178	45332	14.26
3179	46497	14.63
3180	44616	14.03
3181	46951	14.76
3182	47865	15.04
3183	45141	14.18
3184	44755	14.06
3185	46332	14.55
3186	44850	14.08
3187	44797	14.06
3188	45215	14.18
3189	44809	14.05
3190	44853	14.06
3191	44915	14.08
3192	44919	14.07
3193	44941	14.07
3194	44918	14.06
3195	45727	14.31
3196	45379	14.20
3197	45584	14.26
3198	45333	14.18
3199	45228	14.14
3200	45512	14.22
3201	45392	14.18
3202	45123	14.09
3203	46636	14.56
3204	46022	14.36
3205	45020	14.05
3206	45487	14.19
3207	45044	14.05
3208	48965	15.26
3209	45965	14.32
3210	47198	14.70
3211	46439	14.46
3212	47993	14.94
3213	45136	14.05
3214	52965	16.48
3215	47668	14.83
3216	45863	14.26
3217	45202	14.05
3218	45196	14.04
3219	46657	14.49
3220	45846	14.24
3221	62363	19.36
3222	46653	14.48
3223	46104	14.30
3224	45416	14.09
3225	46842	14.52
3226	45827	14.21
3227	54893	17.01
3228	48355	14.98
3229	45393	14.06
3230	47661	14.76
3231	45881	14.20
3232	45844	14.18
3233	46483	14.38
3234	45383	14.03
3235	45452	14.05
3236	45405	14.03
3237	46168	14.26
3238	45456	14.04
3239	50603	15.62
3240	46171	14.25
3241	46578	14.37
3242	45704	14.10
3243	45987	14.18
3244	46061	14.20
3245	49463	15.24
3246	48304	14.88
3247	45600	14.04
3248	45736	14.08
3249	45657	14.05
3250	56741	17.46
3251	47396	14.58
3252	45677	14.05
3253	46158	14.19
3254	53306	16.38
3255	45699	14.04
3256	45718	14.04
3257	45760	14.05
3258	45761	14.05
3259	46055	14.13
3260	45841	14.06
3261	45831	14.05
3262	48940	15.00
3263	45812	14.04
3264	45844	14.05
3265	45841	14.04
3266	46563	14.26
3267	49419	15.13
3268	47212	14.45
3269	47893	14.65
3270	45927	14.04
3271	51120	15.63
3272	47921	14.65
3273	50189	15.33
3274	46096	14.08
3275	46004	14.05
3276	45989	14.04
3277	46617	14.23
3278	47482	14.49
3279	46252	14.11
3280	48143	14.68
3281	46094	14.05
3282	46089	14.04
3283	46319	14.11
3284	47754	14.54
3285	46133	14.04
3286	50765	15.45
3287	48336	14.71
3288	47325	14.39
3289	46173	14.04
3290	46344	14.09
3291	46284	14.06
3292	46308	14.07
3293	52004	15.79
3294	46933	14.25
3295	46331	14.06
3296	46251	14.03
3297	48604	14.74
3298	46446	14.08
3299	50718	15.37
3300	49564	15.02
3301	46356	14.04
3302	46351	14.04
3303	46422	14.05
3304	47398	14.35
3305	47305	14.31
3306	51636	15.62
3307	48038	14.53
3308	46445	14.04
3309	47347	14.31
3310	48453	14.64
3311	46551	14.06
3312	47723	14.41
3313	51199	15.45
3314	46513	14.04
3315	46454	14.01
3316	47048	14.19
3317	46649	14.06
3318	57065	17.20
3319	47728	14.38
3320	48825	14.71
3321	46741	14.07
3322	46710	14.06
3323	47000	14.14
3324	48389	14.56
3325	60117	18.08
3326	46671	14.03
3327	46888	14.09
3328	47003	14.12
3329	50443	15.15
3330	46984	14.11
3331	49297	14.80
3332	48512	14.56
3333	47088	14.13
3334	46911	14.07
3335	46982	14.09
3336	47079	14.11
3337	49141	14.73
3338	47427	14.21
3339	47495	14.22
3340	47367	14.18
3341	48956	14.65
3342	60672	18.15
3343	46914	14.03
3344	48147	14.40
3345	47054	14.07
3346	47994	14.34
3347	47431	14.17
3348	50094	14.96
3349	57144	17.06
3350	58132	17.35
3351	56048	16.73
3352	55717	16.62
3353	53439	15.94
3354	47859	14.27
3355	47539	14.17
3356	48547	14.47
3357	47219	14.07
3358	47973	14.29
3359	47224	14.06
3360	47536	14.15
3361	47235	14.05
3362	47278	14.06
3363	47151	14.02
3364	48287	14.35
3365	53620	15.93
3366	47289	14.05
3367	48740	14.48
3368	49108	14.58
3369	48688	14.45
3370	47863	14.20
3371	47709	14.15
3372	47391	14.05
3373	47384	14.05
3374	47362	14.04
3375	48924	14.50
3376	49835	14.76
3377	47458	14.05
3378	48032	14.22
3379	47777	14.14
3380	59178	17.51
3381	48021	14.20
3382	47479	14.04
3383	49498	14.63
3384	47541	14.05
3385	47596	14.06
3386	48178	14.23
3387	48304	14.26
3388	48083	14.19
3389	47847	14.12
3390	48239	14.23
3391	48568	14.32
3392	47724	14.07
3393	47751	14.07
3394	47753	14.07
3395	47773	14.07
3396	47805	14.08
3397	48065	14.15
3398	48904	14.39
3399	48695	14.33
3400	48274	14.20
3401	48041	14.13
3402	47792	14.05
3403	47806	14.05
3404	47981	14.10
3405	51490	15.12
3406	47811	14.04
3407	48497	14.23
3408	48717	14.29
3409	52087	15.28
3410	47885	14.04
3411	50479	14.80
3412	49159	14.41
3413	52683	15.44
3414	47983	14.05
3415	48170	14.11
3416	48131	14.09
3417	48143	14.09
3418	48427	14.17
3419	62322	18.23
3420	50285	14.70
3421	48081	14.05
3422	48073	14.05
3423	48133	14.06
3424	49229	14.38
3425	50748	14.82
3426	49980	14.59
3427	48318	14.10
3428	48153	14.05
3429	48249	14.07
3430	50996	14.87
3431	49799	14.51
3432	49212	14.34
3433	48232	14.05
3434	48740	14.19
3435	48249	14.05
3436	48774	14.19
3437	51588	15.01
3438	48312	14.05
3439	48996	14.25
3440	49909	14.51
3441	48335	14.05
3442	54588	15.86
3443	49516	14.38
3444	48624	14.12
3445	48450	14.06
3446	50366	14.62
3447	49385	14.33
3448	50225	14.57
3449	49276	14.29
3450	48599	14.09
3451	48635	14.09
3452	51196	14.83
3453	48674	14.10
3454	50884	14.73
3455	58146	16.83
3456	48909	14.15
3457	49251	14.25
3458	48591	14.05
3459	48593	14.05
3460	48929	14.14
3461	50970	14.73
3462	48798	14.10
3463	48650	14.05
3464	56642	16.35
3465	49961	14.42
3466	50205	14.48
3467	51962	14.99
3468	52767	15.22
3469	48717	14.04
3470	48729	14.04
3471	50628	14.59
3472	48762	14.04
3473	50894	14.65
3474	49595	14.28
3475	48933	14.08
3476	50458	14.52
3477	48855	14.05
3478	49509	14.23
3479	52195	15.00
3480	49120	14.11
3481	49376	14.18
3482	49606	14.25
3483	50430	14.48
3484	49021	14.07
3485	48968	14.05
3486	49112	14.09
3487	52881	15.17
3488	48991	14.05
3489	49146	14.09
3490	49035	14.05
3491	51228	14.67
3492	49596	14.20
3493	49597	14.20
3494	53018	15.17
3495	49622	14.20
3496	49803	14.25
3497	49629	14.19
3498	53750	15.37
3499	52774	15.08
3500	49662	14.19
3501	50210	14.34
3502	50349	14.38
3503	49292	14.07
3504	52704	15.04
3505	50140	14.31
3506	49351	14.08
3507	49292	14.06
3508	49910	14.23
3509	53411	15.22
3510	51409	14.65
3511	49318	14.05
3512	50193	14.29
3513	55543	15.81
3514	49329	14.04
3515	64301	18.29
3516	52188	14.84
3517	50234	14.28
3518	49437	14.05
3519	51886	14.74
3520	50155	14.25
3521	51484	14.62
3522	50790	14.42
3523	50000	14.19
3524	49606	14.08
3525	49522	14.05
3526	49900	14.15
3527	49681	14.09
3528	55840	15.83
3529	53456	15.15
3530	55683	15.77
3531	49610	14.05
3532	49659	14.06
3533	51005	14.44
3534	50278	14.23
3535	50184	14.20
3536	50742	14.35
3537	49980	14.13
3538	49750	14.06
3539	49775	14.06
3540	50436	14.25
3541	50884	14.37
3542	49828	14.07
3543	49726	14.03
3544	53007	14.96
3545	53520	15.10
3546	53354	15.05
3547	50038	14.11
3548	50230	14.16
3549	49970	14.08
3550	49944	14.07
3551	50051	14.09
3552	52643	14.82
3553	50101	14.10
3554	50319	14.16
3555	50368	14.17
3556	50746	14.27
3557	51735	14.54
3558	50652	14.24
3559	50575	14.21
3560	50135	14.08
3561	51755	14.53
3562	50753	14.25
3563	50895	14.28
3564	50078	14.05
3565	50747	14.23
3566	50101	14.05
3567	50519	14.16
3568	50668	14.20
3569	56397	15.80
3570	51043	14.30
3571	51501	14.42
3572	51096	14.30
3573	55906	15.65
3574	51346	14.37
3575	54278	15.18
3576	50223	14.04
3577	50278	14.06
3578	50290	14.06
3579	52149	14.57
3580	50496	14.11
3581	51089	14.27
3582	54232	15.14
3583	51869	14.48
3584	50358	14.05
3585	50904	14.20
3586	50938	14.20
3587	53223	14.84
3588	50393	14.04
3589	50979	14.20
3590	50908	14.18
3591	50659	14.11
3592	51356	14.30
3593	51084	14.22
3594	51091	14.22
3595	54577	15.18
3596	51066	14.20
3597	52233	14.52
3598	53328	14.82
3599	54647	15.18
3600	50717	14.09
3601	53791	14.94
3602	52572	14.60
3603	51113	14.19
3604	53020	14.71
3605	59751	16.57
3606	50675	14.05
3607	50758	14.07
3608	50829	14.09
3609	51021	14.14
3610	54213	15.02
3611	52277	14.48
3612	56109	15.53
3613	51078	14.14
3614	52237	14.45
3615	77213	21.36
3616	69428	19.20
3617	51364	14.20
3618	51605	14.26
3619	50908	14.07
3620	50876	14.05
3621	54052	14.93
3622	51839	14.31
3623	51449	14.20
3624	52161	14.39
3625	50996	14.07
3626	52056	14.36
3627	52102	14.37
3628	51888	14.30
3629	51009	14.06
3630	51089	14.07
3631	51013	14.05
3632	51154	14.08
3633	52133	14.35
3634	51098	14.06
3635	51133	14.07
3636	54826	15.08
3637	51121	14.06
3638	52204	14.35
3639	54177	14.89
3640	52284	14.36
3641	51529	14.15
3642	53222	14.61
3643	51221	14.06
3644	51261	14.07
3645	51776	14.20
3646	61860	16.97
3647	51805	14.20
3648	51739	14.18
3649	52749	14.46
3650	52068	14.27
3651	53199	14.57
3652	52088	14.26
3653	51931	14.22
3654	52684	14.42
3655	51357	14.05
3656	53762	14.71
3657	52061	14.24
3658	51402	14.05
3659	52228	14.27
3660	51382	14.04
3661	51659	14.11
3662	51509	14.07
3663	56014	15.29
3664	51559	14.07
3665	51564	14.07
3666	51528	14.06
3667	52813	14.40
3668	61237	16.69
3669	52288	14.25
3670	52125	14.20
3671	52402	14.27
3672	51622	14.06
3673	51601	14.05
3674	56286	15.32
3675	54216	14.75
3676	51681	14.06
3677	51804	14.09
3678	55434	15.07
3679	52473	14.26
3680	53761	14.61
3681	53095	14.42
3682	52324	14.21
3683	53733	14.59
3684	55119	14.96
3685	51784	14.05
3686	51762	14.04
3687	51866	14.07
3688	52986	14.37
3689	54133	14.67
3690	51863	14.06
3691	53322	14.45
3692	52180	14.13
3693	52375	14.18
3694	52936	14.33
3695	51945	14.06
3696	51968	14.06
3697	53264	14.41
3698	52882	14.30
3699	53985	14.59
3700	52744	14.26
3701	52709	14.24
3702	59056	15.95
3703	52784	14.25
3704	52037	14.05
3705	55133	14.88
3706	53568	14.45
3707	52268	14.10
3708	52106	14.05
3709	54176	14.61
3710	52335	14.11
3711	58996	15.90
3712	52253	14.08
3713	52255	14.07
3714	70366	18.95
3715	52499	14.13
3716	52177	14.04
3717	52254	14.06
3718	53856	14.49
3719	58454	15.72
3720	56446	15.17
3721	52856	14.20
3722	54605	14.67
3723	54242	14.57
3724	52374	14.06
3725	52902	14.20
3726	52919	14.20
3727	53378	14.32
3728	53537	14.36
3729	61469	16.48
3730	52455	14.06
3731	53124	14.24
3732	52505	14.07
3733	53949	14.45
3734	52587	14.08
3735	54544	14.60
3736	53035	14.20
3737	53326	14.27
3738	53030	14.19
3739	52725	14.10
3740	54713	14.63
3741	53510	14.30
3742	55227	14.76
3743	53289	14.24
3744	52712	14.08
3745	52897	14.12
3746	52643	14.05
3747	52798	14.09
3748	52630	14.04
3749	53265	14.21
3750	56199	14.99
3751	52617	14.03
3752	53517	14.26
3753	52718	14.05
3754	55640	14.82
3755	53882	14.35
3756	53490	14.24
3757	53200	14.16
3758	52870	14.07
3759	55630	14.80
3760	57074	15.18
3761	53738	14.29
3762	53065	14.11
3763	52877	14.05
3764	53080	14.10
3765	56451	14.99
3766	53848	14.30
3767	53147	14.11
3768	52995	14.06
3769	53119	14.09
3770	57269	15.19
3771	53055	14.07
3772	53080	14.07
3773	55020	14.58
3774	53039	14.05
3775	53134	14.08
3776	53328	14.12
3777	53436	14.15
3778	53235	14.09
3779	53093	14.05
3780	56914	15.06
3781	53250	14.08
3782	55904	14.78
3783	55153	14.58
3784	53354	14.10
3785	53739	14.20
3786	54285	14.34
3787	53244	14.06
3788	57517	15.18
3789	53308	14.07
3790	53901	14.22
3791	55618	14.67
3792	53292	14.05
3793	56294	14.84
3794	54518	14.37
3795	53894	14.20
3796	53500	14.09
3797	54463	14.34
3798	54015	14.22
3799	53420	14.06
3800	54458	14.33
3801	58545	15.40
3802	53492	14.07
3803	56344	14.82
3804	57712	15.17
3805	55198	14.51
3806	54014	14.19
3807	53482	14.05
3808	54934	14.43
3809	54046	14.19
3810	53536	14.05
3811	68599	18.00
3812	53585	14.06
3813	70899	18.59
3814	53627	14.06
3815	60242	15.79
3816	58439	15.31
3817	53772	14.09
3818	54572	14.29
3819	56894	14.90
3820	58653	15.35
3821	53717	14.06
3822	53687	14.05
3823	55576	14.54
3824	56268	14.71
3825	54388	14.22
3826	59503	15.55
3827	54344	14.20
3828	54354	14.20
3829	56173	14.67
3830	56995	14.88
3831	57131	14.91
3832	53936	14.08
3833	55868	14.58
3834	53870	14.05
3835	55426	14.45
3836	57150	14.90
3837	53937	14.06
3838	53957	14.06
3839	56832	14.80
3840	57199	14.90
3841	53978	14.05
3842	53990	14.05
3843	59936	15.60
3844	55555	14.45
3845	54079	14.06
3846	54507	14.17
3847	55389	14.40
3848	54102	14.06
3849	54098	14.06
3850	56900	14.78
3851	55640	14.45
3852	57991	15.05
3853	56047	14.55
3854	59983	15.56
3855	54356	14.10
3856	56614	14.68
3857	58290	15.11
3858	56496	14.64
3859	58766	15.23
3860	54208	14.04
3861	54756	14.18
3862	54267	14.05
3863	56363	14.59
3864	58394	15.11
3865	57461	14.87
3866	54673	14.14
3867	55218	14.28
3868	56420	14.59
3869	55688	14.39
3870	63264	16.35
3871	54410	14.06
3872	55284	14.28
3873	54935	14.18
3874	54562	14.08
3875	56055	14.47
3876	57554	14.85
3877	54473	14.05
3878	55667	14.35
3879	55342	14.27
3880	55338	14.26
3881	55279	14.24
3882	56580	14.57
3883	54974	14.16
3884	54585	14.05
3885	57817	14.88
3886	55484	14.28
3887	54642	14.06
3888	55178	14.19
3889	59554	15.31
3890	55189	14.19
3891	55259	14.20
3892	57064	14.66
3893	54726	14.06
3894	55137	14.16
3895	54843	14.08
3896	55025	14.12
3897	57243	14.69
3898	57656	14.79
3899	56655	14.53
3900	55773	14.30
3901	54984	14.09
3902	58096	14.89
3903	58264	14.93
3904	55114	14.12
3905	57060	14.61
3906	55053	14.09
3907	55672	14.25
3908	54920	14.05
3909	56477	14.45
3910	54989	14.06
3911	62395	15.95
3912	54936	14.04
3913	63468	16.22
3914	58708	15.00
3915	55016	14.05
3916	55035	14.05
3917	57113	14.58
3918	56434	14.40
3919	57382	14.64
3920	55583	14.18
3921	55628	14.19
3922	55648	14.19
3923	55585	14.17
3924	60086	15.31
3925	56211	14.32
3926	55198	14.06
3927	55186	14.05
3928	57988	14.76
3929	60153	15.31
3930	56984	14.50
3931	56136	14.28
3932	55754	14.18
3933	55347	14.07
3934	57185	14.54
3935	56102	14.26
3936	55695	14.15
3937	59276	15.06
3938	55870	14.19
3939	55884	14.19
3940	57457	14.58
3941	56105	14.24
3942	55453	14.07
3943	57936	14.69
3944	55474	14.07
3945	55445	14.05
3946	55455	14.05
3947	57895	14.67
3948	56084	14.21
3949	56061	14.20
3950	56712	14.36
3951	55528	14.05
3952	60156	15.22
3953	55767	14.11
3954	56209	14.22
3955	55796	14.11
3956	60254	15.23
3957	59507	15.04
3958	55811	14.10
3959	55769	14.09
3960	56109	14.17
3961	55873	14.11
3962	57902	14.61
3963	57420	14.49
3964	56565	14.27
3965	57050	14.39
3966	60541	15.27
3967	59469	14.99
3968	56308	14.19
3969	57672	14.53
3970	56404	14.21
3971	56567	14.25
3972	57718	14.53
3973	56836	14.31
3974	56410	14.19
3975	57522	14.47
3976	57188	14.38
3977	63744	16.03
3978	58530	14.71
3979	55906	14.05
3980	55864	14.04
3981	55943	14.05
3982	56288	14.14
3983	56494	14.18
3984	56544	14.19
3985	59291	14.88
3986	55975	14.04
3987	55964	14.04
3988	58962	14.78
3989	56744	14.23
3990	56720	14.22
3991	57823	14.49
3992	56249	14.09
3993	56126	14.06
3994	58468	14.64
3995	60655	15.18
3996	56657	14.18
3997	56921	14.24
3998	57698	14.43
3999	58879	14.72
4000	56821	14.21
