N	Total Time	Average CPE
1	455	455.00
2	242	121.00
3	264	88.00
4	375	93.75
5	466	93.20
6	648	108.00
7	691	98.71
8	1382	172.75
9	746	82.89
10	771	77.10
11	1373	124.82
12	860	71.67
13	1055	81.15
14	1059	75.64
15	1044	69.60
16	1208	75.50
17	1215	71.47
18	1284	71.33
19	1453	76.47
20	957	47.85
21	373	17.76
22	393	17.86
23	417	18.13
24	428	17.83
25	453	18.12
26	468	18.00
27	488	18.07
28	1066	38.07
29	2467	85.07
30	2633	87.77
31	2116	68.26
32	2254	70.44
33	2373	71.91
34	2956	86.94
35	955	27.29
36	635	17.64
37	661	17.86
38	678	17.84
39	696	17.85
40	721	18.02
41	724	17.66
42	742	17.67
43	766	17.81
44	785	17.84
45	821	18.24
46	828	18.00
47	857	18.23
48	870	18.12
49	882	18.00
50	887	17.74
51	904	17.73
52	923	17.75
53	951	17.94
54	957	17.72
55	980	17.82
56	996	17.79
57	1016	17.82
58	1026	17.69
59	1047	17.75
60	1073	17.88
61	1082	17.74
62	1102	17.77
63	1125	17.86
64	1134	17.72
65	1154	17.75
66	1184	17.94
67	1191	17.78
68	1210	17.79
69	1235	17.90
70	1234	17.63
71	1266	17.83
72	1287	17.88
73	1295	17.74
74	1315	17.77
75	1340	17.87
76	1343	17.67
77	1378	17.90
78	1380	17.69
79	1404	17.77
80	1426	17.82
81	1432	17.68
82	1460	17.80
83	1462	17.61
84	1484	17.67
85	1516	17.84
86	1524	17.72
87	1551	17.83
88	1557	17.69
89	1592	17.89
90	1595	17.72
91	1614	17.74
92	1639	17.82
93	1647	17.71
94	1671	17.78
95	1684	17.73
96	1697	17.68
97	1714	17.67
98	1748	17.84
99	1753	17.71
100	2151	21.51
101	2840	28.12
102	1771	17.36
103	1784	17.32
104	1814	17.44
105	1808	17.22
106	1835	17.31
107	1844	17.23
108	1866	17.28
109	1874	17.19
110	1895	17.23
111	1924	17.33
112	1922	17.16
113	1948	17.24
114	1964	17.23
115	1984	17.25
116	1996	17.21
117	2018	17.25
118	2050	17.37
119	2044	17.18
120	2066	17.22
121	2080	17.19
122	2101	17.22
123	2126	17.28
124	2128	17.16
125	2152	17.22
126	2168	17.21
127	2186	17.21
128	2203	17.21
129	2218	17.19
130	2239	17.22
131	2262	17.27
132	2267	17.17
133	2298	17.28
134	2317	17.29
135	2321	17.19
136	2349	17.27
137	2694	19.66
138	3598	26.07
139	3567	25.66
140	2478	17.70
141	2513	17.82
142	2523	17.77
143	2537	17.74
144	2559	17.77
145	2559	17.65
146	2588	17.73
147	2622	17.84
148	2631	17.78
149	2649	17.78
150	2680	17.87
151	2722	18.03
152	3117	20.51
153	3721	24.32
154	3103	20.15
155	4331	27.94
156	4103	26.30
157	4201	26.76
158	4231	26.78
159	3574	22.48
160	2912	18.20
161	2893	17.97
162	2943	18.17
163	2882	17.68
164	2909	17.74
165	2917	17.68
166	2945	17.74
167	2963	17.74
168	2975	17.71
169	5093	30.14
170	3047	17.92
171	2952	17.26
172	2975	17.30
173	2988	17.27
174	3007	17.28
175	3012	17.21
176	3031	17.22
177	3055	17.26
178	3074	17.27
179	3094	17.28
180	3651	20.28
181	3248	17.94
182	3234	17.77
183	3239	17.70
184	3266	17.75
185	3275	17.70
186	3288	17.68
187	3312	17.71
188	3331	17.72
189	3344	17.69
190	3362	17.69
191	3381	17.70
192	3406	17.74
193	3421	17.73
194	3435	17.71
195	3451	17.70
196	3469	17.70
197	3485	17.69
198	3506	17.71
199	3518	17.68
200	3877	19.39
201	3471	17.27
202	3503	17.34
203	3586	17.67
204	3622	17.75
205	3635	17.73
206	3652	17.73
207	3669	17.72
208	3685	17.72
209	3709	17.75
210	3728	17.75
211	3748	17.76
212	3760	17.74
213	3773	17.71
214	3814	17.82
215	3806	17.70
216	3829	17.73
217	3849	17.74
218	3854	17.68
219	3882	17.73
220	3897	17.71
221	3916	17.72
222	3939	17.74
223	3957	17.74
224	5424	24.21
225	3984	17.71
226	4011	17.75
227	4017	17.70
228	4044	17.74
229	4061	17.73
230	4078	17.73
231	4089	17.70
232	4115	17.74
233	4118	17.67
234	4141	17.70
235	4170	17.74
236	4176	17.69
237	4201	17.73
238	4215	17.71
239	4222	17.67
240	4246	17.69
241	4262	17.68
242	4625	19.11
243	4294	17.67
244	4323	17.72
245	4340	17.71
246	4361	17.73
247	5353	21.67
248	5428	21.89
249	6428	25.82
250	6372	25.49
251	4899	19.52
252	5003	19.85
253	5342	21.11
254	5665	22.30
255	5608	21.99
256	6349	24.80
257	5943	23.12
258	6557	25.41
259	5101	19.69
260	4682	18.01
261	5152	19.74
262	4898	18.69
263	5153	19.59
264	5088	19.27
265	4986	18.82
266	4997	18.79
267	4969	18.61
268	4897	18.27
269	4711	17.51
270	4713	17.46
271	4709	17.38
272	4716	17.34
273	4722	17.30
274	4739	17.30
275	4772	17.35
276	5178	18.76
277	4787	17.28
278	4804	17.28
279	4828	17.30
280	4843	17.30
281	4874	17.35
282	4847	17.19
283	4883	17.25
284	4993	17.58
285	5391	18.92
286	5643	19.73
287	6348	22.12
288	6834	23.73
289	6927	23.97
290	6992	24.11
291	7176	24.66
292	7195	24.64
293	7134	24.35
294	9738	33.12
295	7488	25.38
296	6078	20.53
297	5310	17.88
298	5274	17.70
299	5304	17.74
300	5271	17.57
301	5205	17.29
302	5204	17.23
303	5228	17.25
304	5597	18.41
305	6084	19.95
306	5413	17.69
307	5444	17.73
308	5459	17.72
309	5493	17.78
310	5522	17.81
311	7374	23.71
312	10535	33.77
313	16220	51.82
314	14105	44.92
315	8839	28.06
316	9562	30.26
317	11546	36.42
318	9185	28.88
319	12002	37.62
320	10171	31.78
321	9773	30.45
322	7958	24.71
323	9234	28.59
324	9049	27.93
325	10349	31.84
326	7500	23.01
327	5639	17.24
328	5647	17.22
329	5670	17.23
330	5692	17.25
331	5693	17.20
332	5730	17.26
333	5740	17.24
334	5747	17.21
335	5779	17.25
336	5789	17.23
337	5809	17.24
338	5839	17.28
339	5848	17.25
340	5855	17.22
341	5874	17.23
342	5904	17.26
343	5904	17.21
344	5932	17.24
345	5954	17.26
346	8141	23.53
347	6841	19.71
348	7012	20.15
349	6210	17.79
350	6214	17.75
351	6208	17.69
352	6233	17.71
353	6235	17.66
354	6285	17.75
355	6289	17.72
356	6313	17.73
357	6892	19.31
358	6173	17.24
359	6703	18.67
360	6345	17.62
361	6406	17.75
362	6459	17.84
363	7733	21.30
364	6578	18.07
365	6902	18.91
366	11695	31.95
367	9195	25.05
368	6500	17.66
369	6519	17.67
370	6545	17.69
371	7549	20.35
372	6680	17.96
373	6429	17.24
374	6443	17.23
375	6442	17.18
376	6468	17.20
377	6494	17.23
378	6520	17.25
379	6537	17.25
380	6530	17.18
381	6571	17.25
382	6586	17.24
383	6604	17.24
384	6628	17.26
385	6638	17.24
386	6748	17.48
387	10093	26.08
388	9553	24.62
389	9574	24.61
390	9599	24.61
391	9633	24.64
392	9650	24.62
393	9683	24.64
394	9710	24.64
395	9726	24.62
396	9758	24.64
397	9770	24.61
398	11249	28.26
399	9813	24.59
400	8795	21.99
401	7105	17.72
402	7112	17.69
403	7146	17.73
404	7161	17.73
405	7184	17.74
406	7479	18.42
407	7438	18.28
408	8005	19.62
409	13137	32.12
410	9775	23.84
411	7309	17.78
412	7299	17.72
413	7307	17.69
414	7322	17.69
415	7344	17.70
416	7368	17.71
417	9181	22.02
418	7200	17.22
419	7211	17.21
420	7243	17.25
421	7253	17.23
422	7267	17.22
423	7298	17.25
424	7306	17.23
425	7315	17.21
426	7329	17.20
427	7361	17.24
428	7666	17.91
429	7575	17.66
430	7621	17.72
431	7628	17.70
432	7655	17.72
433	7661	17.69
434	7680	17.70
435	7700	17.70
436	7903	18.13
437	7896	18.07
438	9082	20.74
439	7796	17.76
440	7796	17.72
441	7799	17.68
442	7812	17.67
443	7891	17.81
444	7646	17.22
445	7692	17.29
446	7681	17.22
447	7712	17.25
448	7729	17.25
449	7826	17.43
450	7744	17.21
451	7770	17.23
452	8664	19.17
453	13503	29.81
454	9343	20.58
455	23992	52.73
456	17483	38.34
457	10252	22.43
458	9927	21.67
459	8132	17.72
460	8143	17.70
461	8170	17.72
462	8180	17.71
463	8248	17.81
464	8265	17.81
465	8366	17.99
466	8270	17.75
467	8267	17.70
468	8275	17.68
469	8306	17.71
470	8302	17.66
471	8344	17.72
472	8368	17.73
473	8352	17.66
474	8388	17.70
475	8412	17.71
476	8547	17.96
477	8442	17.70
478	8700	18.20
479	8473	17.69
480	8489	17.69
481	8504	17.68
482	8542	17.72
483	8536	17.67
484	8555	17.68
485	8592	17.72
486	8628	17.75
487	8631	17.72
488	8628	17.68
489	8672	17.73
490	8652	17.66
491	8687	17.69
492	8706	17.70
493	9367	19.00
494	8744	17.70
495	8751	17.68
496	8767	17.68
497	8782	17.67
498	8855	17.78
499	8852	17.74
500	9953	19.91
501	8857	17.68
502	8880	17.69
503	8891	17.68
504	8938	17.73
505	8938	17.70
506	8953	17.69
507	10086	19.89
508	14387	28.32
509	9701	19.06
510	9058	17.76
511	9063	17.74
512	9055	17.69
513	9088	17.72
514	9087	17.68
515	9109	17.69
516	9111	17.66
517	9148	17.69
518	11833	22.84
519	10249	19.75
520	9258	17.80
521	9211	17.68
522	9237	17.70
523	9271	17.73
524	9256	17.66
525	9282	17.68
526	10157	19.31
527	9212	17.48
528	10746	20.35
529	14632	27.66
530	20818	39.28
531	9150	17.23
532	9180	17.26
533	11157	20.93
534	9640	18.05
535	9452	17.67
536	9481	17.69
537	9498	17.69
538	9507	17.67
539	9533	17.69
540	9550	17.69
541	9940	18.37
542	9345	17.24
543	9365	17.25
544	9366	17.22
545	9382	17.21
546	9855	18.05
547	9671	17.68
548	9707	17.71
549	9689	17.65
550	9718	17.67
551	9749	17.69
552	9757	17.68
553	9772	17.67
554	9778	17.65
555	9801	17.66
556	9850	17.72
557	9846	17.68
558	9850	17.65
559	10063	18.00
560	9880	17.64
561	9916	17.68
562	9945	17.70
563	9953	17.68
564	9977	17.69
565	9985	17.67
566	11666	20.61
567	10049	17.72
568	11019	19.40
569	10387	18.25
570	13841	24.28
571	10130	17.74
572	10118	17.69
573	10132	17.68
574	10154	17.69
575	10159	17.67
576	10168	17.65
577	10199	17.68
578	10216	17.67
579	10231	17.67
580	10234	17.64
581	10266	17.67
582	10453	17.96
583	10284	17.64
584	10330	17.69
585	10337	17.67
586	10347	17.66
587	10379	17.68
588	10413	17.71
589	16351	27.76
590	26295	44.57
591	13657	23.11
592	10515	17.76
593	10496	17.70
594	10707	18.03
595	10238	17.21
596	10273	17.24
597	11175	18.72
598	10580	17.69
599	10592	17.68
600	10482	17.47
601	10357	17.23
602	10366	17.22
603	10577	17.54
604	10842	17.95
605	14937	24.69
606	14929	24.64
607	14966	24.66
608	14985	24.65
609	15013	24.65
610	15041	24.66
611	15065	24.66
612	15079	24.64
613	12499	20.39
614	12235	19.93
615	10663	17.34
616	10605	17.22
617	10620	17.21
618	11165	18.07
619	11105	17.94
620	10934	17.64
621	10979	17.68
622	10986	17.66
623	11009	17.67
624	11017	17.66
625	11014	17.62
626	11050	17.65
627	11064	17.65
628	11094	17.67
629	11117	17.67
630	11132	17.67
631	11137	17.65
632	11171	17.68
633	11181	17.66
634	11192	17.65
635	11716	18.45
636	11238	17.67
637	11270	17.69
638	11272	17.67
639	11286	17.66
640	11301	17.66
641	12085	18.85
642	12901	20.10
643	13477	20.96
644	11849	18.40
645	12339	19.13
646	11117	17.21
647	11401	17.62
648	11343	17.50
649	11178	17.22
650	11286	17.36
651	11200	17.20
652	11235	17.23
653	11238	17.21
654	12498	19.11
655	14034	21.43
656	12754	19.44
657	11606	17.67
658	11640	17.69
659	13038	19.78
660	11674	17.69
661	11679	17.67
662	11700	17.67
663	11717	17.67
664	13316	20.05
665	31902	47.97
666	15037	22.58
667	16478	24.70
668	16283	24.38
669	12586	18.81
670	11830	17.66
671	11859	17.67
672	11868	17.66
673	11661	17.33
674	11591	17.20
675	11612	17.20
676	11648	17.23
677	11647	17.20
678	11657	17.19
679	11682	17.20
680	13128	19.31
681	11889	17.46
682	11726	17.19
683	12471	18.26
684	16901	24.71
685	12773	18.65
686	12153	17.72
687	12140	17.67
688	12158	17.67
689	12172	17.67
690	12203	17.69
691	12203	17.66
692	12253	17.71
693	12264	17.70
694	12259	17.66
695	12291	17.68
696	12305	17.68
697	12326	17.68
698	12564	18.00
699	12364	17.69
700	12434	17.76
701	13414	19.14
702	12312	17.54
703	12358	17.58
704	12346	17.54
705	12144	17.23
706	12152	17.21
707	12177	17.22
708	12177	17.20
709	12219	17.23
710	12222	17.21
711	12230	17.20
712	12258	17.22
713	12620	17.70
714	14089	19.73
715	12649	17.69
716	12661	17.68
717	12672	17.67
718	12703	17.69
719	12817	17.83
720	12713	17.66
721	12765	17.70
722	12794	17.72
723	12799	17.70
724	12818	17.70
725	12835	17.70
726	12983	17.88
727	12851	17.68
728	12857	17.66
729	12907	17.71
730	12916	17.69
731	12913	17.66
732	12941	17.68
733	12967	17.69
734	12969	17.67
735	13012	17.70
736	13036	17.71
737	13031	17.68
738	13050	17.68
739	13083	17.70
740	14851	20.07
741	14396	19.43
742	13136	17.70
743	13468	18.13
744	13234	17.79
745	13855	18.60
746	18599	24.93
747	14539	19.46
748	13233	17.69
749	13239	17.68
750	13265	17.69
751	13489	17.96
752	13289	17.67
753	13346	17.72
754	24774	32.86
755	24455	32.39
756	15525	20.54
757	13379	17.67
758	13409	17.69
759	13427	17.69
760	13661	17.98
761	18752	24.64
762	13503	17.72
763	13487	17.68
764	13516	17.69
765	14451	18.89
766	13555	17.70
767	13536	17.65
768	13579	17.68
769	13605	17.69
770	13634	17.71
771	15090	19.57
772	13258	17.17
773	13329	17.24
774	14780	19.10
775	15000	19.35
776	15215	19.61
777	13812	17.78
778	15111	19.42
779	14666	18.83
780	19372	24.84
781	19266	24.67
782	19409	24.82
783	19332	24.69
784	19338	24.67
785	19368	24.67
786	19401	24.68
787	19424	24.68
788	19436	24.66
789	19464	24.67
790	19364	24.51
791	14636	18.50
792	17939	22.65
793	14778	18.64
794	14098	17.76
795	14045	17.67
796	14070	17.68
797	15923	19.98
798	13734	17.21
799	13745	17.20
800	16973	21.22
801	14146	17.66
802	14714	18.35
803	13820	17.21
804	13848	17.22
805	13848	17.20
806	13884	17.23
807	13904	17.23
808	13915	17.22
809	13934	17.22
810	13952	17.22
811	15554	19.18
812	16645	20.50
813	14272	17.55
814	14687	18.04
815	14805	18.17
816	14786	18.12
817	14447	17.68
818	14477	17.70
819	14486	17.69
820	14504	17.69
821	14595	17.78
822	14542	17.69
823	14557	17.69
824	16009	19.43
825	14589	17.68
826	14604	17.68
827	14633	17.69
828	18072	21.83
829	14668	17.69
830	16011	19.29
831	15585	18.75
832	16031	19.27
833	15168	18.21
834	14776	17.72
835	14928	17.88
836	14787	17.69
837	14986	17.90
838	15488	18.48
839	17271	20.59
840	15796	18.80
841	14855	17.66
842	15774	18.73
843	14901	17.68
844	15046	17.83
845	14654	17.34
846	14567	17.22
847	14569	17.20
848	15447	18.22
849	35785	42.15
850	18566	21.84
851	14650	17.22
852	14660	17.21
853	14701	17.23
854	14691	17.20
855	14706	17.20
856	14720	17.20
857	14762	17.23
858	14877	17.34
859	14790	17.22
860	15647	18.19
861	17391	20.20
862	15304	17.75
863	15284	17.71
864	15275	17.68
865	15697	18.15
866	15317	17.69
867	15328	17.68
868	18549	21.37
869	15378	17.70
870	15381	17.68
871	15389	17.67
872	15413	17.68
873	15425	17.67
874	16212	18.55
875	15476	17.69
876	15470	17.66
877	16307	18.59
878	16894	19.24
879	15146	17.23
880	15148	17.21
881	15184	17.23
882	15195	17.23
883	15205	17.22
884	18833	21.30
885	20929	23.65
886	17276	19.50
887	15688	17.69
888	15671	17.65
889	15898	17.88
890	15718	17.66
891	16282	18.27
892	15778	17.69
893	15802	17.70
894	16003	17.90
895	15831	17.69
896	15912	17.76
897	15860	17.68
898	15885	17.69
899	15904	17.69
900	16097	17.89
901	15785	17.52
902	15532	17.22
903	15566	17.24
904	15549	17.20
905	15565	17.20
906	15610	17.23
907	19680	21.70
908	17444	19.21
909	16079	17.69
910	16104	17.70
911	16158	17.74
912	16142	17.70
913	16140	17.68
914	16161	17.68
915	17277	18.88
916	16418	17.92
917	15816	17.25
918	16997	18.52
919	17130	18.64
920	17364	18.87
921	15849	17.21
922	15869	17.21
923	15889	17.21
924	15909	17.22
925	16414	17.74
926	15950	17.22
927	16674	17.99
928	16089	17.34
929	16186	17.42
930	17678	19.01
931	16060	17.25
932	16048	17.22
933	16095	17.25
934	16100	17.24
935	17236	18.43
936	22223	23.74
937	16503	17.61
938	16129	17.20
939	16189	17.24
940	16181	17.21
941	16216	17.23
942	16223	17.22
943	16241	17.22
944	16268	17.23
945	16272	17.22
946	19280	20.38
947	16987	17.94
948	16756	17.68
949	16789	17.69
950	17692	18.62
951	30961	32.56
952	25975	27.28
953	18036	18.93
954	16411	17.20
955	17279	18.09
956	16904	17.68
957	16933	17.69
958	16936	17.68
959	16966	17.69
960	16968	17.68
961	17004	17.69
962	17013	17.69
963	17019	17.67
964	17701	18.36
965	17095	17.72
966	17088	17.69
967	18373	19.00
968	21298	22.00
969	16738	17.27
970	16716	17.23
971	16703	17.20
972	16724	17.21
973	16763	17.23
974	16761	17.21
975	17383	17.83
976	17218	17.64
977	17400	17.81
978	17282	17.67
979	17304	17.68
980	17634	17.99
981	18095	18.45
982	17371	17.69
983	23628	24.04
984	23658	24.04
985	18577	18.86
986	17419	17.67
987	17430	17.66
988	17486	17.70
989	17475	17.67
990	17518	17.69
991	17515	17.67
992	17541	17.68
993	17545	17.67
994	17598	17.70
995	22076	22.19
996	18373	18.45
997	18998	19.06
998	17636	17.67
999	19137	19.16
1000	18444	18.44
1001	17324	17.31
1002	17212	17.18
1003	18188	18.13
1004	17743	17.67
1005	17795	17.71
1006	17820	17.71
1007	17813	17.69
1008	17843	17.70
1009	19308	19.14
1010	17856	17.68
1011	17886	17.69
1012	17900	17.69
1013	18996	18.75
1014	17970	17.72
1015	17967	17.70
1016	17961	17.68
1017	17994	17.69
1018	18009	17.69
1019	18017	17.68
1020	18016	17.66
1021	18056	17.68
1022	19235	18.82
1023	20086	19.63
1024	18093	17.67
1025	18227	17.78
1026	18235	17.77
1027	18168	17.69
1028	19086	18.57
1029	19723	19.17
1030	17752	17.23
1031	19349	18.77
1032	22327	21.63
1033	18505	17.91
1034	18286	17.68
1035	18318	17.70
1036	18651	18.00
1037	18358	17.70
1038	18381	17.71
1039	18738	18.03
1040	18360	17.65
1041	19856	19.07
1042	18759	18.00
1043	18484	17.72
1044	39081	37.43
1045	29302	28.04
1046	18500	17.69
1047	18527	17.70
1048	18512	17.66
1049	19115	18.22
1050	18106	17.24
1051	21132	20.11
1052	18790	17.86
1053	18637	17.70
1054	18658	17.70
1055	19864	18.83
1056	18743	17.75
1057	18697	17.69
1058	18725	17.70
1059	19284	18.21
1060	19625	18.51
1061	18736	17.66
1062	18787	17.69
1063	18769	17.66
1064	18801	17.67
1065	18824	17.68
1066	18852	17.68
1067	18844	17.66
1068	18891	17.69
1069	18887	17.67
1070	18916	17.68
1071	19670	18.37
1072	18961	17.69
1073	19126	17.82
1074	18967	17.66
1075	21305	19.82
1076	18573	17.26
1077	18641	17.31
1078	18550	17.21
1079	19495	18.07
1080	19081	17.67
1081	19157	17.72
1082	19128	17.68
1083	19153	17.69
1084	19189	17.70
1085	19178	17.68
1086	20704	19.06
1087	23404	21.53
1088	20275	18.64
1089	18725	17.19
1090	21557	19.78
1091	19453	17.83
1092	19308	17.68
1093	19336	17.69
1094	19339	17.68
1095	19353	17.67
1096	19371	17.67
1097	19417	17.70
1098	19419	17.69
1099	19440	17.69
1100	24153	21.96
1101	19553	17.76
1102	19466	17.66
1103	19842	17.99
1104	18993	17.20
1105	19018	17.21
1106	19066	17.24
1107	20308	18.35
1108	19685	17.77
1109	19608	17.68
1110	19644	17.70
1111	19623	17.66
1112	19662	17.68
1113	19702	17.70
1114	19192	17.23
1115	21072	18.90
1116	20665	18.52
1117	19254	17.24
1118	19218	17.19
1119	19300	17.25
1120	19253	17.19
1121	19292	17.21
1122	19748	17.60
1123	19835	17.66
1124	19885	17.69
1125	20072	17.84
1126	21460	19.06
1127	21311	18.91
1128	24179	21.44
1129	23959	21.22
1130	21513	19.04
1131	24915	22.03
1132	27927	24.67
1133	27971	24.69
1134	27980	24.67
1135	26266	23.14
1136	20076	17.67
1137	21533	18.94
1138	20144	17.70
1139	20129	17.67
1140	21351	18.73
1141	44801	39.26
1142	28420	24.89
1143	23496	20.56
1144	19732	17.25
1145	20409	17.82
1146	20288	17.70
1147	20881	18.20
1148	21936	19.11
1149	20346	17.71
1150	20350	17.70
1151	20369	17.70
1152	20388	17.70
1153	20857	18.09
1154	22145	19.19
1155	20319	17.59
1156	20317	17.58
1157	21301	18.41
1158	22209	19.18
1159	20517	17.70
1160	20499	17.67
1161	20550	17.70
1162	20566	17.70
1163	20585	17.70
1164	20603	17.70
1165	22052	18.93
1166	20916	17.94
1167	20599	17.65
1168	20638	17.67
1169	20957	17.93
1170	20653	17.65
1171	21697	18.53
1172	22932	19.57
1173	20751	17.69
1174	20767	17.69
1175	20776	17.68
1176	20817	17.70
1177	21441	18.22
1178	20864	17.71
1179	20878	17.71
1180	22311	18.91
1181	25321	21.44
1182	21993	18.61
1183	20935	17.70
1184	26854	22.68
1185	29266	24.70
1186	29301	24.71
1187	21813	18.38
1188	21095	17.76
1189	21022	17.68
1190	21060	17.70
1191	21073	17.69
1192	21197	17.78
1193	21100	17.69
1194	21118	17.69
1195	21138	17.69
1196	23290	19.47
1197	22111	18.47
1198	21164	17.67
1199	22507	18.77
1200	24985	20.82
1201	21213	17.66
1202	21219	17.65
1203	21245	17.66
1204	21270	17.67
1205	22454	18.63
1206	34447	28.56
1207	22216	18.41
1208	20787	17.21
1209	29191	24.14
1210	29858	24.68
1211	25030	20.67
1212	21623	17.84
1213	21464	17.69
1214	21461	17.68
1215	21486	17.68
1216	21638	17.79
1217	24851	20.42
1218	30045	24.67
1219	30057	24.66
1220	30092	24.67
1221	25344	20.76
1222	21608	17.68
1223	25748	21.05
1224	21668	17.70
1225	22568	18.42
1226	25397	20.72
1227	21743	17.72
1228	21712	17.68
1229	23527	19.14
1230	45327	36.85
1231	22987	18.67
1232	21859	17.74
1233	21822	17.70
1234	21791	17.66
1235	21847	17.69
1236	21841	17.67
1237	21860	17.67
1238	23437	18.93
1239	23706	19.13
1240	21841	17.61
1241	25754	20.75
1242	24265	19.54
1243	22656	18.23
1244	21455	17.25
1245	21854	17.55
1246	22008	17.66
1247	22039	17.67
1248	22225	17.81
1249	22068	17.67
1250	22051	17.64
1251	22082	17.65
1252	22115	17.66
1253	22360	17.85
1254	22183	17.69
1255	23093	18.40
1256	21674	17.26
1257	21691	17.26
1258	21653	17.21
1259	22876	18.17
1260	21711	17.23
1261	24404	19.35
1262	25777	20.43
1263	22366	17.71
1264	22371	17.70
1265	22499	17.79
1266	25191	19.90
1267	27241	21.50
1268	21823	17.21
1269	24250	19.11
1270	31466	24.78
1271	31394	24.70
1272	31414	24.70
1273	31430	24.69
1274	26002	20.41
1275	22562	17.70
1276	22561	17.68
1277	22608	17.70
1278	22616	17.70
1279	22619	17.68
1280	22843	17.85
1281	22661	17.69
1282	24251	18.92
1283	29240	22.79
1284	22762	17.73
1285	22742	17.70
1286	22747	17.69
1287	22778	17.70
1288	23173	17.99
1289	23302	18.08
1290	24894	19.30
1291	22286	17.26
1292	22264	17.23
1293	22273	17.23
1294	22311	17.24
1295	23719	18.32
1296	22917	17.68
1297	22939	17.69
1298	22963	17.69
1299	22976	17.69
1300	23263	17.89
1301	23020	17.69
1302	23664	18.18
1303	22938	17.60
1304	22475	17.24
1305	22508	17.25
1306	26116	20.00
1307	23880	18.27
1308	22535	17.23
1309	22771	17.40
1310	23149	17.67
1311	23191	17.69
1312	23202	17.68
1313	23857	18.17
1314	23239	17.69
1315	23283	17.71
1316	23268	17.68
1317	25361	19.26
1318	22718	17.24
1319	25753	19.52
1320	32584	24.68
1321	32647	24.71
1322	32642	24.69
1323	26014	19.66
1324	29855	22.55
1325	23558	17.78
1326	22851	17.23
1327	23688	17.85
1328	22905	17.25
1329	22897	17.23
1330	28546	21.46
1331	32858	24.69
1332	32898	24.70
1333	32914	24.69
1334	32945	24.70
1335	27002	20.23
1336	47577	35.61
1337	24063	18.00
1338	23659	17.68
1339	23694	17.70
1340	23720	17.70
1341	23731	17.70
1342	23727	17.68
1343	25302	18.84
1344	23771	17.69
1345	26694	19.85
1346	24188	17.97
1347	23824	17.69
1348	24474	18.16
1349	23597	17.49
1350	23995	17.77
1351	23927	17.71
1352	24695	18.27
1353	23930	17.69
1354	23968	17.70
1355	23973	17.69
1356	24625	18.16
1357	23369	17.22
1358	23372	17.21
1359	25219	18.56
1360	23438	17.23
1361	23442	17.22
1362	23460	17.22
1363	24597	18.05
1364	23480	17.21
1365	23480	17.20
1366	24170	17.69
1367	24164	17.68
1368	24168	17.67
1369	24193	17.67
1370	24183	17.65
1371	24223	17.67
1372	24935	18.17
1373	24261	17.67
1374	24296	17.68
1375	24348	17.71
1376	24386	17.72
1377	24321	17.66
1378	24323	17.65
1379	24365	17.67
1380	24637	17.85
1381	24406	17.67
1382	25201	18.24
1383	25698	18.58
1384	25532	18.45
1385	24476	17.67
1386	24512	17.69
1387	24544	17.70
1388	24545	17.68
1389	24549	17.67
1390	24612	17.71
1391	32204	23.15
1392	32609	23.43
1393	26440	18.98
1394	24650	17.68
1395	24916	17.86
1396	24715	17.70
1397	28835	20.64
1398	34518	24.69
1399	34526	24.68
1400	25767	18.41
1401	24366	17.39
1402	24152	17.23
1403	24272	17.30
1404	26282	18.72
1405	28925	20.59
1406	24900	17.71
1407	24892	17.69
1408	24913	17.69
1409	25873	18.36
1410	25536	18.11
1411	24942	17.68
1412	27293	19.33
1413	26257	18.58
1414	24370	17.23
1415	24595	17.38
1416	25683	18.14
1417	25043	17.67
1418	25176	17.75
1419	25065	17.66
1420	25091	17.67
1421	25132	17.69
1422	25817	18.16
1423	32515	22.85
1424	24483	17.19
1425	24586	17.25
1426	24586	17.24
1427	24603	17.24
1428	24600	17.23
1429	26302	18.41
1430	26746	18.70
1431	25323	17.70
1432	25364	17.71
1433	34158	23.84
1434	40841	28.48
1435	25848	18.01
1436	28867	20.10
1437	35468	24.68
1438	35470	24.67
1439	35498	24.67
1440	30451	21.15
1441	26264	18.23
1442	25541	17.71
1443	25523	17.69
1444	25735	17.82
1445	25550	17.68
1446	25586	17.69
1447	28093	19.41
1448	25024	17.28
1449	24942	17.21
1450	24974	17.22
1451	24998	17.23
1452	24989	17.21
1453	25014	17.22
1454	30464	20.95
1455	25732	17.69
1456	25751	17.69
1457	25758	17.68
1458	30777	21.11
1459	36041	24.70
1460	34248	23.46
1461	25693	17.59
1462	25198	17.24
1463	29767	20.35
1464	35105	23.98
1465	36192	24.70
1466	32838	22.40
1467	25313	17.25
1468	25291	17.23
1469	25311	17.23
1470	26046	17.72
1471	27474	18.68
1472	26029	17.68
1473	26037	17.68
1474	26063	17.68
1475	26095	17.69
1476	27471	18.61
1477	25485	17.25
1478	28805	19.49
1479	27718	18.74
1480	27144	18.34
1481	26663	18.00
1482	26357	17.78
1483	26768	18.05
1484	28679	19.33
1485	26453	17.81
1486	26264	17.67
1487	27267	18.34
1488	25989	17.47
1489	25960	17.43
1490	26336	17.68
1491	26384	17.70
1492	28157	18.87
1493	26409	17.69
1494	26426	17.69
1495	26410	17.67
1496	26591	17.77
1497	25965	17.34
1498	25961	17.33
1499	25794	17.21
1500	36729	24.49
1501	37086	24.71
1502	37132	24.72
1503	37075	24.67
1504	37384	24.86
1505	37112	24.66
1506	37155	24.67
1507	31727	21.05
1508	26715	17.72
1509	26795	17.76
1510	26724	17.70
1511	26810	17.74
1512	26768	17.70
1513	30545	20.19
1514	27259	18.00
1515	26764	17.67
1516	26775	17.66
1517	26835	17.69
1518	26831	17.68
1519	27209	17.91
1520	29767	19.58
1521	26926	17.70
1522	27718	18.21
1523	26938	17.69
1524	42162	27.67
1525	41068	26.93
1526	37697	24.70
1527	37715	24.70
1528	37738	24.70
1529	37772	24.70
1530	37726	24.66
1531	27772	18.14
1532	28470	18.58
1533	31893	20.80
1534	27224	17.75
1535	26433	17.22
1536	27103	17.65
1537	27339	17.79
1538	27254	17.72
1539	27401	17.80
1540	27269	17.71
1541	27244	17.68
1542	28029	18.18
1543	27290	17.69
1544	27967	18.11
1545	26561	17.19
1546	26654	17.24
1547	26625	17.21
1548	26660	17.22
1549	32209	20.79
1550	27451	17.71
1551	27435	17.69
1552	28154	18.14
1553	28813	18.55
1554	27045	17.40
1555	26830	17.25
1556	27151	17.45
1557	26843	17.24
1558	26871	17.25
1559	29202	18.73
1560	27543	17.66
1561	27706	17.75
1562	27954	17.90
1563	28732	18.38
1564	27748	17.74
1565	27648	17.67
1566	27871	17.80
1567	27021	17.24
1568	27289	17.40
1569	27047	17.24
1570	28317	18.04
1571	27819	17.71
1572	27845	17.71
1573	28081	17.85
1574	27858	17.70
1575	27897	17.71
1576	27903	17.70
1577	37320	23.67
1578	27912	17.69
1579	27957	17.71
1580	28878	18.28
1581	27972	17.69
1582	29710	18.78
1583	28057	17.72
1584	30707	19.39
1585	28873	18.22
1586	28029	17.67
1587	28076	17.69
1588	28060	17.67
1589	28192	17.74
1590	28218	17.75
1591	29725	18.68
1592	33404	20.98
1593	39366	24.71
1594	39369	24.70
1595	37627	23.59
1596	28254	17.70
1597	31895	19.97
1598	28613	17.91
1599	28554	17.86
1600	30648	19.16
1601	29402	18.36
1602	28745	17.94
1603	28331	17.67
1604	28341	17.67
1605	28393	17.69
1606	29833	18.58
1607	28423	17.69
1608	28425	17.68
1609	28447	17.68
1610	28480	17.69
1611	29977	18.61
1612	30302	18.80
1613	28533	17.69
1614	28557	17.69
1615	28602	17.71
1616	29221	18.08
1617	39931	24.69
1618	38170	23.59
1619	33174	20.49
1620	31269	19.30
1621	27912	17.22
1622	29766	18.35
1623	28705	17.69
1624	28718	17.68
1625	28725	17.68
1626	28746	17.68
1627	31793	19.54
1628	41676	25.60
1629	40226	24.69
1630	28852	17.70
1631	28862	17.70
1632	28936	17.73
1633	28386	17.38
1634	28225	17.27
1635	29639	18.13
1636	28164	17.22
1637	28206	17.23
1638	32092	19.59
1639	49485	30.19
1640	44652	27.23
1641	41806	25.48
1642	40144	24.45
1643	33748	20.54
1644	34138	20.77
1645	33811	20.55
1646	32956	20.02
1647	29136	17.69
1648	36453	22.12
1649	39445	23.92
1650	29740	18.02
1651	29538	17.89
1652	28632	17.33
1653	33868	20.49
1654	35506	21.47
1655	29325	17.72
1656	29496	17.81
1657	29360	17.72
1658	29339	17.70
1659	29427	17.74
1660	30242	18.22
1661	29436	17.72
1662	29414	17.70
1663	31347	18.85
1664	30399	18.27
1665	29502	17.72
1666	29481	17.70
1667	29482	17.69
1668	29506	17.69
1669	29547	17.70
1670	29632	17.74
1671	32014	19.16
1672	35107	21.00
1673	29610	17.70
1674	29956	17.89
1675	29740	17.76
1676	29616	17.67
1677	31112	18.55
1678	29629	17.66
1679	29704	17.69
1680	30736	18.30
1681	28925	17.21
1682	29287	17.41
1683	29713	17.65
1684	29797	17.69
1685	30051	17.83
1686	29825	17.69
1687	29862	17.70
1688	29810	17.66
1689	30595	18.11
1690	29127	17.23
1691	29129	17.23
1692	29646	17.52
1693	29215	17.26
1694	30376	17.93
1695	29989	17.69
1696	32198	18.98
1697	30043	17.70
1698	32450	19.11
1699	39173	23.06
1700	41406	24.36
1701	42025	24.71
1702	42053	24.71
1703	42050	24.69
1704	42108	24.71
1705	42194	24.75
1706	30894	18.11
1707	30494	17.86
1708	30237	17.70
1709	30248	17.70
1710	30400	17.78
1711	31721	18.54
1712	39998	23.36
1713	42252	24.67
1714	42282	24.67
1715	34318	20.01
1716	30843	17.97
1717	33811	19.69
1718	30389	17.69
1719	30384	17.68
1720	30390	17.67
1721	30381	17.65
1722	30443	17.68
1723	30477	17.69
1724	67533	39.17
1725	31609	18.32
1726	38229	22.15
1727	30592	17.71
1728	30876	17.87
1729	30564	17.68
1730	30610	17.69
1731	31045	17.93
1732	33767	19.50
1733	30763	17.75
1734	30709	17.71
1735	30684	17.69
1736	30846	17.77
1737	31151	17.93
1738	30678	17.65
1739	30749	17.68
1740	30724	17.66
1741	30760	17.67
1742	31387	18.02
1743	30144	17.29
1744	34078	19.54
1745	30859	17.68
1746	30927	17.71
1747	30975	17.73
1748	33866	19.37
1749	30880	17.66
1750	30942	17.68
1751	30945	17.67
1752	32706	18.67
1753	33784	19.27
1754	33752	19.24
1755	31018	17.67
1756	31059	17.69
1757	38348	21.83
1758	49558	28.19
1759	41987	23.87
1760	30285	17.21
1761	30655	17.41
1762	31109	17.66
1763	31296	17.75
1764	36439	20.66
1765	43890	24.87
1766	31704	17.95
1767	31316	17.72
1768	34968	19.78
1769	45910	25.95
1770	45936	25.95
1771	34371	19.41
1772	31447	17.75
1773	38239	21.57
1774	33896	19.11
1775	32316	18.21
1776	31415	17.69
1777	31502	17.73
1778	31577	17.76
1779	31623	17.78
1780	32206	18.09
1781	31871	17.90
1782	31940	17.92
1783	31597	17.72
1784	31678	17.76
1785	32118	17.99
1786	30849	17.27
1787	35814	20.04
1788	46481	26.00
1789	46595	26.05
1790	46121	25.77
1791	46581	26.01
1792	46780	26.10
1793	38451	21.45
1794	32093	17.89
1795	32347	18.02
1796	31853	17.74
1797	41316	22.99
1798	33381	18.57
1799	31988	17.78
1800	43605	24.23
1801	31285	17.37
1802	31162	17.29
1803	31980	17.74
1804	33153	18.38
1805	34336	19.02
1806	46255	25.61
1807	47034	26.03
1808	47023	26.01
1809	47071	26.02
1810	47159	26.05
1811	47193	26.06
1812	46308	25.56
1813	34102	18.81
1814	31333	17.27
1815	39205	21.60
1816	32214	17.74
1817	31389	17.28
1818	31427	17.29
1819	35769	19.66
1820	50760	27.89
1821	47254	25.95
1822	47418	26.03
1823	43854	24.06
1824	31523	17.28
1825	32193	17.64
1826	32366	17.73
1827	34790	19.04
1828	46697	25.55
1829	47752	26.11
1830	47912	26.18
1831	45986	25.12
1832	32440	17.71
1833	36093	19.69
1834	40410	22.03
1835	32459	17.69
1836	32487	17.69
1837	32675	17.79
1838	32545	17.71
1839	33995	18.49
1840	31691	17.22
1841	31748	17.24
1842	31788	17.26
1843	31791	17.25
1844	37006	20.07
1845	32687	17.72
1846	32673	17.70
1847	32706	17.71
1848	32728	17.71
1849	32526	17.59
1850	31883	17.23
1851	45018	24.32
1852	47376	25.58
1853	42248	22.80
1854	41080	22.16
1855	38125	20.55
1856	38060	20.51
1857	36050	19.41
1858	32902	17.71
1859	33172	17.84
1860	33029	17.76
1861	32071	17.23
1862	32085	17.23
1863	32081	17.22
1864	32409	17.39
1865	32394	17.37
1866	32996	17.68
1867	33024	17.69
1868	37062	19.84
1869	32204	17.23
1870	32825	17.55
1871	33127	17.71
1872	33117	17.69
1873	37319	19.92
1874	34361	18.34
1875	33109	17.66
1876	33164	17.68
1877	32659	17.40
1878	32323	17.21
1879	32591	17.34
1880	32732	17.41
1881	32397	17.22
1882	33588	17.85
1883	35252	18.72
1884	33279	17.66
1885	33301	17.67
1886	33344	17.68
1887	33505	17.76
1888	34646	18.35
1889	34414	18.22
1890	35755	18.92
1891	33499	17.71
1892	33503	17.71
1893	33484	17.69
1894	33502	17.69
1895	35068	18.51
1896	34316	18.10
1897	33532	17.68
1898	32694	17.23
1899	32707	17.22
1900	33576	17.67
1901	33630	17.69
1902	33592	17.66
1903	33678	17.70
1904	33930	17.82
1905	35368	18.57
1906	32847	17.23
1907	32831	17.22
1908	32862	17.22
1909	32986	17.28
1910	33706	17.65
1911	33786	17.68
1912	37211	19.46
1913	35125	18.36
1914	33758	17.64
1915	34225	17.87
1916	41967	21.90
1917	33899	17.68
1918	33888	17.67
1919	33921	17.68
1920	33917	17.67
1921	43295	22.54
1922	52017	27.06
1923	34811	18.10
1924	35139	18.26
1925	34079	17.70
1926	37004	19.21
1927	33670	17.47
1928	33946	17.61
1929	37427	19.40
1930	35476	18.38
1931	34262	17.74
1932	34157	17.68
1933	34229	17.71
1934	34223	17.70
1935	34338	17.75
1936	36955	19.09
1937	34254	17.68
1938	34327	17.71
1939	34761	17.93
1940	33378	17.21
1941	34175	17.61
1942	34600	17.82
1943	33573	17.28
1944	34611	17.80
1945	34402	17.69
1946	34453	17.70
1947	34452	17.69
1948	34787	17.86
1949	34618	17.76
1950	34603	17.75
1951	34502	17.68
1952	34558	17.70
1953	38088	19.50
1954	34799	17.81
1955	34565	17.68
1956	34615	17.70
1957	34740	17.75
1958	34648	17.70
1959	34672	17.70
1960	48387	24.69
1961	34898	17.80
1962	34673	17.67
1963	40075	20.42
1964	34706	17.67
1965	34728	17.67
1966	34783	17.69
1967	38663	19.66
1968	34816	17.69
1969	34855	17.70
1970	34875	17.70
1971	35404	17.96
1972	34986	17.74
1973	34878	17.68
1974	34927	17.69
1975	43227	21.89
1976	35544	17.99
1977	35009	17.71
1978	34973	17.68
1979	35016	17.69
1980	38797	19.59
1981	39705	20.04
1982	35524	17.92
1983	36978	18.65
1984	35089	17.69
1985	35188	17.73
1986	35141	17.69
1987	35142	17.69
1988	35241	17.73
1989	36787	18.50
1990	35163	17.67
1991	38756	19.47
1992	35266	17.70
1993	35368	17.75
1994	34980	17.54
1995	37031	18.56
1996	49257	24.68
1997	49277	24.68
1998	46874	23.46
1999	60428	30.23
2000	71460	35.73
2001	49301	24.64
2002	41031	20.50
2003	41257	20.60
2004	43571	21.74
2005	35383	17.65
2006	41001	20.44
2007	35516	17.70
2008	35574	17.72
2009	35900	17.87
2010	36759	18.29
2011	38168	18.98
2012	35661	17.72
2013	35584	17.68
2014	38222	18.98
2015	38355	19.03
2016	35638	17.68
2017	35993	17.84
2018	66667	33.04
2019	37020	18.34
2020	36487	18.06
2021	35746	17.69
2022	36977	18.29
2023	36257	17.92
2024	35911	17.74
2025	39561	19.54
2026	38843	19.17
2027	36951	18.23
2028	36025	17.76
2029	38648	19.05
2030	35846	17.66
2031	37050	18.24
2032	35992	17.71
2033	35996	17.71
2034	36377	17.88
2035	36263	17.82
2036	35988	17.68
2037	36111	17.73
2038	36064	17.70
2039	36073	17.69
2040	36234	17.76
2041	42490	20.82
2042	36059	17.66
2043	36110	17.67
2044	36523	17.87
2045	36706	17.95
2046	43661	21.34
2047	42423	20.72
2048	36842	17.99
2049	35323	17.24
2050	36731	17.92
2051	37120	18.10
2052	37719	18.38
2053	36479	17.77
2054	36309	17.68
2055	36340	17.68
2056	36449	17.73
2057	36463	17.73
2058	39573	19.23
2059	36430	17.69
2060	36785	17.86
2061	38657	18.76
2062	36562	17.73
2063	36383	17.64
2064	36709	17.79
2065	36517	17.68
2066	38168	18.47
2067	36618	17.72
2068	36559	17.68
2069	36591	17.69
2070	36619	17.69
2071	36676	17.71
2072	46499	22.44
2073	36607	17.66
2074	36669	17.68
2075	38562	18.58
2076	39964	19.25
2077	35867	17.27
2078	37636	18.11
2079	36745	17.67
2080	36741	17.66
2081	36763	17.67
2082	36778	17.66
2083	36782	17.66
2084	36679	17.60
2085	35995	17.26
2086	36276	17.39
2087	35923	17.21
2088	36275	17.37
2089	36939	17.68
2090	36920	17.67
2091	36936	17.66
2092	39186	18.73
2093	36453	17.42
2094	45296	21.63
2095	51743	24.70
2096	44333	21.15
2097	36781	17.54
2098	39660	18.90
2099	37140	17.69
2100	37714	17.96
2101	37479	17.84
2102	37161	17.68
2103	37181	17.68
2104	37234	17.70
2105	41626	19.77
2106	36391	17.28
2107	36326	17.24
2108	36752	17.43
2109	37624	17.84
2110	37614	17.83
2111	39671	18.79
2112	40683	19.26
2113	48640	23.02
2114	52295	24.74
2115	42703	20.19
2116	37404	17.68
2117	37463	17.70
2118	53455	25.24
2119	43714	20.63
2120	37451	17.67
2121	37481	17.67
2122	37984	17.90
2123	39531	18.62
2124	37538	17.67
2125	37567	17.68
2126	37505	17.64
2127	38802	18.24
2128	37631	17.68
2129	37525	17.63
2130	36742	17.25
2131	36750	17.25
2132	37573	17.62
2133	37743	17.69
2134	37743	17.69
2135	42496	19.90
2136	37771	17.68
2137	54771	25.63
2138	52823	24.71
2139	51191	23.93
2140	38675	18.07
2141	37928	17.72
2142	37904	17.70
2143	37964	17.72
2144	37946	17.70
2145	38054	17.74
2146	37940	17.68
2147	38738	18.04
2148	44912	20.91
2149	37361	17.39
2150	37777	17.57
2151	39597	18.41
2152	38080	17.70
2153	39653	18.42
2154	41279	19.16
2155	38125	17.69
2156	38120	17.68
2157	38153	17.69
2158	38877	18.02
2159	38193	17.69
2160	41499	19.21
2161	38264	17.71
2162	38511	17.81
2163	38310	17.71
2164	39701	18.35
2165	38326	17.70
2166	38621	17.83
2167	40154	18.53
2168	38953	17.97
2169	38637	17.81
2170	38390	17.69
2171	38438	17.71
2172	38418	17.69
2173	39351	18.11
2174	38464	17.69
2175	38473	17.69
2176	39451	18.13
2177	38924	17.88
2178	38531	17.69
2179	43581	20.00
2180	39649	18.19
2181	38966	17.87
2182	39535	18.12
2183	38625	17.69
2184	38976	17.85
2185	41380	18.94
2186	39409	18.03
2187	38690	17.69
2188	38725	17.70
2189	39634	18.11
2190	42139	19.24
2191	38730	17.68
2192	38734	17.67
2193	39799	18.15
2194	39918	18.19
2195	38929	17.74
2196	39642	18.05
2197	40900	18.62
2198	39032	17.76
2199	38925	17.70
2200	38756	17.62
2201	38620	17.55
2202	38973	17.70
2203	48153	21.86
2204	54288	24.63
2205	54543	24.74
2206	42750	19.38
2207	40588	18.39
2208	39050	17.69
2209	45943	20.80
2210	40568	18.36
2211	39230	17.74
2212	39103	17.68
2213	39492	17.85
2214	44357	20.03
2215	39142	17.67
2216	40209	18.14
2217	66141	29.83
2218	38186	17.22
2219	38153	17.19
2220	56176	25.30
2221	48659	21.91
2222	39392	17.73
2223	43253	19.46
2224	38952	17.51
2225	39178	17.61
2226	39314	17.66
2227	39405	17.69
2228	39456	17.71
2229	39471	17.71
2230	41016	18.39
2231	43261	19.39
2232	42708	19.13
2233	42158	18.88
2234	39548	17.70
2235	39938	17.87
2236	39894	17.84
2237	43164	19.30
2238	40638	18.16
2239	39556	17.67
2240	39670	17.71
2241	39637	17.69
2242	40348	18.00
2243	43030	19.18
2244	39671	17.68
2245	43639	19.44
2246	38725	17.24
2247	39326	17.50
2248	40068	17.82
2249	39752	17.68
2250	50653	22.51
2251	55623	24.71
2252	41618	18.48
2253	40159	17.82
2254	38834	17.23
2255	38874	17.24
2256	39351	17.44
2257	41687	18.47
2258	39941	17.69
2259	39981	17.70
2260	39766	17.60
2261	38912	17.21
2262	39187	17.32
2263	39005	17.24
2264	39804	17.58
2265	40089	17.70
2266	40082	17.69
2267	40091	17.68
2268	40931	18.05
2269	43400	19.13
2270	40147	17.69
2271	40174	17.69
2272	40234	17.71
2273	40285	17.72
2274	41039	18.05
2275	40234	17.69
2276	52204	22.94
2277	40518	17.79
2278	41777	18.34
2279	40250	17.66
2280	41290	18.11
2281	45244	19.84
2282	43119	18.90
2283	40566	17.77
2284	39802	17.43
2285	39380	17.23
2286	40218	17.59
2287	41917	18.33
2288	41579	18.17
2289	40493	17.69
2290	41114	17.95
2291	40539	17.69
2292	41636	18.17
2293	42823	18.68
2294	41737	18.19
2295	40519	17.66
2296	42309	18.43
2297	43215	18.81
2298	40749	17.73
2299	40681	17.70
2300	42327	18.40
2301	44394	19.29
2302	40742	17.70
2303	41431	17.99
2304	40921	17.76
2305	40762	17.68
2306	39941	17.32
2307	39745	17.23
2308	39729	17.21
2309	40858	17.70
2310	40183	17.40
2311	39814	17.23
2312	40888	17.69
2313	40902	17.68
2314	47136	20.37
2315	52880	22.84
2316	57333	24.76
2317	40999	17.69
2318	41034	17.70
2319	41087	17.72
2320	40917	17.64
2321	40250	17.34
2322	49488	21.31
2323	46351	19.95
2324	41230	17.74
2325	42859	18.43
2326	40082	17.23
2327	43431	18.66
2328	43878	18.85
2329	41299	17.73
2330	40188	17.25
2331	40123	17.21
2332	41877	17.96
2333	43600	18.69
2334	56232	24.09
2335	41345	17.71
2336	41313	17.69
2337	41316	17.68
2338	42259	18.07
2339	41375	17.69
2340	41414	17.70
2341	41395	17.68
2342	41899	17.89
2343	41425	17.68
2344	41600	17.75
2345	41489	17.69
2346	41496	17.69
2347	41453	17.66
2348	41520	17.68
2349	41570	17.70
2350	42575	18.12
2351	41643	17.71
2352	42145	17.92
2353	41684	17.72
2354	47747	20.28
2355	41621	17.67
2356	41743	17.72
2357	41757	17.72
2358	41827	17.74
2359	41722	17.69
2360	42378	17.96
2361	41750	17.68
2362	44966	19.04
2363	41814	17.70
2364	41934	17.74
2365	41362	17.49
2366	43154	18.24
2367	45857	19.37
2368	41987	17.73
2369	42066	17.76
2370	42435	17.91
2371	41976	17.70
2372	41947	17.68
2373	46456	19.58
2374	41472	17.47
2375	46004	19.37
2376	42117	17.73
2377	42174	17.74
2378	42114	17.71
2379	45120	18.97
2380	42342	17.79
2381	43612	18.32
2382	42136	17.69
2383	43600	18.30
2384	42160	17.68
2385	41843	17.54
2386	42489	17.81
2387	41170	17.25
2388	42120	17.64
2389	43666	18.28
2390	42914	17.96
2391	41291	17.27
2392	41251	17.25
2393	42242	17.65
2394	44348	18.52
2395	42408	17.71
2396	44195	18.45
2397	42383	17.68
2398	48405	20.19
2399	42565	17.74
2400	41648	17.35
2401	41368	17.23
2402	41395	17.23
2403	53028	22.07
2404	42737	17.78
2405	43390	18.04
2406	42619	17.71
2407	44830	18.62
2408	41873	17.39
2409	41521	17.24
2410	45655	18.94
2411	46359	19.23
2412	44085	18.28
2413	44553	18.46
2414	42717	17.70
2415	42736	17.70
2416	53840	22.28
2417	60879	25.19
2418	42991	17.78
2419	42764	17.68
2420	42817	17.69
2421	42813	17.68
2422	43728	18.05
2423	42899	17.70
2424	42903	17.70
2425	43133	17.79
2426	43007	17.73
2427	42972	17.71
2428	42971	17.70
2429	42987	17.70
2430	46126	18.98
2431	43017	17.70
2432	43047	17.70
2433	43964	18.07
2434	43011	17.67
2435	54230	22.27
2436	43899	18.02
2437	43128	17.70
2438	43224	17.73
2439	43176	17.70
2440	45363	18.59
2441	47485	19.45
2442	43472	17.80
2443	42144	17.25
2444	43251	17.70
2445	44817	18.33
2446	43265	17.69
2447	43950	17.96
2448	43313	17.69
2449	55201	22.54
2450	68222	27.85
2451	65518	26.73
2452	54912	22.39
2453	50051	20.40
2454	46543	18.97
2455	44665	18.19
2456	43440	17.69
2457	43511	17.71
2458	43957	17.88
2459	43546	17.71
2460	42747	17.38
2461	42540	17.29
2462	42436	17.24
2463	42927	17.43
2464	43619	17.70
2465	43645	17.71
2466	48253	19.57
2467	43641	17.69
2468	44115	17.87
2469	43726	17.71
2470	43721	17.70
2471	43655	17.67
2472	45909	18.57
2473	43686	17.67
2474	43896	17.74
2475	43954	17.76
2476	44231	17.86
2477	42649	17.22
2478	42815	17.28
2479	43356	17.49
2480	43922	17.71
2481	44861	18.08
2482	49703	20.03
2483	44037	17.74
2484	44004	17.71
2485	45877	18.46
2486	44018	17.71
2487	45688	18.37
2488	47956	19.27
2489	43926	17.65
2490	43083	17.30
2491	43058	17.29
2492	43514	17.46
2493	42952	17.23
2494	49704	19.93
2495	44097	17.67
2496	44193	17.71
2497	44087	17.66
2498	44330	17.75
2499	44086	17.64
2500	50960	20.38
2501	43179	17.26
2502	43699	17.47
2503	44141	17.64
2504	43837	17.51
2505	43978	17.56
2506	44313	17.68
2507	44367	17.70
2508	44436	17.72
2509	44529	17.75
2510	44446	17.71
2511	45085	17.95
2512	45854	18.25
2513	49895	19.85
2514	44534	17.71
2515	45480	18.08
2516	44567	17.71
2517	43493	17.28
2518	65795	26.13
2519	44719	17.75
2520	45614	18.10
2521	44738	17.75
2522	44781	17.76
2523	44955	17.82
2524	44777	17.74
2525	43677	17.30
2526	45822	18.14
2527	46269	18.31
2528	44952	17.78
2529	44746	17.69
2530	51873	20.50
2531	62530	24.71
2532	48204	19.04
2533	44083	17.40
2534	44961	17.74
2535	44825	17.68
2536	50100	19.76
2537	44556	17.56
2538	44824	17.66
2539	45715	18.01
2540	45210	17.80
2541	44964	17.70
2542	44963	17.69
2543	44944	17.67
2544	45074	17.72
2545	45287	17.79
2546	45116	17.72
2547	46594	18.29
2548	45066	17.69
2549	46198	18.12
2550	45109	17.69
2551	45122	17.69
2552	45141	17.69
2553	52569	20.59
2554	45267	17.72
2555	44085	17.25
2556	44875	17.56
2557	47190	18.46
2558	45430	17.76
2559	47588	18.60
2560	46845	18.30
2561	45364	17.71
2562	45402	17.72
2563	45350	17.69
2564	44803	17.47
2565	44408	17.31
2566	56390	21.98
2567	48124	18.75
2568	48384	18.84
2569	45451	17.69
2570	45509	17.71
2571	48565	18.89
2572	48215	18.75
2573	45609	17.73
2574	48385	18.80
2575	62482	24.26
2576	45577	17.69
2577	45660	17.72
2578	49186	19.08
2579	45610	17.69
2580	45660	17.70
2581	46416	17.98
2582	56366	21.83
2583	46973	18.19
2584	47778	18.49
2585	46353	17.93
2586	46552	18.00
2587	46684	18.05
2588	50788	19.62
2589	45418	17.54
2590	45705	17.65
2591	46195	17.83
2592	45872	17.70
2593	45955	17.72
2594	47458	18.30
2595	47714	18.39
2596	46079	17.75
2597	45412	17.49
2598	46268	17.81
2599	48929	18.83
2600	47350	18.21
2601	47840	18.39
2602	46094	17.71
2603	47325	18.18
2604	46107	17.71
2605	58486	22.45
2606	52206	20.03
2607	48387	18.56
2608	47434	18.19
2609	45455	17.42
2610	52464	20.10
2611	76653	29.36
2612	46396	17.76
2613	46260	17.70
2614	46721	17.87
2615	46631	17.83
2616	73188	27.98
2617	46798	17.88
2618	46742	17.85
2619	47341	18.08
2620	46369	17.70
2621	52997	20.22
2622	58167	22.18
2623	45202	17.23
2624	45757	17.44
2625	48772	18.58
2626	49893	19.00
2627	47674	18.15
2628	60828	23.15
2629	49023	18.65
2630	46585	17.71
2631	46520	17.68
2632	47819	18.17
2633	49002	18.61
2634	46684	17.72
2635	46810	17.76
2636	48101	18.25
2637	46698	17.71
2638	46718	17.71
2639	48964	18.55
2640	49133	18.61
2641	46718	17.69
2642	47925	18.14
2643	48122	18.21
2644	47007	17.78
2645	48185	18.22
2646	46869	17.71
2647	47041	17.77
2648	46451	17.54
2649	46139	17.42
2650	47381	17.88
2651	46946	17.71
2652	46941	17.70
2653	46949	17.70
2654	47080	17.74
2655	47592	17.93
2656	47023	17.70
2657	47045	17.71
2658	47082	17.71
2659	48137	18.10
2660	48612	18.28
2661	61130	22.97
2662	47861	17.98
2663	48232	18.11
2664	45948	17.25
2665	45994	17.26
2666	48168	18.07
2667	47209	17.70
2668	47316	17.73
2669	48600	18.21
2670	47718	17.87
2671	48570	18.18
2672	50856	19.03
2673	48288	18.07
2674	50003	18.70
2675	49300	18.43
2676	47429	17.72
2677	47571	17.77
2678	47435	17.71
2679	47858	17.86
2680	46997	17.54
2681	47299	17.64
2682	46612	17.38
2683	47494	17.70
2684	47592	17.73
2685	47586	17.72
2686	48990	18.24
2687	47163	17.55
2688	66346	24.68
2689	56301	20.94
2690	48279	17.95
2691	47606	17.69
2692	47622	17.69
2693	47699	17.71
2694	51070	18.96
2695	47766	17.72
2696	47767	17.72
2697	49679	18.42
2698	47894	17.75
2699	47960	17.77
2700	52424	19.42
2701	47805	17.70
2702	47913	17.73
2703	47830	17.70
2704	48571	17.96
2705	49281	18.22
2706	48649	17.98
2707	46740	17.27
2708	46723	17.25
2709	50452	18.62
2710	48149	17.77
2711	53693	19.81
2712	48971	18.06
2713	46795	17.25
2714	46826	17.25
2715	47827	17.62
2716	68028	25.05
2717	48240	17.75
2718	48094	17.69
2719	48694	17.91
2720	48079	17.68
2721	48464	17.81
2722	52124	19.15
2723	48191	17.70
2724	48638	17.86
2725	47577	17.46
2726	52752	19.35
2727	49407	18.12
2728	55329	20.28
2729	48204	17.66
2730	48353	17.71
2731	51762	18.95
2732	54300	19.88
2733	51554	18.86
2734	48315	17.67
2735	48381	17.69
2736	48535	17.74
2737	50074	18.30
2738	51869	18.94
2739	47210	17.24
2740	47606	17.37
2741	48511	17.70
2742	48528	17.70
2743	52671	19.20
2744	49839	18.16
2745	48593	17.70
2746	48994	17.84
2747	54890	19.98
2748	53414	19.44
2749	49344	17.95
2750	48660	17.69
2751	49408	17.96
2752	48044	17.46
2753	48716	17.70
2754	50524	18.35
2755	49345	17.91
2756	49386	17.92
2757	54305	19.70
2758	147760	53.58
2759	75378	27.32
2760	54599	19.78
2761	68151	24.68
2762	64072	23.20
2763	61461	22.24
2764	48990	17.72
2765	49211	17.80
2766	52053	18.82
2767	48066	17.37
2768	47805	17.27
2769	60485	21.84
2770	68361	24.68
2771	66068	23.84
2772	49009	17.68
2773	51355	18.52
2774	49917	17.99
2775	49941	18.00
2776	51847	18.68
2777	50376	18.14
2778	49135	17.69
2779	50603	18.21
2780	49129	17.67
2781	49582	17.83
2782	50410	18.12
2783	49208	17.68
2784	49336	17.72
2785	50698	18.20
2786	49489	17.76
2787	49391	17.72
2788	49394	17.72
2789	49405	17.71
2790	49626	17.79
2791	48352	17.32
2792	51406	18.41
2793	49411	17.69
2794	50266	17.99
2795	49572	17.74
2796	49531	17.71
2797	58388	20.88
2798	52515	18.77
2799	50840	18.16
2800	50434	18.01
2801	52803	18.85
2802	55858	19.94
2803	58108	20.73
2804	49673	17.72
2805	49662	17.70
2806	49997	17.82
2807	49848	17.76
2808	50741	18.07
2809	48489	17.26
2810	50633	18.02
2811	52935	18.83
2812	49834	17.72
2813	75139	26.71
2814	49322	17.53
2815	48577	17.26
2816	53244	18.91
2817	49864	17.70
2818	50349	17.87
2819	52338	18.57
2820	49585	17.58
2821	48671	17.25
2822	50496	17.89
2823	50125	17.76
2824	53189	18.83
2825	50166	17.76
2826	50247	17.78
2827	50025	17.70
2828	49989	17.68
2829	51349	18.15
2830	50085	17.70
2831	50105	17.70
2832	50183	17.72
2833	51585	18.21
2834	58553	20.66
2835	54137	19.10
2836	50369	17.76
2837	50356	17.75
2838	51678	18.21
2839	55133	19.42
2840	50347	17.73
2841	50599	17.81
2842	50358	17.72
2843	50324	17.70
2844	51208	18.01
2845	52848	18.58
2846	52031	18.28
2847	50742	17.82
2848	51821	18.20
2849	49995	17.55
2850	49245	17.28
2851	50684	17.78
2852	50444	17.69
2853	50951	17.86
2854	50494	17.69
2855	51115	17.90
2856	50366	17.64
2857	50674	17.74
2858	53474	18.71
2859	50445	17.64
2860	51161	17.89
2861	52421	18.32
2862	50614	17.68
2863	51103	17.85
2864	51626	18.03
2865	49507	17.28
2866	49440	17.25
2867	52163	18.19
2868	52272	18.23
2869	50813	17.71
2870	51575	17.97
2871	57267	19.95
2872	50702	17.65
2873	50789	17.68
2874	50906	17.71
2875	50978	17.73
2876	51164	17.79
2877	55495	19.29
2878	51163	17.78
2879	51410	17.86
2880	50983	17.70
2881	53146	18.45
2882	49771	17.27
2883	53531	18.57
2884	52497	18.20
2885	51472	17.84
2886	51354	17.79
2887	50733	17.57
2888	49813	17.25
2889	50763	17.57
2890	53672	18.57
2891	51174	17.70
2892	52238	18.06
2893	51693	17.87
2894	51315	17.73
2895	52394	18.10
2896	51821	17.89
2897	54428	18.79
2898	51544	17.79
2899	50042	17.26
2900	72234	24.91
2901	61571	21.22
2902	50135	17.28
2903	63764	21.96
2904	65096	22.42
2905	51473	17.72
2906	63704	21.92
2907	53798	18.51
2908	51415	17.68
2909	50202	17.26
2910	55822	19.18
2911	51571	17.72
2912	74089	25.44
2913	57843	19.86
2914	51565	17.70
2915	51615	17.71
2916	51431	17.64
2917	50412	17.28
2918	58412	20.02
2919	51360	17.60
2920	51714	17.71
2921	52423	17.95
2922	58672	20.08
2923	52894	18.10
2924	53330	18.24
2925	60533	20.70
2926	53565	18.31
2927	52952	18.09
2928	52494	17.93
2929	50583	17.27
2930	51111	17.44
2931	53620	18.29
2932	52130	17.78
2933	52092	17.76
2934	52016	17.73
2935	52046	17.73
2936	51983	17.71
2937	54753	18.64
2938	53905	18.35
2939	50960	17.34
2940	51257	17.43
2941	54980	18.69
2942	53299	18.12
2943	53585	18.21
2944	50840	17.27
2945	53541	18.18
2946	52188	17.71
2947	52216	17.72
2948	52251	17.72
2949	53036	17.98
2950	52175	17.69
2951	52176	17.68
2952	56321	19.08
2953	52484	17.77
2954	52266	17.69
2955	56072	18.98
2956	52328	17.70
2957	52867	17.88
2958	52400	17.71
2959	56547	19.11
2960	52382	17.70
2961	52696	17.80
2962	57091	19.27
2963	56086	18.93
2964	52015	17.55
2965	53066	17.90
2966	51364	17.32
2967	54014	18.20
2968	55139	18.58
2969	52606	17.72
2970	53022	17.85
2971	55165	18.57
2972	59973	20.18
2973	56532	19.02
2974	53404	17.96
2975	52668	17.70
2976	52689	17.70
2977	56371	18.94
2978	54604	18.34
2979	53394	17.92
2980	52947	17.77
2981	52789	17.71
2982	54408	18.25
2983	53336	17.88
2984	51542	17.27
2985	53116	17.79
2986	52758	17.67
2987	51526	17.25
2988	53712	17.98
2989	52859	17.68
2990	52866	17.68
2991	54551	18.24
2992	52995	17.71
2993	52976	17.70
2994	53180	17.76
2995	54193	18.09
2996	52672	17.58
2997	54232	18.10
2998	53822	17.95
2999	53568	17.86
3000	53380	17.79
3001	53431	17.80
3002	53103	17.69
3003	53283	17.74
3004	53813	17.91
3005	53272	17.73
3006	53410	17.77
3007	56366	18.74
3008	53477	17.78
3009	53684	17.84
3010	58765	19.52
3011	53326	17.71
3012	71044	23.59
3013	52376	17.38
3014	52327	17.36
3015	66012	21.89
3016	64586	21.41
3017	53387	17.70
3018	63843	21.15
3019	74685	24.74
3020	72282	23.93
3021	55373	18.33
3022	53756	17.79
3023	53334	17.64
3024	52248	17.28
3025	52337	17.30
3026	68042	22.49
3027	54932	18.15
3028	52372	17.30
3029	53769	17.75
3030	55521	18.32
3031	53920	17.79
3032	56130	18.51
3033	53668	17.69
3034	55163	18.18
3035	53683	17.69
3036	53749	17.70
3037	53779	17.71
3038	60950	20.06
3039	54991	18.10
3040	52984	17.43
3041	55656	18.30
3042	54790	18.01
3043	53920	17.72
3044	54934	18.05
3045	53838	17.68
3046	53867	17.68
3047	54464	17.87
3048	52823	17.33
3049	52611	17.26
3050	55077	18.06
3051	54068	17.72
3052	54056	17.71
3053	54405	17.82
3054	54091	17.71
3055	54383	17.80
3056	55532	18.17
3057	55006	17.99
3058	54338	17.77
3059	54408	17.79
3060	56891	18.59
3061	55881	18.26
3062	54872	17.92
3063	54969	17.95
3064	58128	18.97
3065	66680	21.76
3066	54340	17.72
3067	54309	17.71
3068	54407	17.73
3069	55450	18.07
3070	54866	17.87
3071	53564	17.44
3072	53912	17.55
3073	58485	19.03
3074	54424	17.70
3075	54625	17.76
3076	54514	17.72
3077	55251	17.96
3078	54517	17.71
3079	54574	17.72
3080	54694	17.76
3081	54515	17.69
3082	56108	18.21
3083	54861	17.79
3084	57528	18.65
3085	55724	18.06
3086	54666	17.71
3087	55177	17.87
3088	54781	17.74
3089	54684	17.70
3090	57400	18.58
3091	56227	18.19
3092	54810	17.73
3093	56242	18.18
3094	56343	18.21
3095	55658	17.98
3096	55982	18.08
3097	53379	17.24
3098	53437	17.25
3099	59157	19.09
3100	61977	19.99
3101	54787	17.67
3102	53990	17.40
3103	58250	18.77
3104	65140	20.99
3105	55544	17.89
3106	55016	17.71
3107	55483	17.86
3108	53718	17.28
3109	53693	17.27
3110	62261	20.02
3111	55040	17.69
3112	55071	17.70
3113	81409	26.15
3114	55094	17.69
3115	55618	17.85
3116	61428	19.71
3117	59998	19.25
3118	55710	17.87
3119	55444	17.78
3120	55486	17.78
3121	55812	17.88
3122	55240	17.69
3123	55256	17.69
3124	60044	19.22
3125	55348	17.71
3126	55343	17.70
3127	57548	18.40
3128	55845	17.85
3129	55399	17.71
3130	55920	17.87
3131	57119	18.24
3132	55531	17.73
3133	55496	17.71
3134	55667	17.76
3135	77200	24.63
3136	55153	17.59
3137	55578	17.72
3138	55564	17.71
3139	55739	17.76
3140	55520	17.68
3141	57245	18.23
3142	56417	17.96
3143	56242	17.89
3144	55933	17.79
3145	55715	17.72
3146	60790	19.32
3147	57926	18.41
3148	55721	17.70
3149	59161	18.79
3150	59853	19.00
3151	55884	17.74
3152	56672	17.98
3153	55811	17.70
3154	55858	17.71
3155	58793	18.63
3156	55934	17.72
3157	55917	17.71
3158	58087	18.39
3159	56990	18.04
3160	57589	18.22
3161	55995	17.71
3162	56033	17.72
3163	57539	18.19
3164	58456	18.48
3165	56587	17.88
3166	55473	17.52
3167	56976	17.99
3168	56126	17.72
3169	62098	19.60
3170	56191	17.73
3171	57909	18.26
3172	57741	18.20
3173	56515	17.81
3174	56657	17.85
3175	57342	18.06
3176	58770	18.50
3177	56239	17.70
3178	54869	17.27
3179	56474	17.76
3180	56440	17.75
3181	57816	18.18
3182	56986	17.91
3183	57199	17.97
3184	61564	19.34
3185	57911	18.18
3186	68680	21.56
3187	56455	17.71
3188	62969	19.75
3189	55153	17.29
3190	56429	17.69
3191	57956	18.16
3192	63787	19.98
3193	57931	18.14
3194	56495	17.69
3195	58075	18.18
3196	56542	17.69
3197	57314	17.93
3198	56277	17.60
3199	58157	18.18
3200	59622	18.63
3201	60326	18.85
3202	55496	17.33
3203	55797	17.42
3204	69766	21.77
3205	56813	17.73
3206	56974	17.77
3207	57202	17.84
3208	57190	17.83
3209	60912	18.98
3210	56722	17.67
3211	78347	24.40
3212	57047	17.76
3213	66907	20.82
3214	79356	24.69
3215	79041	24.59
3216	59392	18.47
3217	57043	17.73
3218	57033	17.72
3219	60305	18.73
3220	58189	18.07
3221	57054	17.71
3222	58596	18.19
3223	56983	17.68
3224	63452	19.68
3225	57053	17.69
3226	57100	17.70
3227	58602	18.16
3228	62664	19.41
3229	77106	23.88
3230	57318	17.75
3231	57200	17.70
3232	57164	17.69
3233	62329	19.28
3234	58627	18.13
3235	57405	17.74
3236	57230	17.69
3237	58712	18.14
3238	58083	17.94
3239	60525	18.69
3240	58757	18.13
3241	60217	18.58
3242	63785	19.67
3243	57422	17.71
3244	57386	17.69
3245	57548	17.73
3246	57434	17.69
3247	58837	18.12
3248	56861	17.51
3249	59071	18.18
3250	57402	17.66
3251	60552	18.63
3252	56143	17.26
3253	56166	17.27
3254	60235	18.51
3255	78219	24.03
3256	57900	17.78
3257	60837	18.68
3258	59114	18.14
3259	57698	17.70
3260	57729	17.71
3261	57751	17.71
3262	57888	17.75
3263	58347	17.88
3264	57753	17.69
3265	64740	19.83
3266	57637	17.65
3267	60229	18.44
3268	57318	17.54
3269	63639	19.47
3270	56454	17.26
3271	57682	17.63
3272	59402	18.15
3273	61496	18.79
3274	60473	18.47
3275	58002	17.71
3276	57984	17.70
3277	59378	18.12
3278	58604	17.88
3279	61926	18.89
3280	58186	17.74
3281	58016	17.68
3282	57963	17.66
3283	58186	17.72
3284	59026	17.97
3285	58217	17.72
3286	78564	23.91
3287	62984	19.16
3288	58176	17.69
3289	59251	18.01
3290	57555	17.49
3291	59721	18.15
3292	65356	19.85
3293	59381	18.03
3294	59733	18.13
3295	58472	17.75
3296	58340	17.70
3297	62480	18.95
3298	58943	17.87
3299	58360	17.69
3300	61352	18.59
3301	58551	17.74
3302	61648	18.67
3303	62214	18.84
3304	56952	17.24
3305	57534	17.41
3306	66409	20.09
3307	58627	17.73
3308	58605	17.72
3309	65795	19.88
3310	58474	17.67
3311	57449	17.35
3312	58605	17.69
3313	59259	17.89
3314	81444	24.58
3315	58918	17.77
3316	59514	17.95
3317	57773	17.42
3318	58691	17.69
3319	58515	17.63
3320	57555	17.34
3321	60397	18.19
3322	60084	18.09
3323	62039	18.67
3324	58798	17.69
3325	58744	17.67
3326	59082	17.76
3327	59073	17.76
3328	59150	17.77
3329	61988	18.62
3330	57690	17.32
3331	62128	18.65
3332	65735	19.73
3333	60953	18.29
3334	58843	17.65
3335	63448	19.02
3336	59291	17.77
3337	58596	17.56
3338	59282	17.76
3339	59316	17.76
3340	58630	17.55
3341	57596	17.24
3342	57623	17.24
3343	58945	17.63
3344	59597	17.82
3345	73321	21.92
3346	61927	18.51
3347	57837	17.28
3348	59998	17.92
3349	62946	18.80
3350	61591	18.39
3351	59233	17.68
3352	63332	18.89
3353	64370	19.20
3354	59554	17.76
3355	62375	18.59
3356	59444	17.71
3357	59589	17.75
3358	59365	17.68
3359	58164	17.32
3360	57889	17.23
3361	63503	18.89
3362	64228	19.10
3363	59353	17.65
3364	59100	17.57
3365	59370	17.64
3366	58485	17.38
3367	61104	18.15
3368	59280	17.60
3369	58648	17.41
3370	60639	17.99
3371	60131	17.84
3372	59942	17.78
3373	64869	19.23
3374	58171	17.24
3375	59368	17.59
3376	65989	19.55
3377	59731	17.69
3378	59798	17.70
3379	61016	18.06
3380	62285	18.43
3381	59964	17.74
3382	59908	17.71
3383	59821	17.68
3384	64009	18.92
3385	60108	17.76
3386	59872	17.68
3387	59858	17.67
3388	64334	18.99
3389	63119	18.62
3390	66293	19.56
3391	62773	18.51
3392	61607	18.16
3393	60020	17.69
3394	61279	18.06
3395	60095	17.70
3396	60082	17.69
3397	63725	18.76
3398	60162	17.71
3399	61073	17.97
3400	64263	18.90
3401	64007	18.82
3402	62724	18.44
3403	60224	17.70
3404	60326	17.72
3405	60254	17.70
3406	60300	17.70
3407	60597	17.79
3408	68667	20.15
3409	76818	22.53
3410	73329	21.50
3411	60316	17.68
3412	68411	20.05
3413	60392	17.69
3414	61739	18.08
3415	60503	17.72
3416	60214	17.63
3417	61780	18.08
3418	64084	18.75
3419	62449	18.27
3420	60466	17.68
3421	60666	17.73
3422	62234	18.19
3423	60356	17.63
3424	60513	17.67
3425	60657	17.71
3426	60783	17.74
3427	60745	17.73
3428	60895	17.76
3429	60724	17.71
3430	62938	18.35
3431	60759	17.71
3432	61771	18.00
3433	59402	17.30
3434	64509	18.79
3435	63237	18.41
3436	60833	17.70
3437	62473	18.18
3438	63986	18.61
3439	65937	19.17
3440	83576	24.30
3441	84997	24.70
3442	79704	23.16
3443	60497	17.57
3444	61144	17.75
3445	63392	18.40
3446	60962	17.69
3447	62741	18.20
3448	62525	18.13
3449	59449	17.24
3450	61745	17.90
3451	61134	17.71
3452	61828	17.91
3453	63078	18.27
3454	61656	17.85
3455	61377	17.76
3456	62967	18.22
3457	61177	17.70
3458	61584	17.81
3459	61222	17.70
3460	63972	18.49
3461	71545	20.67
3462	70396	20.33
3463	61194	17.67
3464	69267	20.00
3465	62663	18.08
3466	61469	17.73
3467	61383	17.70
3468	64186	18.51
3469	62613	18.05
3470	64750	18.66
3471	61474	17.71
3472	62419	17.98
3473	74103	21.34
3474	71371	20.54
3475	62846	18.09
3476	61577	17.71
3477	61498	17.69
3478	61516	17.69
3479	61776	17.76
3480	60668	17.43
3481	61839	17.76
3482	61655	17.71
3483	64405	18.49
3484	61673	17.70
3485	65526	18.80
3486	62666	17.98
3487	60317	17.30
3488	62045	17.79
3489	61822	17.72
3490	61852	17.72
3491	63067	18.07
3492	63017	18.05
3493	63719	18.24
3494	62778	17.97
3495	61998	17.74
3496	63444	18.15
3497	61903	17.70
3498	70416	20.13
3499	61927	17.70
3500	63895	18.26
3501	64447	18.41
3502	82615	23.59
3503	61333	17.51
3504	61943	17.68
3505	62584	17.86
3506	64161	18.30
3507	62045	17.69
3508	69524	19.82
3509	62039	17.68
3510	85518	24.36
3511	63313	18.03
3512	62104	17.68
3513	63817	18.17
3514	65465	18.63
3515	61039	17.37
3516	72830	20.71
3517	86944	24.72
3518	86976	24.72
3519	84837	24.11
3520	63018	17.90
3521	62957	17.88
3522	64551	18.33
3523	60784	17.25
3524	67962	19.29
3525	88695	25.16
3526	75903	21.53
3527	60964	17.28
3528	60758	17.22
3529	61707	17.49
3530	62329	17.66
3531	62543	17.71
3532	63065	17.86
3533	62515	17.69
3534	65400	18.51
3535	63345	17.92
3536	64393	18.21
3537	62690	17.72
3538	73993	20.91
3539	76141	21.51
3540	63570	17.96
3541	63393	17.90
3542	65531	18.50
3543	62670	17.69
3544	64117	18.09
3545	63745	17.98
3546	63596	17.93
3547	70320	19.83
3548	72578	20.46
3549	65142	18.36
3550	67794	19.10
3551	63105	17.77
3552	62839	17.69
3553	64287	18.09
3554	63068	17.75
3555	62959	17.71
3556	62734	17.64
3557	62283	17.51
3558	62942	17.69
3559	67551	18.98
3560	64313	18.07
3561	98394	27.63
3562	91444	25.67
3563	96597	27.11
3564	73089	20.51
3565	70527	19.78
3566	65459	18.36
3567	73564	20.62
3568	78845	22.10
3569	65498	18.35
3570	63916	17.90
3571	63368	17.75
3572	63198	17.69
3573	74265	20.79
3574	66213	18.53
3575	63327	17.71
3576	65918	18.43
3577	63103	17.64
3578	66304	18.53
3579	62634	17.50
3580	62826	17.55
3581	64053	17.89
3582	65192	18.20
3583	62279	17.38
3584	65622	18.31
3585	65024	18.14
3586	63221	17.63
3587	63453	17.69
3588	64966	18.11
3589	63593	17.72
3590	63574	17.71
3591	69536	19.36
3592	63771	17.75
3593	66798	18.59
3594	62911	17.50
3595	62459	17.37
3596	63548	17.67
3597	63604	17.68
3598	79890	22.20
3599	66199	18.39
3600	87410	24.28
3601	66621	18.50
3602	65012	18.05
3603	63757	17.70
3604	63649	17.66
3605	63724	17.68
3606	65162	18.07
3607	63613	17.64
3608	66308	18.38
3609	91301	25.30
3610	65689	18.20
3611	63217	17.51
3612	67887	18.79
3613	81293	22.50
3614	84735	23.45
3615	65612	18.15
3616	62376	17.25
3617	70329	19.44
3618	65713	18.16
3619	64805	17.91
3620	70841	19.57
3621	76579	21.15
3622	86997	24.02
3623	64101	17.69
3624	63561	17.54
3625	63969	17.65
3626	65858	18.16
3627	62484	17.23
3628	79919	22.03
3629	65193	17.96
3630	64211	17.69
3631	64283	17.70
3632	64195	17.67
3633	64226	17.68
3634	62735	17.26
3635	63700	17.52
3636	64325	17.69
3637	64329	17.69
3638	65942	18.13
3639	64376	17.69
3640	64340	17.68
3641	63963	17.57
3642	65404	17.96
3643	66260	18.19
3644	68887	18.90
3645	72270	19.83
3646	64591	17.72
3647	67248	18.44
3648	64285	17.62
3649	64052	17.55
3650	64491	17.67
3651	64468	17.66
3652	64488	17.66
3653	70502	19.30
3654	78288	21.43
3655	66930	18.31
3656	64658	17.69
3657	65760	17.98
3658	66140	18.08
3659	65601	17.93
3660	64152	17.53
3661	64404	17.59
3662	69288	18.92
3663	64852	17.70
3664	65176	17.79
3665	64683	17.65
3666	64829	17.68
3667	65612	17.89
3668	64466	17.58
3669	67198	18.32
3670	64836	17.67
3671	64668	17.62
3672	68155	18.56
3673	68617	18.68
3674	65624	17.86
3675	66431	18.08
3676	75428	20.52
3677	65355	17.77
3678	63415	17.24
3679	89603	24.36
3680	66756	18.14
3681	65238	17.72
3682	64490	17.51
3683	65777	17.86
3684	64977	17.64
3685	65068	17.66
3686	64861	17.60
3687	63744	17.29
3688	63640	17.26
3689	103579	28.08
3690	88645	24.02
3691	82543	22.36
3692	66993	18.15
3693	65986	17.87
3694	66079	17.89
3695	68435	18.52
3696	66045	17.87
3697	67396	18.23
3698	65393	17.68
3699	65595	17.73
3700	68443	18.50
3701	64862	17.53
3702	67977	18.36
3703	65430	17.67
3704	66515	17.96
3705	63760	17.21
3706	65400	17.65
3707	66283	17.88
3708	84245	22.72
3709	65558	17.68
3710	65611	17.68
3711	82342	22.19
3712	67474	18.18
3713	66250	17.84
3714	67710	18.23
3715	66767	17.97
3716	64171	17.27
3717	64113	17.25
3718	70048	18.84
3719	74150	19.94
3720	65832	17.70
3721	65734	17.67
3722	66575	17.89
3723	66384	17.83
3724	66595	17.88
3725	65940	17.70
3726	66019	17.72
3727	68583	18.40
3728	65931	17.69
3729	66875	17.93
3730	65958	17.68
3731	65154	17.46
3732	66006	17.69
3733	68198	18.27
3734	66220	17.73
3735	67101	17.97
3736	64807	17.35
3737	64452	17.25
3738	66728	17.85
3739	68096	18.21
3740	66121	17.68
3741	68496	18.31
3742	74364	19.87
3743	66779	17.84
3744	66218	17.69
3745	68129	18.19
3746	69887	18.66
3747	66136	17.65
3748	66847	17.84
3749	67576	18.03
3750	78110	20.83
3751	92340	24.62
3752	68793	18.34
3753	67489	17.98
3754	66963	17.84
3755	66032	17.59
3756	66409	17.68
3757	66506	17.70
3758	65522	17.44
3759	80462	21.41
3760	80979	21.54
3761	68821	18.30
3762	71984	19.13
3763	66522	17.68
3764	66901	17.77
3765	66447	17.65
3766	68201	18.11
3767	67305	17.87
3768	68096	18.07
3769	69063	18.32
3770	66667	17.68
3771	66580	17.66
3772	67451	17.88
3773	68475	18.15
3774	67033	17.76
3775	65263	17.29
3776	69699	18.46
3777	72194	19.11
3778	66666	17.65
3779	66664	17.64
3780	66864	17.69
3781	65251	17.26
3782	65557	17.33
3783	66747	17.64
3784	80187	21.19
3785	66860	17.66
3786	67749	17.89
3787	69165	18.26
3788	68367	18.05
3789	77865	20.55
3790	67042	17.69
3791	71077	18.75
3792	66986	17.67
3793	70442	18.57
3794	67041	17.67
3795	72076	18.99
3796	67157	17.69
3797	68616	18.07
3798	67198	17.69
3799	67164	17.68
3800	75023	19.74
3801	66774	17.57
3802	65800	17.31
3803	75364	19.82
3804	69962	18.39
3805	67108	17.64
3806	68823	18.08
3807	72637	19.08
3808	69579	18.27
3809	67338	17.68
3810	67478	17.71
3811	91465	24.00
3812	67587	17.73
3813	71076	18.64
3814	70788	18.56
3815	69113	18.12
3816	67918	17.80
3817	76580	20.06
3818	67436	17.66
3819	67938	17.79
3820	74779	19.58
3821	68067	17.81
3822	69287	18.13
3823	66305	17.34
3824	67367	17.62
3825	67042	17.53
3826	67498	17.64
3827	67942	17.75
3828	66359	17.34
3829	67705	17.68
3830	67685	17.67
3831	67957	17.74
3832	67286	17.56
3833	66791	17.43
3834	69079	18.02
3835	68304	17.81
3836	67987	17.72
3837	72316	18.85
3838	68407	17.82
3839	68219	17.77
3840	69722	18.16
3841	69505	18.10
3842	68647	17.87
3843	69206	18.01
3844	72007	18.73
3845	70574	18.35
3846	68720	17.87
3847	69479	18.06
3848	74831	19.45
3849	68369	17.76
3850	67939	17.65
3851	68756	17.85
3852	70445	18.29
3853	66362	17.22
3854	68613	17.80
3855	68040	17.65
3856	70278	18.23
3857	66460	17.23
3858	68340	17.71
3859	69042	17.89
3860	68358	17.71
3861	73117	18.94
3862	68143	17.64
3863	72662	18.81
3864	68275	17.67
3865	69154	17.89
3866	68242	17.65
3867	74596	19.29
3868	68044	17.59
3869	68377	17.67
3870	75204	19.43
3871	68842	17.78
3872	69026	17.83
3873	68383	17.66
3874	68151	17.59
3875	66681	17.21
3876	67483	17.41
3877	85585	22.08
3878	76278	19.67
3879	69382	17.89
3880	68500	17.65
3881	70362	18.13
3882	68509	17.65
3883	68611	17.67
3884	68584	17.66
3885	71114	18.30
3886	69468	17.88
3887	70070	18.03
3888	83035	21.36
3889	72811	18.72
3890	68894	17.71
3891	68664	17.65
3892	76293	19.60
3893	73337	18.84
3894	75804	19.47
3895	68797	17.66
3896	72450	18.60
3897	69919	17.94
3898	70651	18.12
3899	68810	17.65
3900	68415	17.54
3901	68479	17.55
3902	86661	22.21
3903	68262	17.49
3904	69059	17.69
3905	68951	17.66
3906	68827	17.62
3907	79979	20.47
3908	68872	17.62
3909	68980	17.65
3910	68952	17.63
3911	83644	21.39
3912	69782	17.84
3913	69092	17.66
3914	77386	19.77
3915	69766	17.82
3916	70117	17.91
3917	70227	17.93
3918	82572	21.08
3919	96948	24.74
3920	71363	18.20
3921	73452	18.73
3922	69015	17.60
3923	68738	17.52
3924	82045	20.91
3925	69666	17.75
3926	71933	18.32
3927	69311	17.65
3928	71324	18.16
3929	69915	17.79
3930	69466	17.68
3931	70835	18.02
3932	74085	18.84
3933	71558	18.19
3934	76974	19.57
3935	95322	24.22
3936	74699	18.98
3937	69970	17.77
3938	72168	18.33
3939	74747	18.98
3940	68851	17.47
3941	69723	17.69
3942	69560	17.65
3943	76215	19.33
3944	67987	17.24
3945	70111	17.77
3946	68548	17.37
3947	86362	21.88
3948	97620	24.73
3949	81984	20.76
3950	69773	17.66
3951	69695	17.64
3952	72146	18.26
3953	74205	18.77
3954	76002	19.22
3955	69919	17.68
3956	78140	19.75
3957	75263	19.02
3958	75215	19.00
3959	70959	17.92
3960	73207	18.49
3961	70999	17.92
3962	70673	17.84
3963	72323	18.25
3964	71136	17.95
3965	76332	19.25
3966	71376	18.00
3967	77520	19.54
3968	88574	22.32
3969	71557	18.03
3970	70083	17.65
3971	71444	17.99
3972	70163	17.66
3973	70154	17.66
3974	70058	17.63
3975	69467	17.48
3976	68386	17.20
3977	68858	17.31
3978	74019	18.61
3979	73291	18.42
3980	70160	17.63
3981	70299	17.66
3982	74080	18.60
3983	70614	17.73
3984	72571	18.22
3985	77412	19.43
3986	71876	18.03
3987	70409	17.66
3988	70730	17.74
3989	69993	17.55
3990	70239	17.60
3991	68688	17.21
3992	71050	17.80
3993	71573	17.92
3994	70451	17.64
3995	70298	17.60
3996	70349	17.60
3997	72006	18.02
3998	70436	17.62
3999	70329	17.59
4000	72469	18.12
