N	Total Time	Average CPE
1	247	247.00
2	118	59.00
3	138	46.00
4	156	39.00
5	175	35.00
6	196	32.67
7	211	30.14
8	241	30.12
9	1450	161.11
10	286	28.60
11	305	27.73
12	332	27.67
13	353	27.15
14	384	27.43
15	394	26.27
16	425	26.56
17	657	38.65
18	659	36.61
19	680	35.79
20	711	35.55
21	732	34.86
22	771	35.05
23	797	34.65
24	833	34.71
25	853	34.12
26	866	33.31
27	893	33.07
28	910	32.50
29	927	31.97
30	947	31.57
31	967	31.19
32	990	30.94
33	1259	38.15
34	1251	36.79
35	1271	36.31
36	1285	35.69
37	1309	35.38
38	1327	34.92
39	1351	34.64
40	1400	35.00
41	1419	34.61
42	1432	34.10
43	1454	33.81
44	1470	33.41
45	1500	33.33
46	1515	32.93
47	1543	32.83
48	1585	33.02
49	1604	32.73
50	1632	32.64
51	1651	32.37
52	1677	32.25
53	1700	32.08
54	1719	31.83
55	1741	31.65
56	1763	31.48
57	1788	31.37
58	1810	31.21
59	1843	31.24
60	1866	31.10
61	1889	30.97
62	1911	30.82
63	1943	30.84
64	1974	30.84
65	2295	35.31
66	2289	34.68
67	2320	34.63
68	2342	34.44
69	2366	34.29
70	2396	34.23
71	2440	34.37
72	2463	34.21
73	2496	34.19
74	2522	34.08
75	2541	33.88
76	2575	33.88
77	2598	33.74
78	2631	33.73
79	2677	33.89
80	2711	33.89
81	3637	44.90
82	2938	35.83
83	3034	36.55
84	2837	33.77
85	2857	33.61
86	2892	33.63
87	3910	44.94
88	2941	33.42
89	3927	44.12
90	2998	33.31
91	3031	33.31
92	3069	33.36
93	3097	33.30
94	3128	33.28
95	3181	33.48
96	3213	33.47
97	3249	33.49
98	3276	33.43
99	3309	33.42
100	4798	47.98
101	3368	33.35
102	3397	33.30
103	3431	33.31
104	3462	33.29
105	3493	33.27
106	3530	33.30
107	3562	33.29
108	3589	33.23
109	3634	33.34
110	3662	33.29
111	3712	33.44
112	3750	33.48
113	3783	33.48
114	3820	33.51
115	3853	33.50
116	3889	33.53
117	3919	33.50
118	3956	33.53
119	3987	33.50
120	4025	33.54
121	4054	33.50
122	4087	33.50
123	4125	33.54
124	4157	33.52
125	4197	33.58
126	4245	33.69
127	4288	33.76
128	4326	33.80
129	5134	39.80
130	4718	36.29
131	4646	35.47
132	4675	35.42
133	6794	51.08
134	6666	49.75
135	6083	45.06
136	4958	36.46
137	4979	36.34
138	5018	36.36
139	5626	40.47
140	5264	37.60
141	5284	37.48
142	5194	36.58
143	5217	36.48
144	5258	36.51
145	5298	36.54
146	5330	36.51
147	5367	36.51
148	5402	36.50
149	5439	36.50
150	5478	36.52
151	5513	36.51
152	5549	36.51
153	5576	36.44
154	5616	36.47
155	5657	36.50
156	5694	36.50
157	5736	36.54
158	5794	36.67
159	5834	36.69
160	5874	36.71
161	5902	36.66
162	5943	36.69
163	5985	36.72
164	6020	36.71
165	6060	36.73
166	6101	36.75
167	6139	36.76
168	6178	36.77
169	6210	36.75
170	6250	36.76
171	6287	36.77
172	6320	36.74
173	6392	36.95
174	6428	36.94
175	6464	36.94
176	6501	36.94
177	6546	36.98
178	6582	36.98
179	6624	37.01
180	6666	37.03
181	6702	37.03
182	6738	37.02
183	6784	37.07
184	6824	37.09
185	6852	37.04
186	6890	37.04
187	6934	37.08
188	6980	37.13
189	7040	37.25
190	8664	45.60
191	7043	36.87
192	7217	37.59
193	8435	43.70
194	8923	45.99
195	7228	37.07
196	8061	41.13
197	7271	36.91
198	7313	36.93
199	7348	36.92
200	7696	38.48
201	7428	36.96
202	7471	36.99
203	7508	36.99
204	7554	37.03
205	7825	38.17
206	8634	41.91
207	7709	37.24
208	7752	37.27
209	7785	37.25
210	7832	37.30
211	7872	37.31
212	7925	37.38
213	7955	37.35
214	8000	37.38
215	8040	37.40
216	10001	46.30
217	8527	39.29
218	8154	37.40
219	8202	37.45
220	8242	37.46
221	8315	37.62
222	8353	37.63
223	8394	37.64
224	8445	37.70
225	8478	37.68
226	8526	37.73
227	8758	38.58
228	8611	37.77
229	8648	37.76
230	8698	37.82
231	8733	37.81
232	8783	37.86
233	8824	37.87
234	8869	37.90
235	8910	37.91
236	8957	37.95
237	9349	39.45
238	9109	38.27
239	9178	38.40
240	9502	39.59
241	10063	41.76
242	9803	40.51
243	9744	40.10
244	9910	40.61
245	9830	40.12
246	10872	44.20
247	9502	38.47
248	9546	38.49
249	9616	38.62
250	9637	38.55
251	10517	41.90
252	9795	38.87
253	9791	38.70
254	9846	38.76
255	9902	38.83
256	9940	38.83
257	10227	39.79
258	10266	39.79
259	10314	39.82
260	10386	39.95
261	10484	40.17
262	10519	40.15
263	10567	40.18
264	10632	40.27
265	11121	41.97
266	11862	44.59
267	11380	42.62
268	11551	43.10
269	11839	44.01
270	11920	44.15
271	11782	43.48
272	13230	48.64
273	16478	60.36
274	15496	56.55
275	11344	41.25
276	11925	43.21
277	11199	40.43
278	11251	40.47
279	11311	40.54
280	11371	40.61
281	11406	40.59
282	11445	40.59
283	11488	40.59
284	11736	41.32
285	11616	40.76
286	11657	40.76
287	11716	40.82
288	11766	40.85
289	11808	40.86
290	11856	40.88
291	11901	40.90
292	11957	40.95
293	12003	40.97
294	12061	41.02
295	12112	41.06
296	12148	41.04
297	12186	41.03
298	12234	41.05
299	12337	41.26
300	13362	44.54
301	12468	41.42
302	12529	41.49
303	13638	45.01
304	12726	41.86
305	12772	41.88
306	12828	41.92
307	12875	41.94
308	14387	46.71
309	12979	42.00
310	13034	42.05
311	13079	42.05
312	14360	46.03
313	13096	41.84
314	14063	44.79
315	15889	50.44
316	13272	42.00
317	13643	43.04
318	14212	44.69
319	13502	42.33
320	14049	43.90
321	14151	44.08
322	13736	42.66
323	13796	42.71
324	14285	44.09
325	14575	44.85
326	14581	44.73
327	13820	42.26
328	13860	42.26
329	13913	42.29
330	15132	45.85
331	14054	42.46
332	14121	42.53
333	14175	42.57
334	14881	44.55
335	14285	42.64
336	14343	42.69
337	14397	42.72
338	14443	42.73
339	14488	42.74
340	14535	42.75
341	14601	42.82
342	16042	46.91
343	14733	42.95
344	14746	42.87
345	14808	42.92
346	14845	42.90
347	14912	42.97
348	14988	43.07
349	15032	43.07
350	15090	43.11
351	15152	43.17
352	15205	43.20
353	15255	43.22
354	16772	47.38
355	15486	43.62
356	17434	48.97
357	16351	45.80
358	15532	43.39
359	15584	43.41
360	16021	44.50
361	19266	53.37
362	18569	51.30
363	17682	48.71
364	16592	45.58
365	21008	57.56
366	16145	44.11
367	16028	43.67
368	16102	43.76
369	16251	44.04
370	16213	43.82
371	16300	43.94
372	16317	43.86
373	16426	44.04
374	16528	44.19
375	16528	44.07
376	16593	44.13
377	16616	44.07
378	16657	44.07
379	16730	44.14
380	16788	44.18
381	16850	44.23
382	16900	44.24
383	16972	44.31
384	17031	44.35
385	24275	63.05
386	28910	74.90
387	23833	61.58
388	17235	44.42
389	17302	44.48
390	17387	44.58
391	19261	49.26
392	22072	56.31
393	25298	64.37
394	18845	47.83
395	17604	44.57
396	17675	44.63
397	17727	44.65
398	17791	44.70
399	17855	44.75
400	18832	47.08
401	17954	44.77
402	18011	44.80
403	18076	44.85
404	18132	44.88
405	18190	44.91
406	18255	44.96
407	20507	50.39
408	19397	47.54
409	18459	45.13
410	18509	45.14
411	18571	45.18
412	18724	45.45
413	18715	45.31
414	18770	45.34
415	18824	45.36
416	18894	45.42
417	19020	45.61
418	19008	45.47
419	19053	45.47
420	19108	45.50
421	19633	46.63
422	22365	53.00
423	20076	47.46
424	26227	61.86
425	20087	47.26
426	20691	48.57
427	19519	45.71
428	20389	47.64
429	19660	45.83
430	19724	45.87
431	21574	50.06
432	19830	45.90
433	19890	45.94
434	19943	45.95
435	20009	46.00
436	20061	46.01
437	21161	48.42
438	20245	46.22
439	20280	46.20
440	20355	46.26
441	20426	46.32
442	20475	46.32
443	20534	46.35
444	20600	46.40
445	20759	46.65
446	20718	46.45
447	20786	46.50
448	20835	46.51
449	20905	46.56
450	20960	46.58
451	21021	46.61
452	21080	46.64
453	21139	46.66
454	21201	46.70
455	21263	46.73
456	21318	46.75
457	22671	49.61
458	28872	63.04
459	29316	63.87
460	21842	47.48
461	21675	47.02
462	23949	51.84
463	29118	62.89
464	25504	54.97
465	21934	47.17
466	21974	47.15
467	22044	47.20
468	22108	47.24
469	22158	47.25
470	22207	47.25
471	22280	47.30
472	22345	47.34
473	22417	47.39
474	22612	47.70
475	22571	47.52
476	22648	47.58
477	22707	47.60
478	25473	53.29
479	25284	52.78
480	28647	59.68
481	23741	49.36
482	24447	50.72
483	23210	48.05
484	23670	48.90
485	23299	48.04
486	23371	48.09
487	23797	48.86
488	24357	49.91
489	23526	48.11
490	23607	48.18
491	23695	48.26
492	23746	48.26
493	24746	50.19
494	24187	48.96
495	23916	48.32
496	23993	48.37
497	24068	48.43
498	24127	48.45
499	24186	48.47
500	24576	49.15
501	24400	48.70
502	24472	48.75
503	24538	48.78
504	24599	48.81
505	25379	50.26
506	24653	48.72
507	24715	48.75
508	24782	48.78
509	25883	50.85
510	24912	48.85
511	25002	48.93
512	25087	49.00
513	26034	50.75
514	25717	50.03
515	25776	50.05
516	25855	50.11
517	25911	50.12
518	25996	50.19
519	26061	50.21
520	26117	50.23
521	27238	52.28
522	26235	50.26
523	26300	50.29
524	26469	50.51
525	26435	50.35
526	28079	53.38
527	26543	50.37
528	26601	50.38
529	28272	53.44
530	26780	50.53
531	26875	50.61
532	26913	50.59
533	26993	50.64
534	27057	50.67
535	27130	50.71
536	27204	50.75
537	27287	50.81
538	27380	50.89
539	27453	50.93
540	27529	50.98
541	27599	51.01
542	27722	51.15
543	27731	51.07
544	27805	51.11
545	27867	51.13
546	28642	52.46
547	27996	51.18
548	28070	51.22
549	29727	54.15
550	28965	52.66
551	42484	77.10
552	29515	53.47
553	29116	52.65
554	29198	52.70
555	29659	53.44
556	30112	54.16
557	28651	51.44
558	29441	52.76
559	28867	51.64
560	28861	51.54
561	28904	51.52
562	28995	51.59
563	30009	53.30
564	29124	51.64
565	30666	54.28
566	29289	51.75
567	29352	51.77
568	29428	51.81
569	29519	51.88
570	29622	51.97
571	29669	51.96
572	29755	52.02
573	29825	52.05
574	32508	56.63
575	41357	71.93
576	35051	60.85
577	32375	56.11
578	30305	52.43
579	31620	54.61
580	30452	52.50
581	30525	52.54
582	30599	52.58
583	30675	52.62
584	30746	52.65
585	30816	52.68
586	30900	52.73
587	30976	52.77
588	31193	53.05
589	34644	58.82
590	31151	52.80
591	31191	52.78
592	31251	52.79
593	34731	58.57
594	32297	54.37
595	32146	54.03
596	31399	52.68
597	35594	59.62
598	32421	54.22
599	32498	54.25
600	32660	54.43
601	32098	53.41
602	32024	53.20
603	32133	53.29
604	32209	53.33
605	32274	53.35
606	32355	53.39
607	32435	53.43
608	34644	56.98
609	32427	53.25
610	32509	53.29
611	32586	53.33
612	32662	53.37
613	33170	54.11
614	32825	53.46
615	33398	54.31
616	35673	57.91
617	34777	56.36
618	33254	53.81
619	33307	53.81
620	34980	56.42
621	34411	55.41
622	34478	55.43
623	34564	55.48
624	38357	61.47
625	34621	55.39
626	34704	55.44
627	34768	55.45
628	34840	55.48
629	34902	55.49
630	35606	56.52
631	34259	54.29
632	34239	54.18
633	34335	54.24
634	34396	54.25
635	34923	55.00
636	35538	55.88
637	34702	54.48
638	34699	54.39
639	34789	54.44
640	36499	57.03
641	50164	78.26
642	43242	67.36
643	35166	54.69
644	35219	54.69
645	35285	54.71
646	35594	55.10
647	35536	54.92
648	35509	54.80
649	35560	54.79
650	37496	57.69
651	45207	69.44
652	39311	60.29
653	39387	60.32
654	37033	56.63
655	37115	56.66
656	40726	62.08
657	36696	55.85
658	36307	55.18
659	36553	55.47
660	36529	55.35
661	36527	55.26
662	36652	55.37
663	36672	55.31
664	36745	55.34
665	37187	55.92
666	36934	55.46
667	38704	58.03
668	41215	61.70
669	38930	58.19
670	42907	64.04
671	38408	57.24
672	38491	57.28
673	39561	58.78
674	40078	59.46
675	37756	55.93
676	37814	55.94
677	37982	56.10
678	38540	56.84
679	38100	56.11
680	38167	56.13
681	38279	56.21
682	38316	56.18
683	40423	59.18
684	38435	56.19
685	38567	56.30
686	46764	68.17
687	41727	60.74
688	38857	56.48
689	38953	56.54
690	39020	56.55
691	39117	56.61
692	39188	56.63
693	39371	56.81
694	39363	56.72
695	39435	56.74
696	39531	56.80
697	41077	58.93
698	39704	56.88
699	39799	56.94
700	47302	67.57
701	43277	61.74
702	42715	60.85
703	40050	56.97
704	40134	57.01
705	45037	63.88
706	40274	57.05
707	40356	57.08
708	40531	57.25
709	40607	57.27
710	40606	57.19
711	42122	59.24
712	40746	57.23
713	40901	57.36
714	40994	57.41
715	45910	64.21
716	43572	60.85
717	41140	57.38
718	41226	57.42
719	41320	57.47
720	41386	57.48
721	41464	57.51
722	41550	57.55
723	44929	62.14
724	41921	57.90
725	41878	57.76
726	43429	59.82
727	42059	57.85
728	42819	58.82
729	42211	57.90
730	44454	60.90
731	48109	65.81
732	51781	70.74
733	46050	62.82
734	43969	59.90
735	44017	59.89
736	44077	59.89
737	44177	59.94
738	44256	59.97
739	45789	61.96
740	43273	58.48
741	43364	58.52
742	46590	62.79
743	44777	60.27
744	44781	60.19
745	49107	65.92
746	48536	65.06
747	56196	75.23
748	44383	59.34
749	44001	58.75
750	44094	58.79
751	44175	58.82
752	44271	58.87
753	44342	58.89
754	44437	58.94
755	44505	58.95
756	46280	61.22
757	46180	61.00
758	44818	59.13
759	44907	59.17
760	44993	59.20
761	45105	59.27
762	45189	59.30
763	45505	59.64
764	45767	59.90
765	45620	59.63
766	45615	59.55
767	45698	59.58
768	54269	70.66
769	45797	59.55
770	45875	59.58
771	46399	60.18
772	46082	59.69
773	48453	62.68
774	50289	64.97
775	47873	61.77
776	48623	62.66
777	46549	59.91
778	46602	59.90
779	48545	62.32
780	48145	61.72
781	48210	61.73
782	48315	61.78
783	49864	63.68
784	49529	63.17
785	47260	60.20
786	47319	60.20
787	47429	60.27
788	47507	60.29
789	47568	60.29
790	47690	60.37
791	50990	64.46
792	49326	62.28
793	48022	60.56
794	48127	60.61
795	48188	60.61
796	48302	60.68
797	48385	60.71
798	48485	60.76
799	48579	60.80
800	52240	65.30
801	48890	61.04
802	54789	68.32
803	51339	63.93
804	50547	62.87
805	50570	62.82
806	50663	62.86
807	51377	63.66
808	49533	61.30
809	49552	61.25
810	51763	63.90
811	49551	61.10
812	49796	61.33
813	49727	61.16
814	49867	61.26
815	52108	63.94
816	49938	61.20
817	50020	61.22
818	50262	61.44
819	50254	61.36
820	52816	64.41
821	50427	61.42
822	51018	62.07
823	50598	61.48
824	50691	61.52
825	50805	61.58
826	50889	61.61
827	55100	66.63
828	62691	75.71
829	51255	61.83
830	51326	61.84
831	51419	61.88
832	51502	61.90
833	51593	61.94
834	51691	61.98
835	53367	63.91
836	51868	62.04
837	52798	63.08
838	54664	65.23
839	52261	62.29
840	56716	67.52
841	55800	66.35
842	52388	62.22
843	52777	62.61
844	52562	62.28
845	52734	62.41
846	52736	62.34
847	52838	62.38
848	54468	64.23
849	54507	64.20
850	53131	62.51
851	54209	63.70
852	53437	62.72
853	53478	62.69
854	57433	67.25
855	54739	64.02
856	53764	62.81
857	53845	62.83
858	55405	64.57
859	54062	62.94
860	54195	63.02
861	60371	70.12
862	55060	63.87
863	56793	65.81
864	58741	67.99
865	54917	63.49
866	57174	66.02
867	56691	65.39
868	56799	65.44
869	56917	65.50
870	55210	63.46
871	56766	65.17
872	55394	63.53
873	55511	63.59
874	55620	63.64
875	55727	63.69
876	55901	63.81
877	56405	64.32
878	57875	65.92
879	57918	65.89
880	58409	66.37
881	67887	77.06
882	56593	64.16
883	56694	64.21
884	59283	67.06
885	56787	64.17
886	60243	67.99
887	71464	80.57
888	58777	66.19
889	60498	68.05
890	57424	64.52
891	58501	65.66
892	57414	64.37
893	57439	64.32
894	59338	66.37
895	57612	64.37
896	57990	64.72
897	58213	64.90
898	57829	64.40
899	58940	65.56
900	58463	64.96
901	58068	64.45
902	62160	68.91
903	60206	66.67
904	60314	66.72
905	60447	66.79
906	60105	66.34
907	59094	65.15
908	58825	64.79
909	58948	64.85
910	59038	64.88
911	59157	64.94
912	59242	64.96
913	59366	65.02
914	59419	65.01
915	61395	67.10
916	61600	67.25
917	61745	67.33
918	61844	67.37
919	62295	67.79
920	62026	67.42
921	65802	71.45
922	64531	69.99
923	65488	70.95
924	61803	66.89
925	60797	65.73
926	61481	66.39
927	61019	65.82
928	61252	66.00
929	64662	69.60
930	62277	66.96
931	69432	74.58
932	67297	72.21
933	61387	65.80
934	62089	66.48
935	66206	70.81
936	64849	69.28
937	62004	66.17
938	62086	66.19
939	62190	66.23
940	64367	68.48
941	64668	68.72
942	65663	69.71
943	62700	66.49
944	62768	66.49
945	62879	66.54
946	63612	67.24
947	64532	68.14
948	63227	66.70
949	63286	66.69
950	63349	66.68
951	66810	70.25
952	70634	74.20
953	64972	68.18
954	63691	66.76
955	63843	66.85
956	63915	66.86
957	65346	68.28
958	64261	67.08
959	74382	77.56
960	65137	67.85
961	77470	80.61
962	67215	69.87
963	64906	67.40
964	64746	67.16
965	64868	67.22
966	64970	67.26
967	65076	67.30
968	66073	68.26
969	67037	69.18
970	69671	71.83
971	65453	67.41
972	65535	67.42
973	65618	67.44
974	65775	67.53
975	66007	67.70
976	65948	67.57
977	66920	68.50
978	67568	69.09
979	66773	68.21
980	66653	68.01
981	66768	68.06
982	67288	68.52
983	69072	70.27
984	66816	67.90
985	71448	72.54
986	67232	68.19
987	67603	68.49
988	69027	69.87
989	67603	68.35
990	67812	68.50
991	69260	69.89
992	67937	68.48
993	70231	70.73
994	68127	68.54
995	72730	73.10
996	69913	70.19
997	68720	68.93
998	68292	68.43
999	69027	69.10
1000	72397	72.40
1001	87184	87.10
1002	68778	68.64
1003	68891	68.68
1004	69752	69.47
1005	71087	70.73
1006	69229	68.82
1007	70809	70.32
1008	69443	68.89
1009	69529	68.91
1010	71510	70.80
1011	79477	78.61
1012	70834	69.99
1013	70114	69.21
1014	70237	69.27
1015	70484	69.44
1016	70855	69.74
1017	72111	70.91
1018	70648	69.40
1019	72052	70.71
1020	88296	86.56
1021	70928	69.47
1022	70910	69.38
1023	71039	69.44
1024	71141	69.47
1025	75066	73.24
1026	77654	75.69
1027	73773	71.83
1028	72393	70.42
1029	81378	79.08
1030	77427	75.17
1031	72763	70.58
1032	72838	70.58
1033	73049	70.72
1034	73071	70.67
1035	73399	70.92
1036	73291	70.74
1037	74779	72.11
1038	73840	71.14
1039	74856	72.05
1040	75148	72.26
1041	73944	71.03
1042	76629	73.54
1043	74103	71.05
1044	76949	73.71
1045	78931	75.53
1046	90415	86.44
1047	78372	74.85
1048	75151	71.71
1049	74720	71.23
1050	75992	72.37
1051	74935	71.30
1052	76481	72.70
1053	75364	71.57
1054	76591	72.67
1055	75394	71.46
1056	75460	71.46
1057	77106	72.95
1058	75688	71.54
1059	81405	76.87
1060	77281	72.91
1061	75976	71.61
1062	76099	71.66
1063	79155	74.46
1064	80682	75.83
1065	79358	74.51
1066	77276	72.49
1067	76857	72.03
1068	76999	72.10
1069	78806	73.72
1070	78785	73.63
1071	77152	72.04
1072	77253	72.06
1073	77358	72.10
1074	77610	72.26
1075	92039	85.62
1076	77799	72.30
1077	77892	72.32
1078	78027	72.38
1079	78096	72.38
1080	79116	73.26
1081	84668	78.32
1082	82437	76.19
1083	78439	72.43
1084	78549	72.46
1085	79831	73.58
1086	79017	72.76
1087	80503	74.06
1088	79140	72.74
1089	80314	73.75
1090	80453	73.81
1091	81821	75.00
1092	79654	72.94
1093	79736	72.95
1094	82156	75.10
1095	80076	73.13
1096	81492	74.35
1097	80310	73.21
1098	80269	73.10
1099	80346	73.11
1100	84493	76.81
1101	80698	73.30
1102	80810	73.33
1103	80915	73.36
1104	83041	75.22
1105	82646	74.79
1106	86629	78.33
1107	82169	74.23
1108	81550	73.60
1109	84213	75.94
1110	84403	76.04
1111	84166	75.76
1112	81854	73.61
1113	81935	73.62
1114	96004	86.18
1115	82211	73.73
1116	82274	73.72
1117	95959	85.91
1118	87433	78.20
1119	88363	78.97
1120	82822	73.95
1121	85751	76.50
1122	95875	85.45
1123	87601	78.01
1124	83338	74.14
1125	84115	74.77
1126	83542	74.19
1127	85131	75.54
1128	86728	76.89
1129	84015	74.42
1130	86464	76.52
1131	86429	76.42
1132	86913	76.78
1133	87086	76.86
1134	86703	76.46
1135	86062	75.83
1136	84592	74.46
1137	84724	74.52
1138	88166	77.47
1139	87292	76.64
1140	87638	76.88
1141	88646	77.69
1142	85331	74.72
1143	88328	77.28
1144	85729	74.94
1145	85692	74.84
1146	85828	74.89
1147	90621	79.01
1148	88596	77.17
1149	86296	75.11
1150	87251	75.87
1151	86557	75.20
1152	88135	76.51
1153	89496	77.62
1154	96415	83.55
1155	87075	75.39
1156	87356	75.57
1157	87277	75.43
1158	87540	75.60
1159	88800	76.62
1160	87748	75.64
1161	93739	80.74
1162	89855	77.33
1163	88041	75.70
1164	88293	75.85
1165	89419	76.75
1166	91929	78.84
1167	88564	75.89
1168	97699	83.65
1169	93768	80.21
1170	89927	76.86
1171	88986	75.99
1172	89348	76.24
1173	90721	77.34
1174	90647	77.21
1175	101353	86.26
1176	94544	80.39
1177	91551	77.78
1178	90116	76.50
1179	91558	77.66
1180	90329	76.55
1181	91925	77.84
1182	93479	79.09
1183	91812	77.61
1184	90907	76.78
1185	91100	76.88
1186	91325	77.00
1187	91657	77.22
1188	96610	81.32
1189	91483	76.94
1190	91561	76.94
1191	93038	78.12
1192	91882	77.08
1193	93736	78.57
1194	94841	79.43
1195	101253	84.73
1196	92372	77.23
1197	92499	77.28
1198	95175	79.44
1199	95307	79.49
1200	97386	81.16
1201	100099	83.35
1202	93527	77.81
1203	93447	77.68
1204	94138	78.19
1205	100648	83.53
1206	96309	79.86
1207	96429	79.89
1208	96553	79.93
1209	102697	84.94
1210	97239	80.36
1211	98305	81.18
1212	98644	81.39
1213	95755	78.94
1214	108726	89.56
1215	97522	80.27
1216	97667	80.32
1217	96906	79.63
1218	95768	78.63
1219	106333	87.23
1220	96246	78.89
1221	96254	78.83
1222	95900	78.48
1223	95910	78.42
1224	97399	79.57
1225	96195	78.53
1226	122034	99.54
1227	100696	82.07
1228	96840	78.86
1229	97242	79.12
1230	98928	80.43
1231	97820	79.46
1232	100351	81.45
1233	99149	80.41
1234	97732	79.20
1235	97709	79.12
1236	97703	79.05
1237	99312	80.28
1238	97989	79.15
1239	107677	86.91
1240	98226	79.21
1241	98353	79.25
1242	98802	79.55
1243	98810	79.49
1244	100360	80.68
1245	99093	79.59
1246	107371	86.17
1247	99078	79.45
1248	99374	79.63
1249	108896	87.19
1250	99577	79.66
1251	103787	82.96
1252	105893	84.58
1253	104530	83.42
1254	100032	79.77
1255	100129	79.78
1256	103235	82.19
1257	103253	82.14
1258	103376	82.17
1259	102088	81.09
1260	105165	83.46
1261	101243	80.29
1262	104636	82.91
1263	105399	83.45
1264	101430	80.25
1265	105910	83.72
1266	109869	86.78
1267	104668	82.61
1268	104965	82.78
1269	104148	82.07
1270	103578	81.56
1271	102260	80.46
1272	106339	83.60
1273	103128	81.01
1274	103625	81.34
1275	102997	80.78
1276	103204	80.88
1277	104309	81.68
1278	103760	81.19
1279	103424	80.86
1280	103733	81.04
1281	103684	80.94
1282	104015	81.13
1283	103985	81.05
1284	104507	81.39
1285	104148	81.05
1286	109989	85.53
1287	104378	81.10
1288	104479	81.12
1289	105766	82.05
1290	105134	81.50
1291	105308	81.57
1292	122947	95.16
1293	109965	85.05
1294	108417	83.78
1295	108316	83.64
1296	110504	85.27
1297	111680	86.11
1298	112713	86.84
1299	107395	82.68
1300	106463	81.89
1301	106234	81.66
1302	107883	82.86
1303	107957	82.85
1304	107434	82.39
1305	114972	88.10
1306	111485	85.36
1307	107184	82.01
1308	111589	85.31
1309	110324	84.28
1310	110087	84.04
1311	109518	83.54
1312	113209	86.29
1313	117196	89.26
1314	108607	82.65
1315	108158	82.25
1316	109532	83.23
1317	123935	94.10
1318	110366	83.74
1319	114636	86.91
1320	108936	82.53
1321	109008	82.52
1322	115754	87.56
1323	121823	92.08
1324	113305	85.58
1325	109616	82.73
1326	111652	84.20
1327	109784	82.73
1328	110189	82.97
1329	110193	82.91
1330	111350	83.72
1331	118427	88.98
1332	111534	83.73
1333	110732	83.07
1334	115498	86.58
1335	116743	87.45
1336	114830	85.95
1337	112762	84.34
1338	111338	83.21
1339	113014	84.40
1340	111603	83.29
1341	117115	87.33
1342	111888	83.37
1343	112822	84.01
1344	112303	83.56
1345	113918	84.70
1346	112393	83.50
1347	121663	90.32
1348	118702	88.06
1349	113907	84.44
1350	113095	83.77
1351	114587	84.82
1352	119690	88.53
1353	113349	83.78
1354	113488	83.82
1355	113830	84.01
1356	118025	87.04
1357	118353	87.22
1358	114238	84.12
1359	114273	84.09
1360	114274	84.03
1361	114518	84.14
1362	116286	85.38
1363	118615	87.02
1364	121287	88.92
1365	119737	87.72
1366	115277	84.39
1367	116649	85.33
1368	117083	85.59
1369	117066	85.51
1370	116584	85.10
1371	117402	85.63
1372	117466	85.62
1373	120049	87.44
1374	120371	87.61
1375	117674	85.58
1376	120828	87.81
1377	119690	86.92
1378	117790	85.48
1379	117160	84.96
1380	119465	86.57
1381	119161	86.29
1382	117505	85.03
1383	136816	98.93
1384	120182	86.84
1385	118053	85.24
1386	117841	85.02
1387	120095	86.59
1388	123951	89.30
1389	120569	86.80
1390	121256	87.23
1391	119966	86.24
1392	118992	85.48
1393	118994	85.42
1394	121456	87.13
1395	122445	87.77
1396	122545	87.78
1397	123155	88.16
1398	119565	85.53
1399	120291	85.98
1400	127410	91.01
1401	121195	86.51
1402	121152	86.41
1403	120334	85.77
1404	128331	91.40
1405	120875	86.03
1406	120767	85.89
1407	121807	86.57
1408	121056	85.98
1409	121087	85.94
1410	130839	92.79
1411	125984	89.29
1412	131398	93.06
1413	121871	86.25
1414	126410	89.40
1415	130166	91.99
1416	126103	89.06
1417	125682	88.70
1418	124818	88.02
1419	123055	86.72
1420	124326	87.55
1421	124885	87.89
1422	127113	89.39
1423	125100	87.91
1424	126931	89.14
1425	126275	88.61
1426	124541	87.34
1427	127114	89.08
1428	126442	88.54
1429	123938	86.73
1430	124621	87.15
1431	124379	86.92
1432	124428	86.89
1433	124522	86.90
1434	150667	105.07
1435	127149	88.61
1436	129592	90.25
1437	145042	100.93
1438	129328	89.94
1439	128041	88.98
1440	126799	88.05
1441	126678	87.91
1442	126071	87.43
1443	133142	92.27
1444	126255	87.43
1445	126303	87.41
1446	128005	88.52
1447	128210	88.60
1448	137591	95.02
1449	127951	88.30
1450	127345	87.82
1451	128721	88.71
1452	139165	95.84
1453	131628	90.59
1454	132638	91.22
1455	131968	90.70
1456	129175	88.72
1457	128963	88.51
1458	128195	87.93
1459	128278	87.92
1460	129514	88.71
1461	128623	88.04
1462	130203	89.06
1463	129035	88.20
1464	129026	88.13
1465	136596	93.24
1466	129456	88.31
1467	129524	88.29
1468	132961	90.57
1469	130079	88.55
1470	131406	89.39
1471	137555	93.51
1472	130094	88.38
1473	130265	88.44
1474	137956	93.59
1475	130672	88.59
1476	136247	92.31
1477	138872	94.02
1478	136419	92.30
1479	133318	90.14
1480	135749	91.72
1481	136423	92.12
1482	131702	88.87
1483	132232	89.17
1484	138506	93.33
1485	134903	90.84
1486	132121	88.91
1487	136081	91.51
1488	134073	90.10
1489	132777	89.17
1490	136756	91.78
1491	136540	91.58
1492	136672	91.60
1493	137741	92.26
1494	134990	90.35
1495	133777	89.48
1496	134947	90.21
1497	134105	89.58
1498	134144	89.55
1499	137917	92.01
1500	138230	92.15
1501	136030	90.63
1502	135512	90.22
1503	140848	93.71
1504	134932	89.72
1505	144125	95.76
1506	135308	89.85
1507	135423	89.86
1508	140382	93.09
1509	139805	92.65
1510	149950	99.30
1511	142705	94.44
1512	136358	90.18
1513	140638	92.95
1514	141406	93.40
1515	152142	100.42
1516	141436	93.30
1517	142778	94.12
1518	138131	91.00
1519	137412	90.46
1520	146531	96.40
1521	137630	90.49
1522	138079	90.72
1523	140146	92.02
1524	138048	90.58
1525	138481	90.81
1526	139122	91.17
1527	157567	103.19
1528	140310	91.83
1529	138935	90.87
1530	144495	94.44
1531	139046	90.82
1532	139189	90.85
1533	139572	91.05
1534	144095	93.93
1535	147570	96.14
1536	143542	93.45
1537	145163	94.45
1538	140108	91.10
1539	150532	97.81
1540	143297	93.05
1541	140953	91.47
1542	152880	99.14
1543	157063	101.79
1544	145309	94.11
1545	143553	92.91
1546	141541	91.55
1547	145092	93.79
1548	142195	91.86
1549	143911	92.91
1550	142155	91.71
1551	142786	92.06
1552	149229	96.15
1553	145716	93.83
1554	144518	93.00
1555	144581	92.98
1556	144503	92.87
1557	143409	92.11
1558	143528	92.12
1559	146133	93.74
1560	144419	92.58
1561	149471	95.75
1562	144006	92.19
1563	152802	97.76
1564	144307	92.27
1565	145393	92.90
1566	145947	93.20
1567	144578	92.26
1568	146228	93.26
1569	152786	97.38
1570	145335	92.57
1571	145476	92.60
1572	154459	98.26
1573	148367	94.32
1574	146514	93.08
1575	148211	94.10
1576	148322	94.11
1577	151428	96.02
1578	148224	93.93
1579	153927	97.48
1580	146940	93.00
1581	151244	95.66
1582	153084	96.77
1583	147176	92.97
1584	148754	93.91
1585	156549	98.77
1586	147715	93.14
1587	148451	93.54
1588	148179	93.31
1589	154722	97.37
1590	148834	93.61
1591	148350	93.24
1592	150155	94.32
1593	148792	93.40
1594	156362	98.09
1595	155674	97.60
1596	160016	100.26
1597	153199	95.93
1598	151084	94.55
1599	157283	98.36
1600	151886	94.93
1601	151105	94.38
1602	156095	97.44
1603	150958	94.17
1604	168343	104.95
1605	153324	95.53
1606	152923	95.22
1607	153110	95.28
1608	151241	94.06
1609	165521	102.87
1610	163868	101.78
1611	151667	94.14
1612	158542	98.35
1613	164572	102.03
1614	161082	99.80
1615	154046	95.38
1616	153954	95.27
1617	153599	94.99
1618	157992	97.65
1619	156732	96.81
1620	154357	95.28
1621	154257	95.16
1622	153459	94.61
1623	154904	95.44
1624	153693	94.64
1625	153802	94.65
1626	161021	99.03
1627	161243	99.10
1628	159166	97.77
1629	155937	95.73
1630	158093	96.99
1631	162621	99.71
1632	155922	95.54
1633	155740	95.37
1634	163120	99.83
1635	166337	101.74
1636	155945	95.32
1637	155976	95.28
1638	158889	97.00
1639	156242	95.33
1640	161255	98.33
1641	156991	95.67
1642	158359	96.44
1643	156654	95.35
1644	158699	96.53
1645	157026	95.46
1646	157756	95.84
1647	158134	96.01
1648	158298	96.05
1649	161525	97.95
1650	161914	98.13
1651	157827	95.59
1652	159644	96.64
1653	167346	101.24
1654	159329	96.33
1655	158754	95.92
1656	162771	98.29
1657	164021	98.99
1658	158966	95.88
1659	159449	96.11
1660	162291	97.77
1661	168146	101.23
1662	160566	96.61
1663	160030	96.23
1664	162289	97.53
1665	167264	100.46
1666	160402	96.28
1667	160556	96.31
1668	164677	98.73
1669	161706	96.89
1670	168970	101.18
1671	161456	96.62
1672	161505	96.59
1673	173190	103.52
1674	164959	98.54
1675	167582	100.05
1676	162101	96.72
1677	166559	99.32
1678	169077	100.76
1679	168382	100.29
1680	212635	126.57
1681	190786	113.50
1682	174598	103.80
1683	163401	97.09
1684	165505	98.28
1685	164161	97.42
1686	163651	97.06
1687	167557	99.32
1688	170135	100.79
1689	164241	97.24
1690	169945	100.56
1691	169205	100.06
1692	169254	100.03
1693	167994	99.23
1694	164944	97.37
1695	180411	106.44
1696	166714	98.30
1697	169382	99.81
1698	166698	98.17
1699	167151	98.38
1700	167771	98.69
1701	168377	98.99
1702	169396	99.53
1703	173574	101.92
1704	171879	100.87
1705	168579	98.87
1706	167999	98.48
1707	185190	108.49
1708	183374	107.36
1709	177716	103.99
1710	173435	101.42
1711	173675	101.50
1712	168098	98.19
1713	168228	98.21
1714	170015	99.19
1715	175158	102.13
1716	168817	98.38
1717	177427	103.34
1718	169062	98.41
1719	180294	104.88
1720	170757	99.28
1721	173301	100.70
1722	176131	102.28
1723	170353	98.87
1724	170928	99.15
1725	170364	98.76
1726	171404	99.31
1727	171797	99.48
1728	173006	100.12
1729	173360	100.27
1730	172866	99.92
1731	178101	102.89
1732	173511	100.18
1733	179838	103.77
1734	175149	101.01
1735	188889	108.87
1736	174344	100.43
1737	190300	109.56
1738	178456	102.68
1739	181018	104.09
1740	177595	102.07
1741	176428	101.34
1742	173080	99.36
1743	175312	100.58
1744	173235	99.33
1745	187736	107.59
1746	174119	99.72
1747	179488	102.74
1748	176440	100.94
1749	174497	99.77
1750	176879	101.07
1751	174661	99.75
1752	181990	103.88
1753	178921	102.07
1754	185507	105.76
1755	176786	100.73
1756	178187	101.47
1757	181128	103.09
1758	180705	102.79
1759	184646	104.97
1760	178602	101.48
1761	224709	127.60
1762	287083	162.93
1763	226442	128.44
1764	206889	117.28
1765	187321	106.13
1766	181990	103.05
1767	183051	103.59
1768	183281	103.67
1769	184493	104.29
1770	177846	100.48
1771	180147	101.72
1772	183271	103.43
1773	183931	103.74
1774	181584	102.36
1775	182275	102.69
1776	180980	101.90
1777	179452	100.99
1778	180886	101.74
1779	197958	111.27
1780	199764	112.23
1781	180156	101.15
1782	182731	102.54
1783	180291	101.12
1784	181648	101.82
1785	184840	103.55
1786	182229	102.03
1787	184350	103.16
1788	185647	103.83
1789	180948	101.14
1790	182703	102.07
1791	182909	102.13
1792	200024	111.62
1793	185341	103.37
1794	185457	103.38
1795	186630	103.97
1796	183398	102.11
1797	183005	101.84
1798	186150	103.53
1799	183799	102.17
1800	188155	104.53
1801	183738	102.02
1802	184418	102.34
1803	189913	105.33
1804	188734	104.62
1805	187038	103.62
1806	190481	105.47
1807	201872	111.72
1808	184510	102.05
1809	184562	102.02
1810	211510	116.86
1811	185226	102.28
1812	185182	102.20
1813	197517	108.94
1814	190780	105.17
1815	186601	102.81
1816	188431	103.76
1817	190915	105.07
1818	189628	104.31
1819	189630	104.25
1820	186506	102.48
1821	189810	104.23
1822	187063	102.67
1823	196983	108.05
1824	190073	104.21
1825	202770	111.11
1826	188481	103.22
1827	188695	103.28
1828	205821	112.59
1829	188422	103.02
1830	189811	103.72
1831	189927	103.73
1832	192744	105.21
1833	188771	102.98
1834	190333	103.78
1835	190653	103.90
1836	200545	109.23
1837	189487	103.15
1838	191107	103.98
1839	197544	107.42
1840	190901	103.75
1841	190494	103.47
1842	190424	103.38
1843	200099	108.57
1844	190550	103.34
1845	194271	105.30
1846	191135	103.54
1847	203440	110.15
1848	191393	103.57
1849	191825	103.75
1850	192080	103.83
1851	192193	103.83
1852	198893	107.39
1853	197790	106.74
1854	198743	107.20
1855	198425	106.97
1856	192958	103.96
1857	194680	104.84
1858	201781	108.60
1859	193424	104.05
1860	196649	105.73
1861	215372	115.73
1862	194308	104.35
1863	196263	105.35
1864	196696	105.52
1865	195025	104.57
1866	195815	104.94
1867	196544	105.27
1868	195127	104.46
1869	200449	107.25
1870	195583	104.59
1871	205603	109.89
1872	195854	104.62
1873	197544	105.47
1874	198664	106.01
1875	206186	109.97
1876	198084	105.59
1877	206154	109.83
1878	209035	111.31
1879	202195	107.61
1880	200817	106.82
1881	198708	105.64
1882	200305	106.43
1883	207589	110.24
1884	197767	104.97
1885	210626	111.74
1886	203790	108.05
1887	205131	108.71
1888	198585	105.18
1889	203114	107.52
1890	203959	107.91
1891	205413	108.63
1892	199402	105.39
1893	200325	105.82
1894	205526	108.51
1895	199919	105.50
1896	206951	109.15
1897	201644	106.30
1898	204343	107.66
1899	228356	120.25
1900	203799	107.26
1901	204342	107.49
1902	214232	112.64
1903	201346	105.80
1904	205272	107.81
1905	202008	106.04
1906	214197	112.38
1907	211867	111.10
1908	206766	108.37
1909	220330	115.42
1910	203866	106.74
1911	205915	107.75
1912	204700	107.06
1913	205151	107.24
1914	204578	106.89
1915	203593	106.31
1916	209151	109.16
1917	209693	109.39
1918	209024	108.98
1919	204056	106.33
1920	216528	112.78
1921	209674	109.15
1922	215110	111.92
1923	218440	113.59
1924	214208	111.33
1925	208959	108.55
1926	214965	111.61
1927	217799	113.02
1928	206834	107.28
1929	219140	113.60
1930	210843	109.25
1931	206542	106.96
1932	213520	110.52
1933	222049	114.87
1934	207335	107.21
1935	212197	109.66
1936	214969	111.04
1937	207915	107.34
1938	217512	112.24
1939	216344	111.58
1940	212398	109.48
1941	209636	108.00
1942	210828	108.56
1943	208472	107.29
1944	217171	111.71
1945	227837	117.14
1946	214091	110.02
1947	210190	107.96
1948	238536	122.45
1949	231588	118.82
1950	226773	116.29
1951	214414	109.90
1952	218961	112.17
1953	211051	108.07
1954	212735	108.87
1955	211790	108.33
1956	216159	110.51
1957	212329	108.50
1958	213963	109.28
1959	216331	110.43
1960	211789	108.06
1961	221047	112.72
1962	213077	108.60
1963	214866	109.46
1964	212746	108.32
1965	222230	113.09
1966	215189	109.46
1967	219624	111.65
1968	222919	113.27
1969	214601	108.99
1970	215233	109.26
1971	215552	109.36
1972	223842	113.51
1973	217161	110.07
1974	220694	111.80
1975	216709	109.73
1976	215229	108.92
1977	215005	108.75
1978	218151	110.29
1979	220900	111.62
1980	215813	109.00
1981	225916	114.04
1982	219423	110.71
1983	218939	110.41
1984	222306	112.05
1985	224229	112.96
1986	224033	112.81
1987	218523	109.98
1988	224150	112.75
1989	217188	109.19
1990	228197	114.67
1991	224372	112.69
1992	223519	112.21
1993	221321	111.05
1994	220447	110.56
1995	218992	109.77
1996	220071	110.26
1997	219649	109.99
1998	232386	116.31
1999	220291	110.20
2000	230115	115.06
2001	223739	111.81
2002	223201	111.49
2003	224194	111.93
2004	239331	119.43
2005	226006	112.72
2006	240633	119.96
2007	243991	121.57
2008	222183	110.65
2009	223152	111.08
2010	227335	113.10
2011	232149	115.44
2012	222729	110.70
2013	226697	112.62
2014	228465	113.44
2015	222290	110.32
2016	224689	111.45
2017	224152	111.13
2018	226655	112.32
2019	228405	113.13
2020	231498	114.60
2021	224906	111.28
2022	223768	110.67
2023	238333	117.81
2024	230591	113.93
2025	227441	112.32
2026	230584	113.81
2027	225856	111.42
2028	225322	111.11
2029	228313	112.52
2030	229657	113.13
2031	227553	112.04
2032	237899	117.08
2033	229930	113.10
2034	229635	112.90
2035	228540	112.30
2036	226309	111.15
2037	228539	112.19
2038	226725	111.25
2039	228603	112.12
2040	226973	111.26
2041	233970	114.63
2042	232440	113.83
2043	227359	111.29
2044	243637	119.20
2045	229650	112.30
2046	235091	114.90
2047	239206	116.86
2048	229903	112.26
2049	234442	114.42
2050	235048	114.66
2051	243002	118.48
2052	231732	112.93
2053	238717	116.28
2054	234149	114.00
2055	232542	113.16
2056	234243	113.93
2057	237456	115.44
2058	233551	113.48
2059	232463	112.90
2060	234960	114.06
2061	232473	112.80
2062	238708	115.77
2063	235032	113.93
2064	234568	113.65
2065	242849	117.60
2066	233888	113.21
2067	238301	115.29
2068	244300	118.13
2069	236082	114.10
2070	237897	114.93
2071	234519	113.24
2072	237307	114.53
2073	240794	116.16
2074	241087	116.24
2075	241572	116.42
2076	236042	113.70
2077	235412	113.34
2078	244832	117.82
2079	236378	113.70
2080	244239	117.42
2081	238206	114.47
2082	240000	115.27
2083	239790	115.12
2084	243172	116.69
2085	240285	115.24
2086	247461	118.63
2087	237654	113.87
2088	242672	116.22
2089	251569	120.43
2090	240250	114.95
2091	241976	115.72
2092	248747	118.90
2093	239981	114.66
2094	248849	118.84
2095	244317	116.62
2096	245612	117.18
2097	242294	115.54
2098	239618	114.21
2099	252087	120.10
2100	249727	118.92
2101	243655	115.97
2102	242364	115.30
2103	244933	116.47
2104	248878	118.29
2105	242298	115.11
2106	257953	122.48
2107	247854	117.63
2108	247136	117.24
2109	256808	121.77
2110	244422	115.84
2111	249008	117.96
2112	242218	114.69
2113	243848	115.40
2114	244047	115.44
2115	248871	117.67
2116	244456	115.53
2117	250337	118.25
2118	251572	118.78
2119	245628	115.92
2120	264919	124.96
2121	250514	118.11
2122	245598	115.74
2123	247352	116.51
2124	247187	116.38
2125	250876	118.06
2126	250244	117.71
2127	248154	116.67
2128	248632	116.84
2129	245757	115.43
2130	247575	116.23
2131	257260	120.72
2132	246420	115.58
2133	249366	116.91
2134	247839	116.14
2135	253455	118.71
2136	247732	115.98
2137	259114	121.25
2138	253443	118.54
2139	254500	118.98
2140	263227	123.00
2141	249521	116.54
2142	248541	116.03
2143	264332	123.35
2144	255525	119.18
2145	255574	119.15
2146	254227	118.47
2147	249353	116.14
2148	251038	116.87
2149	249833	116.26
2150	260010	120.93
2151	258970	120.40
2152	251410	116.83
2153	252793	117.41
2154	253543	117.71
2155	275372	127.78
2156	265538	123.16
2157	252299	116.97
2158	253199	117.33
2159	253713	117.51
2160	258333	119.60
2161	252708	116.94
2162	262539	121.43
2163	255821	118.27
2164	260159	120.22
2165	264841	122.33
2166	255242	117.84
2167	255058	117.70
2168	253942	117.13
2169	254120	117.16
2170	268526	123.74
2171	259145	119.37
2172	256187	117.95
2173	256266	117.93
2174	261967	120.50
2175	263782	121.28
2176	262645	120.70
2177	257023	118.06
2178	255598	117.35
2179	257073	117.98
2180	258746	118.69
2181	257791	118.20
2182	260479	119.38
2183	259422	118.84
2184	261930	119.93
2185	258925	118.50
2186	266236	121.79
2187	266862	122.02
2188	261913	119.70
2189	271117	123.85
2190	258260	117.93
2191	263107	120.09
2192	267463	122.02
2193	262380	119.64
2194	266808	121.61
2195	271121	123.52
2196	260970	118.84
2197	273772	124.61
2198	261259	118.86
2199	268172	121.95
2200	267340	121.52
2201	261081	118.62
2202	266336	120.95
2203	260919	118.44
2204	265042	120.25
2205	285527	129.49
2206	261972	118.75
2207	265343	120.23
2208	280174	126.89
2209	263763	119.40
2210	265422	120.10
2211	271746	122.91
2212	264998	119.80
2213	287647	129.98
2214	265668	119.99
2215	266237	120.20
2216	274223	123.75
2217	270235	121.89
2218	271822	122.55
2219	264305	119.11
2220	264531	119.16
2221	266553	120.01
2222	266117	119.76
2223	274639	123.54
2224	273569	123.01
2225	267375	120.17
2226	265589	119.31
2227	272587	122.40
2228	266353	119.55
2229	271544	121.82
2230	274895	123.27
2231	267851	120.06
2232	272033	121.88
2233	274366	122.87
2234	273691	122.51
2235	272666	122.00
2236	267614	119.68
2237	275646	123.22
2238	275363	123.04
2239	271508	121.26
2240	288333	128.72
2241	280805	125.30
2242	280058	124.91
2243	270793	120.73
2244	272104	121.26
2245	272413	121.34
2246	279038	124.24
2247	279259	124.28
2248	271339	120.70
2249	273020	121.40
2250	273316	121.47
2251	273836	121.65
2252	281458	124.98
2253	275919	122.47
2254	274250	121.67
2255	278970	123.71
2256	272228	120.67
2257	284662	126.12
2258	279121	123.61
2259	277624	122.90
2260	289111	127.93
2261	278660	123.25
2262	283198	125.20
2263	275616	121.79
2264	300446	132.71
2265	277006	122.30
2266	279660	123.42
2267	280163	123.58
2268	278608	122.84
2269	280010	123.41
2270	282396	124.40
2271	278712	122.73
2272	276860	121.86
2273	280450	123.38
2274	277029	121.82
2275	279800	122.99
2276	281942	123.88
2277	280379	123.14
2278	282494	124.01
2279	277935	121.95
2280	289120	126.81
2281	284220	124.60
2282	280208	122.79
2283	279904	122.60
2284	280268	122.71
2285	287796	125.95
2286	289171	126.50
2287	287023	125.50
2288	283006	123.69
2289	281640	123.04
2290	302677	132.17
2291	285866	124.78
2292	289443	126.28
2293	285672	124.58
2294	288980	125.97
2295	282954	123.29
2296	287414	125.18
2297	288903	125.77
2298	286532	124.69
2299	281220	122.32
2300	290374	126.25
2301	283580	123.24
2302	282052	122.52
2303	283111	122.93
2304	283205	122.92
2305	296513	128.64
2306	283320	122.86
2307	287682	124.70
2308	303492	131.50
2309	289590	125.42
2310	292100	126.45
2311	286132	123.81
2312	284175	122.91
2313	285660	123.50
2314	288797	124.80
2315	287059	124.00
2316	286373	123.65
2317	287265	123.98
2318	292919	126.37
2319	285774	123.23
2320	295489	127.37
2321	287724	123.97
2322	297609	128.17
2323	288579	124.23
2324	294657	126.79
2325	293334	126.17
2326	288036	123.83
2327	305107	131.12
2328	289395	124.31
2329	297394	127.69
2330	290409	124.64
2331	291132	124.90
2332	289791	124.27
2333	288631	123.72
2334	289559	124.06
2335	289851	124.13
2336	296836	127.07
2337	317331	135.79
2338	289942	124.01
2339	291431	124.60
2340	298203	127.44
2341	296184	126.52
2342	290656	124.11
2343	292135	124.68
2344	295551	126.09
2345	332720	141.88
2346	306143	130.50
2347	303396	129.27
2348	307495	130.96
2349	296630	126.28
2350	294293	125.23
2351	301723	128.34
2352	298350	126.85
2353	316484	134.50
2354	296021	125.75
2355	297405	126.29
2356	293593	124.62
2357	298150	126.50
2358	298586	126.63
2359	299246	126.85
2360	302580	128.21
2361	304382	128.92
2362	317329	134.35
2363	304285	128.77
2364	298578	126.30
2365	296647	125.43
2366	310303	131.15
2367	304696	128.73
2368	304436	128.56
2369	311023	131.29
2370	301129	127.06
2371	296907	125.22
2372	309683	130.56
2373	303737	128.00
2374	299454	126.14
2375	302389	127.32
2376	298926	125.81
2377	299985	126.20
2378	305938	128.65
2379	304752	128.10
2380	299997	126.05
2381	302551	127.07
2382	304112	127.67
2383	304029	127.58
2384	309845	129.97
2385	301054	126.23
2386	303414	127.16
2387	306450	128.38
2388	310166	129.89
2389	305026	127.68
2390	306986	128.45
2391	304594	127.39
2392	302364	126.41
2393	301723	126.09
2394	310397	129.66
2395	316291	132.06
2396	307188	128.21
2397	303813	126.75
2398	311111	129.74
2399	308827	128.73
2400	312455	130.19
2401	312435	130.13
2402	306544	127.62
2403	305514	127.14
2404	328860	136.80
2405	304273	126.52
2406	306594	127.43
2407	332607	138.18
2408	311397	129.32
2409	320678	133.12
2410	306599	127.22
2411	345243	143.19
2412	306500	127.07
2413	307883	127.59
2414	317302	131.44
2415	316621	131.11
2416	322444	133.46
2417	309110	127.89
2418	309897	128.16
2419	308052	127.35
2420	315559	130.40
2421	312016	128.88
2422	312763	129.13
2423	310281	128.06
2424	318507	131.40
2425	320301	132.08
2426	319056	131.52
2427	340150	140.15
2428	318046	130.99
2429	319814	131.66
2430	313886	129.17
2431	311407	128.10
2432	329185	135.36
2433	321356	132.08
2434	319958	131.45
2435	315785	129.69
2436	318585	130.78
2437	315504	129.46
2438	318626	130.69
2439	312873	128.28
2440	325633	133.46
2441	315908	129.42
2442	314356	128.73
2443	312550	127.94
2444	321443	131.52
2445	328272	134.26
2446	315411	128.95
2447	313600	128.16
2448	316780	129.40
2449	316331	129.17
2450	319474	130.40
2451	317520	129.55
2452	321802	131.24
2453	316562	129.05
2454	322202	131.30
2455	318742	129.83
2456	330610	134.61
2457	319661	130.10
2458	319987	130.18
2459	319022	129.74
2460	327461	133.11
2461	325955	132.45
2462	325029	132.02
2463	323945	131.52
2464	320721	130.16
2465	323003	131.04
2466	324161	131.45
2467	320582	129.95
2468	325976	132.08
2469	323274	130.93
2470	325064	131.60
2471	321208	129.99
2472	330228	133.59
2473	322705	130.49
2474	330119	133.44
2475	324769	131.22
2476	333295	134.61
2477	322062	130.02
2478	323379	130.50
2479	329641	132.97
2480	326715	131.74
2481	323956	130.57
2482	323949	130.52
2483	336987	135.72
2484	323561	130.26
2485	332493	133.80
2486	326913	131.50
2487	328338	132.02
2488	323199	129.90
2489	337056	135.42
2490	327480	131.52
2491	330846	132.82
2492	324064	130.04
2493	325728	130.66
2494	325273	130.42
2495	332005	133.07
2496	326849	130.95
2497	333992	133.76
2498	339009	135.71
2499	334858	134.00
2500	338985	135.59
2501	327313	130.87
2502	335140	133.95
2503	338063	135.06
2504	354339	141.51
2505	330833	132.07
2506	347763	138.77
2507	328858	131.18
2508	330717	131.86
2509	329470	131.32
2510	329950	131.45
2511	334507	133.22
2512	330262	131.47
2513	340812	135.62
2514	336067	133.68
2515	338805	134.71
2516	338446	134.52
2517	337125	133.94
2518	336389	133.59
2519	330460	131.19
2520	334548	132.76
2521	330631	131.15
2522	359714	142.63
2523	338936	134.34
2524	337605	133.76
2525	337016	133.47
2526	339178	134.27
2527	338853	134.09
2528	337426	133.48
2529	348554	137.82
2530	346777	137.07
2531	337313	133.27
2532	342950	135.45
2533	338425	133.61
2534	343678	135.63
2535	337756	133.24
2536	333830	131.64
2537	346112	136.43
2538	341081	134.39
2539	339938	133.89
2540	342954	135.02
2541	340949	134.18
2542	349622	137.54
2543	340654	133.96
2544	342499	134.63
2545	340156	133.66
2546	349399	137.23
2547	340130	133.54
2548	344203	135.09
2549	342734	134.46
2550	357605	140.24
2551	347875	136.37
2552	356976	139.88
2553	345591	135.37
2554	345169	135.15
2555	343580	134.47
2556	352360	137.86
2557	344351	134.67
2558	342346	133.83
2559	347400	135.76
2560	346307	135.28
2561	339716	132.65
2562	342579	133.72
2563	350814	136.88
2564	342539	133.60
2565	352554	137.45
2566	342432	133.45
2567	355802	138.61
2568	342636	133.43
2569	351297	136.74
2570	345118	134.29
2571	345469	134.37
2572	343231	133.45
2573	343222	133.39
2574	351018	136.37
2575	348001	135.15
2576	355965	138.19
2577	346413	134.42
2578	350824	136.08
2579	352053	136.51
2580	349097	135.31
2581	344919	133.64
2582	354837	137.43
2583	353913	137.02
2584	351449	136.01
2585	350177	135.46
2586	349515	135.16
2587	347997	134.52
2588	350666	135.50
2589	361839	139.76
2590	351876	135.86
2591	347164	133.99
2592	359387	138.65
2593	359547	138.66
2594	354225	136.56
2595	349714	134.76
2596	351082	135.24
2597	348553	134.21
2598	353605	136.11
2599	352416	135.60
2600	360571	138.68
2601	353275	135.82
2602	372958	143.34
2603	361776	138.98
2604	376838	144.72
2605	353260	135.61
2606	365516	140.26
2607	364985	140.00
2608	366364	140.48
2609	367368	140.81
2610	357953	137.15
2611	363123	139.07
2612	363966	139.34
2613	353445	135.26
2614	360202	137.80
2615	362762	138.72
2616	364702	139.41
2617	353820	135.20
2618	361110	137.93
2619	368401	140.66
2620	358022	136.65
2621	360689	137.62
2622	362854	138.39
2623	365425	139.32
2624	356103	135.71
2625	376479	143.42
2626	359527	136.91
2627	363651	138.43
2628	369711	140.68
2629	364478	138.64
2630	358534	136.32
2631	360723	137.10
2632	367047	139.46
2633	369064	140.17
2634	359254	136.39
2635	359559	136.46
2636	358169	135.88
2637	362205	137.35
2638	358495	135.90
2639	367517	139.26
2640	360784	136.66
2641	379488	143.69
2642	367409	139.06
2643	379647	143.64
2644	369521	139.76
2645	367736	139.03
2646	370021	139.84
2647	370845	140.10
2648	362516	136.90
2649	368435	139.08
2650	372212	140.46
2651	363320	137.05
2652	362985	136.87
2653	369296	139.20
2654	363446	136.94
2655	372788	140.41
2656	374817	141.12
2657	366853	138.07
2658	369561	139.04
2659	370585	139.37
2660	382005	143.61
2661	369316	138.79
2662	369090	138.65
2663	378614	142.18
2664	374215	140.47
2665	366698	137.60
2666	367490	137.84
2667	375065	140.63
2668	375053	140.57
2669	371708	139.27
2670	373353	139.83
2671	366637	137.27
2672	383176	143.40
2673	370788	138.72
2674	375424	140.40
2675	370992	138.69
2676	369033	137.90
2677	374099	139.75
2678	369368	137.93
2679	369956	138.09
2680	398492	148.69
2681	387891	144.68
2682	369031	137.60
2683	373636	139.26
2684	380941	141.93
2685	381779	142.19
2686	370952	138.11
2687	387296	144.14
2688	371935	138.37
2689	373381	138.85
2690	371892	138.25
2691	377410	140.25
2692	376454	139.84
2693	379440	140.90
2694	381361	141.56
2695	379954	140.98
2696	376060	139.49
2697	373608	138.53
2698	378301	140.22
2699	376261	139.41
2700	376456	139.43
2701	382060	141.45
2702	378631	140.13
2703	397707	147.14
2704	387750	143.40
2705	384854	142.28
2706	379212	140.14
2707	384191	141.93
2708	404745	149.46
2709	377069	139.19
2710	381465	140.76
2711	378350	139.56
2712	378334	139.50
2713	379538	139.90
2714	378846	139.59
2715	384904	141.77
2716	393020	144.71
2717	380791	140.15
2718	391440	144.02
2719	382418	140.65
2720	393206	144.56
2721	389525	143.16
2722	389650	143.15
2723	394733	144.96
2724	387254	142.16
2725	394638	144.82
2726	383420	140.65
2727	379983	139.34
2728	388775	142.51
2729	401068	146.97
2730	385390	141.17
2731	388619	142.30
2732	384469	140.73
2733	390102	142.74
2734	387234	141.64
2735	390875	142.92
2736	386918	141.42
2737	382864	139.88
2738	387647	141.58
2739	387980	141.65
2740	390328	142.46
2741	388742	141.82
2742	396017	144.43
2743	386002	140.72
2744	391030	142.50
2745	388863	141.66
2746	385398	140.35
2747	387275	140.98
2748	395798	144.03
2749	397358	144.55
2750	389455	141.62
2751	394060	143.24
2752	389165	141.41
2753	400966	145.65
2754	395344	143.55
2755	395145	143.43
2756	390253	141.60
2757	388384	140.87
2758	396323	143.70
2759	393183	142.51
2760	389951	141.29
2761	393529	142.53
2762	404483	146.45
2763	404215	146.30
2764	394949	142.89
2765	398511	144.13
2766	400726	144.88
2767	398764	144.11
2768	399736	144.41
2769	400416	144.61
2770	397907	143.65
2771	398381	143.77
2772	392001	141.41
2773	391086	141.03
2774	411945	148.50
2775	401477	144.68
2776	397795	143.30
2777	405410	145.99
2778	402432	144.86
2779	394664	142.02
2780	406481	146.22
2781	397062	142.78
2782	394255	141.72
2783	395213	142.01
2784	399371	143.45
2785	406307	145.89
2786	401811	144.23
2787	422188	151.48
2788	400356	143.60
2789	405102	145.25
2790	418893	150.14
2791	403811	144.68
2792	400937	143.60
2793	407550	145.92
2794	398497	142.63
2795	401512	143.65
2796	404062	144.51
2797	399741	142.92
2798	410207	146.61
2799	406736	145.31
2800	409863	146.38
2801	409658	146.25
2802	401720	143.37
2803	419441	149.64
2804	402577	143.57
2805	416318	148.42
2806	412687	147.07
2807	401742	143.12
2808	405179	144.29
2809	407835	145.19
2810	408618	145.42
2811	403080	143.39
2812	410857	146.11
2813	437419	155.50
2814	448538	159.40
2815	406310	144.34
2816	417774	148.36
2817	482297	171.21
2818	411092	145.88
2819	407065	144.40
2820	413869	146.76
2821	420077	148.91
2822	417020	147.77
2823	416631	147.58
2824	418062	148.04
2825	414547	146.74
2826	409592	144.94
2827	408476	144.49
2828	410452	145.14
2829	418960	148.09
2830	417691	147.59
2831	412170	145.59
2832	419247	148.04
2833	409917	144.69
2834	416473	146.96
2835	410007	144.62
2836	425935	150.19
2837	417624	147.21
2838	410285	144.57
2839	409418	144.21
2840	418879	147.49
2841	421049	148.20
2842	414853	145.97
2843	418812	147.31
2844	414606	145.78
2845	416835	146.51
2846	424744	149.24
2847	413099	145.10
2848	426333	149.70
2849	418204	146.79
2850	415400	145.75
2851	414124	145.26
2852	418384	146.70
2853	426531	149.50
2854	414340	145.18
2855	417233	146.14
2856	431170	150.97
2857	417808	146.24
2858	413604	144.72
2859	414839	145.10
2860	416365	145.58
2861	421600	147.36
2862	419915	146.72
2863	423267	147.84
2864	424370	148.17
2865	435211	151.91
2866	427980	149.33
2867	424376	148.02
2868	442061	154.14
2869	418640	145.92
2870	423635	147.61
2871	423092	147.37
2872	430820	150.01
2873	426914	148.60
2874	425182	147.94
2875	452913	157.53
2876	420974	146.37
2877	424699	147.62
2878	428815	149.00
2879	429821	149.30
2880	430625	149.52
2881	422628	146.69
2882	425753	147.73
2883	433406	150.33
2884	425363	147.49
2885	420546	145.77
2886	432031	149.70
2887	427720	148.15
2888	425443	147.31
2889	427651	148.03
2890	433877	150.13
2891	423430	146.46
2892	424806	146.89
2893	430493	148.81
2894	425536	147.04
2895	429625	148.40
2896	425774	147.02
2897	431712	149.02
2898	447724	154.49
2899	430368	148.45
2900	435257	150.09
2901	434573	149.80
2902	435313	150.00
2903	444068	152.97
2904	433541	149.29
2905	450804	155.18
2906	430875	148.27
2907	435632	149.86
2908	437474	150.44
2909	433895	149.16
2910	443103	152.27
2911	429381	147.50
2912	431415	148.15
2913	430640	147.83
2914	427793	146.81
2915	430211	147.59
2916	437925	150.18
2917	447561	153.43
2918	435055	149.09
2919	437766	149.97
2920	441605	151.23
2921	430983	147.55
2922	441783	151.19
2923	430858	147.40
2924	432031	147.75
2925	443645	151.67
2926	438218	149.77
2927	445190	152.10
2928	441249	150.70
2929	436260	148.95
2930	438348	149.61
2931	447074	152.53
2932	443276	151.19
2933	449223	153.16
2934	443159	151.04
2935	434578	148.07
2936	444279	151.32
2937	442963	150.82
2938	452130	153.89
2939	443453	150.89
2940	436313	148.41
2941	446230	151.73
2942	456787	155.26
2943	443028	150.54
2944	438771	149.04
2945	438988	149.06
2946	446331	151.50
2947	443508	150.49
2948	453188	153.73
2949	456946	154.95
2950	442174	149.89
2951	444505	150.63
2952	453607	153.66
2953	444302	150.46
2954	445239	150.72
2955	448867	151.90
2956	441542	149.37
2957	452187	152.92
2958	444883	150.40
2959	446857	151.02
2960	453604	153.24
2961	445482	150.45
2962	443313	149.67
2963	451183	152.27
2964	448752	151.40
2965	463178	156.22
2966	473938	159.79
2967	450328	151.78
2968	453113	152.67
2969	447696	150.79
2970	468306	157.68
2971	466353	156.97
2972	450200	151.48
2973	452344	152.15
2974	450240	151.39
2975	452269	152.02
2976	446488	150.03
2977	455075	152.86
2978	462767	155.40
2979	456316	153.18
2980	446149	149.71
2981	471648	158.22
2982	456641	153.13
2983	449262	150.61
2984	457457	153.30
2985	452169	151.48
2986	450175	150.76
2987	449969	150.64
2988	459433	153.76
2989	460083	153.93
2990	460133	153.89
2991	457635	153.00
2992	463631	154.96
2993	453071	151.38
2994	454593	151.83
2995	472435	157.74
2996	457879	152.83
2997	454595	151.68
2998	454340	151.55
2999	463814	154.66
3000	462688	154.23
3001	456052	151.97
3002	465816	155.17
3003	475621	158.38
3004	455362	151.59
3005	478082	159.10
3006	458579	152.55
3007	453433	150.79
3008	459962	152.91
3009	462902	153.84
3010	465246	154.57
3011	460763	153.03
3012	468394	155.51
3013	463683	153.89
3014	1007770	334.36
3015	470398	156.02
3016	471931	156.48
3017	594917	197.19
3018	546458	181.07
3019	469783	155.61
3020	468647	155.18
3021	463246	153.34
3022	471186	155.92
3023	467506	154.65
3024	462077	152.80
3025	472637	156.24
3026	472318	156.09
3027	460333	152.08
3028	468608	154.76
3029	470872	155.45
3030	467955	154.44
3031	476528	157.22
3032	470468	155.17
3033	462517	152.49
3034	463620	152.81
3035	469750	154.78
3036	460874	151.80
3037	468864	154.38
3038	469073	154.40
3039	474876	156.26
3040	471678	155.16
3041	464499	152.75
3042	468669	154.07
3043	466318	153.24
3044	467449	153.56
3045	471955	154.99
3046	488806	160.47
3047	467316	153.37
3048	473391	155.31
3049	478369	156.89
3050	477192	156.46
3051	478296	156.77
3052	480944	157.58
3053	475427	155.72
3054	474610	155.41
3055	476170	155.87
3056	473942	155.09
3057	474662	155.27
3058	479281	156.73
3059	483309	158.00
3060	478667	156.43
3061	475759	155.43
3062	481334	157.20
3063	473370	154.54
3064	480380	156.78
3065	474635	154.86
3066	478440	156.05
3067	504198	164.39
3068	480695	156.68
3069	487450	158.83
3070	482274	157.09
3071	480016	156.31
3072	475420	154.76
3073	472775	153.85
3074	475667	154.74
3075	479601	155.97
3076	502201	163.26
3077	478671	155.56
3078	483526	157.09
3079	481671	156.44
3080	491918	159.71
3081	496275	161.08
3082	495701	160.84
3083	482795	156.60
3084	478617	155.19
3085	488160	158.24
3086	483114	156.55
3087	478247	154.92
3088	487300	157.80
3089	500031	161.87
3090	489572	158.44
3091	482673	156.15
3092	478663	154.81
3093	476347	154.01
3094	487945	157.71
3095	486754	157.27
3096	484123	156.37
3097	507911	164.00
3098	481550	155.44
3099	487317	157.25
3100	506034	163.24
3101	480562	154.97
3102	481845	155.33
3103	516620	166.49
3104	503962	162.36
3105	497057	160.08
3106	483774	155.75
3107	497863	160.24
3108	488488	157.17
3109	492445	158.39
3110	489555	157.41
3111	486608	156.42
3112	487912	156.78
3113	491629	157.93
3114	498946	160.23
3115	490917	157.60
3116	499132	160.18
3117	496615	159.32
3118	486114	155.91
3119	498550	159.84
3120	493446	158.16
3121	487406	156.17
3122	494044	158.25
3123	502092	160.77
3124	498758	159.65
3125	494098	158.11
3126	497092	159.02
3127	502624	160.74
3128	498301	159.30
3129	496637	158.72
3130	499027	159.43
3131	487381	155.66
3132	489795	156.38
3133	498661	159.16
3134	497776	158.83
3135	490594	156.49
3136	508158	162.04
3137	496222	158.18
3138	499136	159.06
3139	491937	156.72
3140	492433	156.83
3141	501223	159.57
3142	502316	159.87
3143	510147	162.31
3144	507023	161.27
3145	495396	157.52
3146	510939	162.41
3147	502234	159.59
3148	496634	157.76
3149	494247	156.95
3150	495056	157.16
3151	503968	159.94
3152	500431	158.77
3153	503356	159.64
3154	519247	164.63
3155	517137	163.91
3156	501643	158.95
3157	498653	157.95
3158	497033	157.39
3159	505123	159.90
3160	519799	164.49
3161	512273	162.06
3162	507033	160.35
3163	499883	158.04
3164	510662	161.40
3165	510399	161.26
3166	498204	157.36
3167	509114	160.76
3168	511698	161.52
3169	504204	159.11
3170	507613	160.13
3171	516663	162.93
3172	524420	165.33
3173	501241	157.97
3174	538975	169.81
3175	506039	159.38
3176	505230	159.08
3177	511220	160.91
3178	518714	163.22
3179	518653	163.15
3180	503179	158.23
3181	518460	162.99
3182	519783	163.35
3183	513293	161.26
3184	503561	158.15
3185	507337	159.29
3186	510165	160.13
3187	507715	159.31
3188	514534	161.40
3189	511904	160.52
3190	528225	165.59
3191	529713	166.00
3192	515004	161.34
3193	512142	160.40
3194	511386	160.11
3195	517143	161.86
3196	508857	159.22
3197	516578	161.58
3198	519545	162.46
3199	510711	159.65
3200	522211	163.19
3201	519691	162.35
3202	529482	165.36
3203	526904	164.50
3204	516340	161.15
3205	522100	162.90
3206	528658	164.90
3207	514701	160.49
3208	519432	161.92
3209	518333	161.52
3210	536877	167.25
3211	510957	159.13
3212	520286	161.98
3213	520531	162.01
3214	512339	159.41
3215	521325	162.15
3216	522815	162.57
3217	532910	165.65
3218	514901	160.01
3219	513371	159.48
3220	525446	163.18
3221	512501	159.11
3222	520625	161.58
3223	520784	161.58
3224	516895	160.33
3225	522041	161.87
3226	530343	164.40
3227	521251	161.53
3228	524269	162.41
3229	523754	162.20
3230	529140	163.82
3231	525913	162.77
3232	530921	164.27
3233	525999	162.70
3234	524151	162.08
3235	529041	163.54
3236	520579	160.87
3237	527219	162.87
3238	518823	160.23
3239	524539	161.94
3240	523658	161.62
3241	537097	165.72
3242	547163	168.77
3243	525517	162.05
3244	532572	164.17
3245	539087	166.13
3246	532585	164.07
3247	530276	163.31
3248	532547	163.96
3249	527720	162.43
3250	534104	164.34
3251	527222	162.17
3252	527206	162.12
3253	547525	168.31
3254	536318	164.82
3255	535468	164.51
3256	540688	166.06
3257	522935	160.56
3258	523401	160.65
3259	529927	162.60
3260	540186	165.70
3261	533086	163.47
3262	540931	165.83
3263	539876	165.45
3264	530446	162.51
3265	531072	162.66
3266	533257	163.28
3267	530895	162.50
3268	538444	164.76
3269	542275	165.88
3270	529208	161.84
3271	535185	163.62
3272	546087	166.90
3273	533480	162.99
3274	607695	185.61
3275	528529	161.38
3276	537787	164.16
3277	547164	166.97
3278	545655	166.46
3279	541469	165.13
3280	539609	164.51
3281	541348	164.99
3282	540832	164.79
3283	552708	168.35
3284	540690	164.64
3285	541849	164.95
3286	536690	163.33
3287	538820	163.92
3288	550400	167.40
3289	544116	165.44
3290	542690	164.95
3291	545030	165.61
3292	537198	163.18
3293	546185	165.86
3294	537601	163.21
3295	540917	164.16
3296	547915	166.24
3297	536223	162.64
3298	542302	164.43
3299	543509	164.75
3300	544914	165.13
3301	569279	172.46
3302	556969	168.68
3303	540255	163.56
3304	554922	167.95
3305	554615	167.81
3306	539276	163.12
3307	549179	166.07
3308	537987	162.63
3309	544989	164.70
3310	567842	171.55
3311	556213	167.99
3312	549928	166.04
3313	553691	167.13
3314	549299	165.75
3315	545143	164.45
3316	588842	177.58
3317	558800	168.47
3318	549742	165.68
3319	565825	170.48
3320	555056	167.19
3321	581324	175.04
3322	568824	171.23
3323	547177	164.66
3324	544247	163.73
3325	550391	165.53
3326	554747	166.79
3327	552798	166.16
3328	577156	173.42
3329	550129	165.25
3330	547202	164.32
3331	580696	174.33
3332	557964	167.46
3333	557118	167.15
3334	553669	166.07
3335	552515	165.67
3336	560892	168.13
3337	557564	167.09
3338	562434	168.49
3339	549314	164.51
3340	550650	164.87
3341	550576	164.79
3342	557152	166.71
3343	561136	167.85
3344	556739	166.49
3345	584994	174.89
3346	555150	165.91
3347	563860	168.47
3348	563729	168.38
3349	558256	166.69
3350	582986	174.03
3351	563436	168.14
3352	568553	169.62
3353	562006	167.61
3354	571125	170.28
3355	562114	167.55
3356	564177	168.11
3357	564016	168.01
3358	562746	167.58
3359	561294	167.10
3360	613928	182.72
3361	567085	168.73
3362	558910	166.24
3363	568913	169.17
3364	560802	166.71
3365	570205	169.45
3366	569578	169.22
3367	559235	166.09
3368	566880	168.31
3369	587539	174.40
3370	569080	168.87
3371	576477	171.01
3372	574033	170.24
3373	562331	166.72
3374	567490	168.20
3375	563036	166.83
3376	567584	168.12
3377	577263	170.94
3378	560108	165.81
3379	567648	167.99
3380	574234	169.89
3381	564988	167.11
3382	566040	167.37
3383	561935	166.11
3384	568579	168.02
3385	574674	169.77
3386	581214	171.65
3387	563333	166.32
3388	589544	174.01
3389	569194	167.95
3390	576640	170.10
3391	566439	167.04
3392	574788	169.45
3393	578171	170.40
3394	576232	169.78
3395	575091	169.39
3396	579561	170.66
3397	576711	169.77
3398	576903	169.78
3399	572768	168.51
3400	581863	171.14
3401	569614	167.48
3402	587921	172.82
3403	590353	173.48
3404	575377	169.03
3405	580421	170.46
3406	576846	169.36
3407	585551	171.87
3408	572531	168.00
3409	596045	174.84
3410	571595	167.62
3411	594308	174.23
3412	572916	167.91
3413	578672	169.55
3414	570860	167.21
3415	580466	169.98
3416	602964	176.51
3417	591644	173.15
3418	581223	170.05
3419	590115	172.60
3420	590446	172.65
3421	576578	168.54
3422	577714	168.82
3423	575472	168.12
3424	581933	169.96
3425	590606	172.44
3426	581890	169.85
3427	579275	169.03
3428	585217	170.72
3429	599652	174.88
3430	579988	169.09
3431	591627	172.44
3432	581508	169.44
3433	587254	171.06
3434	586168	170.70
3435	582350	169.53
3436	595569	173.33
3437	583018	169.63
3438	585521	170.31
3439	582895	169.50
3440	584354	169.87
3441	592121	172.08
3442	605277	175.85
3443	582668	169.23
3444	604242	175.45
3445	589806	171.21
3446	589127	170.96
3447	581390	168.67
3448	580515	168.36
3449	594071	172.24
3450	588349	170.54
3451	598687	173.48
3452	585305	169.56
3453	584308	169.22
3454	582831	168.74
3455	589849	170.72
3456	604173	174.82
3457	596369	172.51
3458	593281	171.57
3459	591786	171.09
3460	596308	172.34
3461	596223	172.27
3462	594123	171.61
3463	614609	177.48
3464	621940	179.54
3465	595066	171.74
3466	607778	175.35
3467	605444	174.63
3468	595400	171.68
3469	591062	170.38
3470	598574	172.50
3471	591255	170.34
3472	607261	174.90
3473	609716	175.56
3474	597443	171.98
3475	602610	173.41
3476	592569	170.47
3477	597757	171.92
3478	594159	170.83
3479	600759	172.68
3480	605244	173.92
3481	606853	174.33
3482	599469	172.16
3483	599886	172.23
3484	604659	173.55
3485	651254	186.87
3486	598257	171.62
3487	598004	171.50
3488	606240	173.81
3489	599432	171.81
3490	600737	172.13
3491	601436	172.28
3492	606389	173.65
3493	594290	170.14
3494	602554	172.45
3495	596430	170.65
3496	613554	175.50
3497	615301	175.95
3498	618113	176.70
3499	614820	175.71
3500	607879	173.68
3501	640931	183.07
3502	613680	175.24
3503	707202	201.88
3504	625339	178.46
3505	627064	178.91
3506	604248	172.35
3507	744733	212.36
3508	823756	234.82
3509	621965	177.25
3510	606627	172.83
3511	610650	173.92
3512	618089	175.99
3513	627767	178.70
3514	631073	179.59
3515	617315	175.62
3516	612548	174.22
3517	618241	175.79
3518	610657	173.58
3519	609254	173.13
3520	611279	173.66
3521	606818	172.34
3522	605051	171.79
3523	612371	173.82
3524	613691	174.15
3525	613253	173.97
3526	618538	175.42
3527	627955	178.04
3528	638086	180.86
3529	614744	174.20
3530	611240	173.16
3531	606527	171.77
3532	620555	175.70
3533	639651	181.05
3534	625943	177.12
3535	620447	175.52
3536	627642	177.50
3537	626167	177.03
3538	617007	174.39
3539	613292	173.30
3540	615524	173.88
3541	630951	178.18
3542	635163	179.32
3543	624320	176.21
3544	622718	175.71
3545	617655	174.23
3546	618169	174.33
3547	621863	175.32
3548	646105	182.10
3549	632273	178.16
3550	617775	174.02
3551	649600	182.93
3552	624501	175.82
3553	615772	173.31
3554	618980	174.16
3555	625998	176.09
3556	627231	176.39
3557	634331	178.33
3558	623355	175.20
3559	625755	175.82
3560	618433	173.72
3561	623845	175.19
3562	635392	178.38
3563	636045	178.51
3564	629540	176.64
3565	639589	179.41
3566	628810	176.33
3567	619795	173.76
3568	640647	179.55
3569	629904	176.49
3570	631425	176.87
3571	635172	177.87
3572	632149	176.97
3573	636622	178.18
3574	621512	173.90
3575	635742	177.83
3576	631300	176.54
3577	639646	178.82
3578	645018	180.27
3579	633784	177.08
3580	643567	179.77
3581	630736	176.13
3582	636008	177.56
3583	625903	174.69
3584	627733	175.15
3585	662327	184.75
3586	644516	179.73
3587	641322	178.79
3588	641226	178.71
3589	631373	175.92
3590	632142	176.08
3591	627186	174.65
3592	631200	175.72
3593	641161	178.45
3594	635336	176.78
3595	636015	176.92
3596	635202	176.64
3597	631187	175.48
3598	634786	176.43
3599	636286	176.80
3600	637710	177.14
3601	649088	180.25
3602	665379	184.72
3603	650261	180.48
3604	630832	175.04
3605	632294	175.39
3606	650140	180.29
3607	636761	176.53
3608	659002	182.65
3609	641347	177.71
3610	639938	177.27
3611	638842	176.92
3612	644407	178.41
3613	664913	184.03
3614	647299	179.11
3615	644114	178.18
3616	651154	180.08
3617	645701	178.52
3618	661904	182.95
3619	649665	179.52
3620	652911	180.36
3621	644476	177.98
3622	651252	179.80
3623	648211	178.92
3624	644472	177.83
3625	640917	176.80
3626	641908	177.03
3627	661183	182.29
3628	638564	176.01
3629	656588	180.93
3630	638303	175.84
3631	652534	179.71
3632	642562	176.92
3633	644838	177.49
3634	642527	176.81
3635	664915	182.92
3636	731142	201.08
3637	653578	179.70
3638	647226	177.91
3639	658916	181.07
3640	651781	179.06
3641	652228	179.13
3642	646136	177.41
3643	655045	179.81
3644	648594	177.99
3645	664038	182.18
3646	659172	180.79
3647	643200	176.36
3648	823518	225.75
3649	742133	203.38
3650	651849	178.59
3651	657755	180.16
3652	666076	182.39
3653	655414	179.42
3654	655934	179.51
3655	644992	176.47
3656	652815	178.56
3657	659225	180.26
3658	668561	182.77
3659	660883	180.62
3660	657092	179.53
3661	652350	178.19
3662	654704	178.78
3663	658547	179.78
3664	673871	183.92
3665	662611	180.79
3666	658112	179.52
3667	661162	180.30
3668	660910	180.18
3669	661331	180.25
3670	658564	179.45
3671	663769	180.81
3672	660528	179.88
3673	671926	182.94
3674	659288	179.45
3675	654879	178.20
3676	678708	184.63
3677	665439	180.97
3678	669191	181.94
3679	657227	178.64
3680	664795	180.65
3681	660239	179.36
3682	662283	179.87
3683	670349	182.01
3684	663513	180.11
3685	696922	189.12
3686	690863	187.43
3687	663141	179.86
3688	677590	183.73
3689	669095	181.38
3690	660277	178.94
3691	669143	181.29
3692	666147	180.43
3693	672743	182.17
3694	660675	178.85
3695	680569	184.19
3696	664991	179.92
3697	665622	180.04
3698	672520	181.86
3699	665421	179.89
3700	675887	182.67
3701	671017	181.31
3702	694477	187.60
3703	668231	180.46
3704	666062	179.82
3705	682393	184.18
3706	669858	180.75
3707	675310	182.17
3708	673954	181.76
3709	667247	179.90
3710	675883	182.18
3711	679803	183.19
3712	679275	182.99
3713	672765	181.19
3714	679701	183.01
3715	675828	181.92
3716	676812	182.13
3717	675960	181.86
3718	671424	180.59
3719	684894	184.16
3720	688681	185.13
3721	684982	184.09
3722	672762	180.75
3723	672528	180.64
3724	673509	180.86
3725	681810	183.04
3726	682561	183.19
3727	682372	183.09
3728	678339	181.96
3729	695305	186.46
3730	679401	182.15
3731	670987	179.84
3732	683377	183.11
3733	682553	182.84
3734	693188	185.64
3735	687698	184.12
3736	688498	184.29
3737	683533	182.91
3738	683594	182.88
3739	673513	180.13
3740	689398	184.33
3741	696416	186.16
3742	701506	187.47
3743	687589	183.70
3744	686033	183.24
3745	676955	180.76
3746	696050	185.81
3747	678747	181.14
3748	694803	185.38
3749	703920	187.76
3750	689935	183.98
3751	685976	182.88
3752	686227	182.90
3753	691498	184.25
3754	684542	182.35
3755	693748	184.75
3756	684200	182.16
3757	679495	180.86
3758	683800	181.96
3759	693135	184.39
3760	696527	185.25
3761	698383	185.69
3762	696796	185.22
3763	704158	187.13
3764	691104	183.61
3765	694260	184.40
3766	690605	183.38
3767	693813	184.18
3768	692504	183.79
3769	711293	188.72
3770	693954	184.07
3771	693689	183.95
3772	693275	183.80
3773	695956	184.46
3774	710959	188.38
3775	691851	183.27
3776	698444	184.97
3777	855980	226.63
3778	811150	214.70
3779	696679	184.36
3780	711205	188.15
3781	710610	187.94
3782	698326	184.64
3783	699358	184.87
3784	697753	184.40
3785	697822	184.37
3786	692472	182.90
3787	718291	189.67
3788	706835	186.60
3789	705534	186.21
3790	702172	185.27
3791	698020	184.13
3792	696468	183.67
3793	704319	185.69
3794	704227	185.62
3795	703004	185.24
3796	711753	187.50
3797	706793	186.15
3798	702630	185.00
3799	720173	189.57
3800	715453	188.28
3801	699194	183.95
3802	728982	191.74
3803	710040	186.71
3804	695657	182.88
3805	753121	197.93
3806	722556	189.85
3807	707601	185.87
3808	710036	186.46
3809	706777	185.55
3810	707356	185.66
3811	713834	187.31
3812	699489	183.50
3813	714871	187.48
3814	706629	185.27
3815	705932	185.04
3816	704109	184.51
3817	705303	184.78
3818	720756	188.78
3819	703453	184.20
3820	714257	186.98
3821	710036	185.82
3822	718442	187.98
3823	713331	186.59
3824	715911	187.22
3825	710834	185.84
3826	726676	189.93
3827	729167	190.53
3828	705589	184.32
3829	720753	188.24
3830	719172	187.77
3831	723410	188.83
3832	708075	184.78
3833	714974	186.53
3834	718487	187.40
3835	733631	191.30
3836	720336	187.78
3837	708349	184.61
3838	712847	185.73
3839	718866	187.25
3840	724585	188.69
3841	719683	187.37
3842	728010	189.49
3843	728427	189.55
3844	716614	186.42
3845	708927	184.38
3846	721216	187.52
3847	725075	188.48
3848	724500	188.28
3849	728003	189.14
3850	714592	185.61
3851	716746	186.12
3852	726542	188.61
3853	722941	187.63
3854	729766	189.35
3855	733602	190.30
3856	718250	186.27
3857	727157	188.53
3858	729521	189.09
3859	732083	189.71
3860	730912	189.36
3861	729385	188.91
3862	724759	187.66
3863	715103	185.12
3864	722714	187.04
3865	733016	189.65
3866	746886	193.19
3867	734283	189.88
3868	729965	188.72
3869	721148	186.39
3870	719437	185.90
3871	727418	187.91
3872	737528	190.48
3873	737413	190.40
3874	726858	187.62
3875	736183	189.98
3876	728471	187.94
3877	723193	186.53
3878	729361	188.08
3879	733533	189.10
3880	728155	187.67
3881	734612	189.28
3882	745403	192.02
3883	731184	188.30
3884	739071	190.29
3885	732230	188.48
3886	733508	188.76
3887	753669	193.89
3888	728588	187.39
3889	733717	188.66
3890	733428	188.54
3891	735575	189.05
3892	745986	191.67
3893	740129	190.12
3894	736036	189.02
3895	736886	189.19
3896	749464	192.37
3897	727241	186.62
3898	755898	193.92
3899	739886	189.76
3900	743744	190.70
3901	741435	190.06
3902	779611	199.80
3903	746596	191.29
3904	749956	192.10
3905	742350	190.10
3906	734213	187.97
3907	731808	187.31
3908	739843	189.31
3909	751162	192.16
3910	745920	190.77
3911	741388	189.56
3912	741889	189.64
3913	744840	190.35
3914	735769	187.98
3915	739361	188.85
3916	740728	189.15
3917	757856	193.48
3918	736642	188.01
3919	746315	190.44
3920	757361	193.20
3921	753742	192.23
3922	766678	195.48
3923	742925	189.38
3924	753482	192.02
3925	740557	188.68
3926	742988	189.25
3927	740558	188.58
3928	754992	192.21
3929	753826	191.86
3930	748624	190.49
3931	754105	191.84
3932	754818	191.97
3933	755896	192.19
3934	748966	190.38
3935	755011	191.87
3936	747785	189.99
3937	753317	191.34
3938	752433	191.07
3939	742041	188.38
3940	759580	192.79
3941	742101	188.30
3942	754365	191.37
3943	749816	190.16
3944	769851	195.20
3945	748688	189.78
3946	754083	191.10
3947	752923	190.76
3948	760091	192.53
3949	759426	192.31
3950	776176	196.50
3951	761474	192.73
3952	762237	192.87
3953	761684	192.69
3954	764168	193.26
3955	757883	191.63
3956	762832	192.83
3957	753445	190.41
3958	748235	189.04
3959	771127	194.78
3960	765439	193.29
3961	760307	191.95
3962	768373	193.94
3963	757169	191.06
3964	758387	191.32
3965	751094	189.43
3966	765077	192.91
3967	778233	196.18
3968	770088	194.07
3969	764123	192.52
3970	756723	190.61
3971	758379	190.98
3972	781606	196.78
3973	765598	192.70
3974	801718	201.74
3975	763766	192.14
3976	758932	190.88
3977	768020	193.12
3978	775771	195.02
3979	808961	203.31
3980	779030	195.74
3981	783629	196.84
3982	770297	193.44
3983	768964	193.06
3984	772673	193.94
3985	766732	192.40
3986	766493	192.30
3987	788402	197.74
3988	766985	192.32
3989	793785	198.99
3990	782747	196.18
3991	789640	197.86
3992	772165	193.43
3993	769535	192.72
3994	764192	191.34
3995	775727	194.17
3996	770781	192.89
3997	778164	194.69
3998	777895	194.57
3999	779461	194.91
4000	769569	192.39
