N	Total Time	Average CPE
1	116	116.00
2	108	54.00
3	119	39.67
4	134	33.50
5	149	29.80
6	163	27.17
7	179	25.57
8	196	24.50
9	1426	158.44
10	333	33.30
11	256	23.27
12	279	23.25
13	310	23.85
14	337	24.07
15	362	24.13
16	392	24.50
17	617	36.29
18	608	33.78
19	636	33.47
20	667	33.35
21	700	33.33
22	727	33.05
23	762	33.13
24	796	33.17
25	856	34.24
26	931	35.81
27	958	35.48
28	993	35.46
29	1030	35.52
30	1066	35.53
31	1109	35.77
32	1143	35.72
33	1391	42.15
34	1413	41.56
35	1455	41.57
36	1536	42.67
37	1560	42.16
38	1624	42.74
39	1657	42.49
40	1741	43.52
41	1911	46.61
42	1933	46.02
43	1977	45.98
44	2030	46.14
45	2073	46.07
46	2139	46.50
47	2211	47.04
48	2278	47.46
49	2310	47.14
50	2373	47.46
51	2438	47.80
52	2506	48.19
53	2563	48.36
54	2967	54.94
55	5023	91.33
56	2764	49.36
57	2832	49.68
58	2895	49.91
59	3765	63.81
60	3042	50.70
61	3345	54.84
62	4160	67.10
63	3330	52.86
64	3426	53.53
65	3669	56.45
66	3792	57.45
67	3870	57.76
68	4122	60.62
69	4016	58.20
70	4081	58.30
71	4170	58.73
72	4241	58.90
73	4319	59.16
74	4398	59.43
75	4481	59.75
76	4592	60.42
77	4649	60.38
78	4755	60.96
79	4832	61.16
80	4917	61.46
81	4996	61.68
82	5113	62.35
83	5323	64.13
84	5389	64.15
85	5372	63.20
86	5460	63.49
87	5662	65.08
88	5647	64.17
89	5765	64.78
90	5903	65.59
91	5942	65.30
92	6037	65.62
93	6131	65.92
94	6340	67.45
95	6410	67.47
96	6522	67.94
97	6620	68.25
98	6798	69.37
99	7188	72.61
100	7971	79.71
101	10724	106.18
102	7110	69.71
103	7238	70.27
104	8647	83.14
105	7651	72.87
106	7750	73.11
107	7903	73.86
108	7742	71.69
109	7826	71.80
110	7887	71.70
111	11347	102.23
112	8045	71.83
113	8198	72.55
114	8268	72.53
115	8433	73.33
116	8491	73.20
117	8640	73.85
118	8719	73.89
119	8855	74.41
120	8959	74.66
121	9088	75.11
122	9174	75.20
123	9243	75.15
124	9404	75.84
125	9454	75.63
126	9547	75.77
127	9682	76.24
128	9783	76.43
129	10658	82.62
130	10380	79.85
131	10486	80.05
132	10586	80.20
133	10685	80.34
134	10813	80.69
135	10920	80.89
136	12592	92.59
137	13903	101.48
138	11998	86.94
139	12265	88.24
140	15549	111.06
141	12434	88.18
142	12847	90.47
143	12612	88.20
144	18775	130.38
145	18014	124.23
146	12612	86.38
147	12856	87.46
148	12527	84.64
149	12981	87.12
150	13106	87.37
151	13207	87.46
152	13122	86.33
153	13505	88.27
154	13543	87.94
155	13626	87.91
156	13662	87.58
157	13839	88.15
158	14189	89.80
159	14231	89.50
160	14479	90.49
161	14561	90.44
162	14676	90.59
163	14860	91.17
164	14903	90.87
165	14959	90.66
166	15153	91.28
167	15381	92.10
168	15768	93.86
169	15551	92.02
170	16236	95.51
171	17368	101.57
172	16155	93.92
173	16339	94.45
174	16551	95.12
175	18149	103.71
176	16999	96.59
177	16908	95.53
178	20469	114.99
179	18593	103.87
180	18170	100.94
181	17659	97.56
182	21611	118.74
183	18004	98.38
184	17773	96.59
185	30122	162.82
186	23137	124.39
187	18412	98.46
188	19327	102.80
189	22582	119.48
190	18446	97.08
191	18710	97.96
192	19908	103.69
193	19773	102.45
194	19724	101.67
195	19926	102.18
196	20134	102.72
197	20318	103.14
198	21742	109.81
199	20294	101.98
200	20148	100.74
201	20076	99.88
202	20298	100.49
203	20435	100.67
204	20596	100.96
205	20728	101.11
206	20895	101.43
207	21113	102.00
208	21296	102.38
209	21418	102.48
210	21621	102.96
211	21785	103.25
212	21868	103.15
213	23290	109.34
214	22213	103.80
215	25097	116.73
216	22824	105.67
217	24858	114.55
218	23662	108.54
219	23682	108.14
220	23680	107.64
221	25483	115.31
222	30092	135.55
223	28555	128.05
224	24088	107.54
225	24229	107.68
226	24444	108.16
227	24670	108.68
228	25141	110.27
229	25022	109.27
230	25177	109.47
231	25360	109.78
232	25516	109.98
233	25711	110.35
234	27025	115.49
235	31542	134.22
236	26991	114.37
237	27696	116.86
238	30721	129.08
239	34379	143.85
240	29406	122.53
241	31730	131.66
242	27240	112.56
243	27371	112.64
244	34193	140.14
245	34015	138.84
246	29553	120.13
247	28424	115.08
248	29046	117.12
249	28468	114.33
250	28750	115.00
251	30281	120.64
252	29110	115.52
253	33139	130.98
254	29568	116.41
255	29676	116.38
256	32813	128.18
257	38737	150.73
258	33319	129.14
259	35166	135.78
260	56101	215.77
261	50041	191.73
262	34769	132.71
263	32972	125.37
264	39839	150.91
265	32189	121.47
266	33738	126.83
267	34276	128.37
268	32635	121.77
269	32847	122.11
270	35784	132.53
271	33538	123.76
272	34162	125.60
273	35095	128.55
274	34574	126.18
275	35347	128.53
276	36472	132.14
277	35507	128.18
278	35489	127.66
279	35734	128.08
280	37232	132.97
281	35492	126.31
282	38710	137.27
283	35996	127.19
284	36212	127.51
285	36431	127.83
286	36677	128.24
287	39492	137.60
288	37881	131.53
289	38830	134.36
290	38318	132.13
291	38446	132.12
292	39216	134.30
293	40938	139.72
294	39214	133.38
295	39514	133.95
296	40349	136.31
297	39850	134.18
298	39849	133.72
299	40056	133.97
300	41665	138.88
301	40008	132.92
302	41530	137.52
303	40256	132.86
304	40501	133.23
305	40727	133.53
306	48021	156.93
307	42420	138.18
308	41287	134.05
309	41521	134.37
310	41831	134.94
311	42040	135.18
312	42233	135.36
313	44648	142.65
314	43565	138.74
315	43915	139.41
316	44171	139.78
317	45624	143.92
318	48438	152.32
319	46502	145.77
320	46207	144.40
321	46126	143.69
322	44580	138.45
323	44892	138.98
324	45032	138.99
325	45276	139.31
326	46286	141.98
327	46010	140.70
328	47678	145.36
329	46433	141.13
330	46692	141.49
331	47077	142.23
332	52422	157.90
333	61483	184.63
334	48426	144.99
335	47852	142.84
336	48358	143.92
337	48313	143.36
338	48529	143.58
339	49188	145.10
340	49241	144.83
341	49312	144.61
342	49586	144.99
343	51910	151.34
344	50151	145.79
345	50507	146.40
346	50599	146.24
347	52671	151.79
348	56105	161.22
349	68243	195.54
350	53585	153.10
351	51981	148.09
352	52122	148.07
353	52359	148.33
354	52597	148.58
355	53368	150.33
356	53229	149.52
357	55794	156.29
358	57930	161.82
359	55805	155.45
360	54140	150.39
361	54419	150.75
362	54684	151.06
363	54976	151.45
364	62890	172.77
365	56954	156.04
366	55843	152.58
367	56179	153.08
368	56452	153.40
369	56736	153.76
370	58577	158.32
371	57086	153.87
372	59073	158.80
373	57788	154.93
374	58123	155.41
375	58312	155.50
376	58629	155.93
377	58915	156.27
378	59180	156.56
379	59779	157.73
380	60031	157.98
381	71035	186.44
382	61821	161.84
383	61323	160.11
384	62051	161.59
385	69036	179.31
386	61274	158.74
387	61669	159.35
388	65617	169.12
389	62973	161.88
390	63234	162.14
391	65081	166.45
392	63110	160.99
393	63349	161.19
394	65848	167.13
395	66538	168.45
396	65011	164.17
397	65244	164.34
398	66129	166.15
399	65754	164.80
400	67956	169.89
401	71431	178.13
402	65621	163.24
403	65883	163.48
404	66207	163.88
405	66555	164.33
406	68393	168.46
407	70750	173.83
408	69970	171.50
409	67609	165.30
410	67817	165.41
411	68769	167.32
412	68621	166.56
413	70537	170.79
414	69316	167.43
415	73050	176.02
416	87459	210.24
417	70033	167.94
418	74241	177.61
419	74114	176.88
420	73962	176.10
421	86629	205.77
422	73279	173.65
423	72549	171.51
424	72955	172.06
425	73635	173.26
426	73666	172.92
427	80384	188.25
428	75769	177.03
429	73910	172.28
430	74157	172.46
431	75596	175.40
432	74692	172.90
433	76474	176.61
434	77047	177.53
435	77157	177.37
436	79037	181.28
437	79653	182.27
438	78115	178.34
439	77117	175.67
440	77356	175.81
441	79748	180.83
442	78150	176.81
443	78304	176.76
444	78584	176.99
445	80519	180.94
446	79072	177.29
447	79262	177.32
448	80393	179.45
449	80819	180.00
450	80939	179.86
451	81547	180.81
452	82852	183.30
453	87032	192.12
454	90928	200.28
455	83546	183.62
456	83463	183.03
457	83291	182.26
458	83413	182.12
459	84878	184.92
460	83830	182.24
461	88217	191.36
462	84688	183.31
463	84292	182.06
464	84617	182.36
465	84996	182.79
466	85853	184.23
467	85978	184.11
468	92908	198.52
469	87699	186.99
470	87072	185.26
471	109082	231.60
472	92997	197.03
473	87776	185.57
474	88212	186.10
475	88708	186.75
476	92463	194.25
477	89364	187.35
478	94349	197.38
479	89781	187.43
480	90256	188.03
481	90534	188.22
482	100322	208.14
483	91968	190.41
484	91665	189.39
485	92710	191.15
486	97146	199.89
487	95118	195.31
488	93763	192.14
489	94060	192.35
490	95550	195.00
491	96191	195.91
492	95179	193.45
493	98579	199.96
494	96510	195.36
495	99425	200.86
496	97895	197.37
497	96166	193.49
498	96505	193.79
499	97700	195.79
500	99162	198.32
501	101125	201.85
502	97929	195.08
503	108037	214.79
504	99496	197.41
505	100313	198.64
506	99855	197.34
507	101649	200.49
508	100870	198.56
509	107912	212.01
510	101369	198.76
511	102344	200.28
512	101449	198.14
513	104969	204.62
514	106639	207.47
515	116970	227.13
516	112387	217.80
517	109425	211.65
518	108013	208.52
519	105153	202.61
520	105137	202.19
521	113630	218.10
522	113862	218.13
523	108103	206.70
524	107560	205.27
525	109425	208.43
526	109519	208.21
527	109053	206.93
528	110791	209.83
529	109902	207.75
530	109617	206.82
531	110775	208.62
532	110390	207.50
533	111194	208.62
534	110739	207.38
535	115710	216.28
536	111714	208.42
537	111433	207.51
538	111617	207.47
539	113735	211.01
540	112488	208.31
541	114359	211.38
542	115209	212.56
543	114517	210.90
544	116690	214.50
545	119195	218.71
546	115806	212.10
547	116834	213.59
548	125734	229.44
549	118778	216.35
550	117300	213.27
551	119144	216.23
552	121498	220.11
553	121882	220.40
554	119437	215.59
555	127307	229.38
556	121418	218.38
557	121684	218.46
558	119455	214.08
559	121099	216.64
560	129408	231.09
561	120973	215.64
562	121196	215.65
563	121544	215.89
564	123712	219.35
565	126604	224.08
566	129788	229.31
567	123264	217.40
568	124580	219.33
569	123684	217.37
570	125724	220.57
571	125223	219.30
572	135095	236.18
573	125903	219.73
574	125527	218.69
575	127362	221.50
576	133220	231.28
577	130905	226.87
578	130449	225.69
579	128067	221.19
580	128668	221.84
581	131206	225.83
582	133454	229.30
583	129204	221.62
584	129739	222.16
585	132019	225.67
586	133077	227.09
587	135196	230.32
588	137330	233.55
589	132117	224.31
590	132483	224.55
591	133117	225.24
592	135232	228.43
593	137705	232.22
594	142480	239.87
595	137616	231.29
596	140263	235.34
597	135115	226.32
598	136595	228.42
599	142569	238.01
600	137721	229.53
601	138707	230.79
602	138891	230.72
603	137665	228.30
604	140553	232.70
605	139219	230.11
606	139216	229.73
607	140236	231.03
608	141266	232.35
609	140072	230.00
610	157195	257.70
611	146708	240.11
612	141224	230.76
613	141756	231.25
614	152048	247.64
615	177877	289.23
616	144310	234.27
617	147655	239.31
618	145990	236.23
619	153727	248.35
620	149020	240.35
621	145775	234.74
622	147143	236.56
623	162986	261.61
624	153134	245.41
625	148861	238.18
626	147580	235.75
627	150966	240.78
628	149225	237.62
629	151538	240.92
630	151071	239.80
631	150393	238.34
632	157487	249.19
633	151339	239.08
634	156156	246.30
635	150872	237.59
636	151482	238.18
637	153553	241.06
638	153991	241.37
639	153062	239.53
640	156599	244.69
641	157618	245.89
642	155006	241.44
643	156404	243.24
644	156840	243.54
645	156515	242.66
646	156202	241.80
647	157231	243.02
648	157206	242.60
649	165103	254.40
650	163913	252.17
651	159119	244.42
652	160175	245.67
653	165485	253.42
654	162130	247.91
655	163479	249.59
656	161723	246.53
657	172543	262.62
658	163836	248.99
659	164607	249.78
660	164702	249.55
661	165155	249.86
662	179521	271.18
663	164162	247.60
664	165873	249.81
665	170793	256.83
666	165489	248.48
667	178609	267.78
668	166962	249.94
669	167737	250.73
670	169979	253.70
671	168197	250.67
672	169392	252.07
673	176965	262.95
674	174412	258.77
675	169946	251.77
676	173754	257.03
677	175245	258.86
678	173846	256.41
679	172469	254.00
680	181814	267.37
681	176668	259.42
682	174233	255.47
683	180813	264.73
684	174142	254.59
685	176169	257.18
686	175041	255.16
687	178038	259.15
688	182591	265.39
689	176374	255.99
690	176580	255.91
691	185130	267.92
692	177595	256.64
693	182196	262.91
694	179648	258.86
695	183288	263.72
696	179162	257.42
697	182291	261.54
698	183842	263.38
699	180365	258.03
700	182308	260.44
701	182186	259.89
702	202445	288.38
703	189589	269.69
704	187472	266.30
705	186213	264.13
706	187006	264.88
707	188066	266.01
708	203611	287.59
709	188301	265.59
710	186560	262.76
711	201487	283.39
712	187567	263.44
713	189538	265.83
714	194391	272.26
715	189630	265.22
716	198520	277.26
717	192305	268.21
718	192709	268.40
719	199929	278.07
720	192567	267.45
721	192721	267.30
722	225405	312.20
723	224275	310.20
724	193121	266.74
725	195057	269.04
726	201957	278.18
727	194479	267.51
728	197306	271.02
729	198701	272.57
730	247739	339.37
731	196390	268.66
732	232309	317.36
733	206459	281.66
734	212349	289.30
735	200086	272.23
736	210627	286.18
737	201996	274.08
738	200840	272.14
739	205421	277.97
740	204954	276.96
741	203748	274.96
742	203916	274.82
743	209866	282.46
744	203544	273.58
745	204189	274.08
746	205712	275.75
747	205324	274.86
748	205714	275.02
749	212798	284.11
750	215560	287.41
751	210995	280.95
752	207502	275.93
753	209307	277.96
754	211138	280.02
755	216644	286.95
756	209842	277.57
757	211900	279.92
758	217908	287.48
759	210211	276.96
760	213984	281.56
761	249411	327.74
762	219040	287.45
763	214456	281.07
764	226628	296.63
765	217237	283.97
766	215777	281.69
767	220398	287.35
768	215985	281.23
769	218540	284.19
770	221016	287.03
771	217252	281.78
772	217238	281.40
773	229854	297.35
774	223007	288.12
775	221465	285.76
776	220785	284.52
777	223832	288.07
778	228067	293.15
779	229226	294.26
780	223191	286.14
781	229789	294.22
782	224403	286.96
783	226264	288.97
784	226746	289.22
785	229181	291.95
786	226202	287.79
787	229519	291.64
788	228465	289.93
789	228866	290.07
790	231944	293.60
791	240264	303.75
792	230999	291.67
793	232538	293.24
794	248025	312.37
795	230500	289.94
796	239687	301.11
797	273019	342.56
798	233889	293.09
799	239418	299.65
800	260973	326.22
801	233716	291.78
802	242235	302.04
803	241073	300.22
804	234811	292.05
805	237135	294.58
806	259844	322.39
807	252753	313.20
808	237143	293.49
809	257928	318.82
810	238038	293.87
811	243169	299.84
812	244722	301.38
813	249577	306.98
814	242508	297.92
815	252323	309.60
816	241626	296.11
817	244359	299.09
818	256337	313.37
819	243676	297.53
820	245611	299.53
821	248876	303.14
822	245858	299.10
823	250117	303.91
824	248575	301.67
825	252613	306.20
826	248031	300.28
827	251961	304.67
828	248860	300.56
829	256233	309.09
830	255847	308.25
831	249636	300.40
832	254868	306.33
833	253325	304.11
834	258861	310.38
835	254910	305.28
836	259277	310.14
837	255573	305.34
838	258141	308.04
839	263076	313.56
840	256177	304.97
841	270721	321.90
842	257859	306.25
843	260423	308.92
844	263157	311.80
845	258606	306.04
846	261383	308.96
847	263428	311.01
848	265020	312.52
849	281600	331.68
850	296016	348.25
851	263727	309.90
852	266627	312.94
853	265221	310.93
854	272207	318.74
855	270667	316.57
856	265041	309.63
857	269998	315.05
858	267850	312.18
859	278907	324.69
860	267921	311.54
861	273423	317.56
862	268790	311.82
863	270952	313.97
864	274820	318.08
865	270743	313.00
866	282092	325.74
867	272538	314.35
868	274622	316.38
869	278956	321.01
870	276133	317.39
871	275761	316.60
872	279250	320.24
873	276652	316.90
874	294733	337.22
875	276302	315.77
876	279625	319.21
877	277944	316.93
878	283453	322.84
879	279714	318.22
880	279112	317.17
881	278071	315.63
882	278935	316.25
883	288331	326.54
884	282408	319.47
885	285393	322.48
886	285380	322.10
887	283891	320.06
888	292015	328.85
889	293656	330.32
890	296609	333.27
891	288255	323.52
892	294340	329.98
893	288984	323.61
894	289559	323.89
895	296836	331.66
896	288276	321.74
897	317329	353.77
898	291874	325.03
899	293026	325.95
900	296156	329.06
901	304203	337.63
902	295730	327.86
903	293000	324.47
904	294978	326.30
905	318235	351.64
906	302502	333.89
907	306318	337.73
908	296490	326.53
909	309114	340.06
910	301610	331.44
911	299716	329.00
912	421037	461.66
913	371117	406.48
914	322374	352.71
915	300266	328.16
916	312115	340.74
917	302110	329.45
918	308768	336.35
919	311573	339.03
920	305264	331.81
921	307078	333.42
922	303871	329.58
923	319695	346.37
924	309955	335.45
925	306737	331.61
926	311120	335.98
927	310269	334.70
928	308699	332.65
929	308797	332.40
930	314315	337.97
931	323030	346.97
932	311590	334.32
933	321474	344.56
934	310893	332.86
935	317477	339.55
936	322731	344.80
937	318156	339.55
938	325639	347.16
939	318989	339.71
940	319827	340.24
941	327478	348.01
942	318313	337.91
943	317402	336.59
944	326971	346.37
945	323656	342.49
946	322878	341.31
947	327074	345.38
948	335442	353.84
949	329688	347.41
950	322685	339.67
951	328497	345.42
952	334506	351.37
953	324362	340.36
954	334579	350.71
955	331384	347.00
956	341356	357.07
957	331128	346.01
958	333170	347.78
959	328165	342.19
960	340916	355.12
961	331011	344.44
962	334479	347.69
963	329707	342.37
964	341804	354.57
965	340839	353.20
966	334426	346.20
967	340908	352.54
968	341318	352.60
969	340733	351.63
970	335899	346.29
971	343941	354.21
972	339355	349.13
973	337223	346.58
974	344499	353.70
975	343103	351.90
976	345496	353.99
977	341209	349.24
978	346854	354.66
979	341592	348.92
980	357173	364.46
981	345795	352.49
982	351189	357.63
983	346343	352.33
984	347944	353.60
985	349284	354.60
986	346110	351.02
987	351677	356.31
988	352399	356.68
989	354036	357.97
990	349125	352.65
991	358579	361.84
992	348860	351.67
993	360365	362.91
994	352287	354.41
995	361759	363.58
996	354729	356.15
997	363139	364.23
998	356271	356.98
999	357776	358.13
1000	359550	359.55
1001	356626	356.27
1002	359147	358.43
1003	369161	368.06
1004	377374	375.87
1005	369588	367.75
1006	374963	372.73
1007	388622	385.92
1008	360334	357.47
1009	367158	363.88
1010	369404	365.75
1011	363012	359.06
1012	365032	360.70
1013	371438	366.67
1014	365234	360.19
1015	372447	366.94
1016	369411	363.59
1017	391128	384.59
1018	366986	360.50
1019	594291	583.21
1020	463637	454.55
1021	372388	364.73
1022	393380	384.91
1023	372012	363.65
1024	377362	368.52
1025	532063	519.09
1026	451594	440.15
1027	376995	367.08
1028	386583	376.05
1029	380301	369.58
1030	388110	376.81
1031	378088	366.72
1032	384837	372.90
1033	386116	373.78
1034	385979	373.29
1035	386579	373.51
1036	381396	368.14
1037	397030	382.86
1038	387273	373.10
1039	389597	374.97
1040	391949	376.87
1041	444937	427.41
1042	385143	369.62
1043	399278	382.82
1044	391953	375.43
1045	395448	378.42
1046	391974	374.74
1047	392688	375.06
1048	394650	376.57
1049	405319	386.39
1050	410754	391.19
1051	390904	371.94
1052	396911	377.29
1053	393848	374.02
1054	407240	386.38
1055	397509	376.79
1056	399732	378.53
1057	396335	374.96
1058	398500	376.65
1059	402396	379.98
1060	406262	383.27
1061	398722	375.80
1062	417015	392.67
1063	403117	379.23
1064	407467	382.96
1065	410672	385.61
1066	400739	375.93
1067	424141	397.51
1068	405189	379.39
1069	414009	387.29
1070	408141	381.44
1071	408340	381.27
1072	409892	382.36
1073	426255	397.26
1074	416769	388.05
1075	411531	382.82
1076	421041	391.30
1077	434497	403.43
1078	418827	388.52
1079	415893	385.44
1080	428030	396.32
1081	414903	383.81
1082	423089	391.02
1083	425991	393.34
1084	416460	384.19
1085	418987	386.16
1086	423543	390.00
1087	422552	388.73
1088	424055	389.76
1089	437484	401.73
1090	436740	400.68
1091	422118	386.91
1092	423993	388.27
1093	420635	384.84
1094	429063	392.20
1095	426699	389.68
1096	429158	391.57
1097	436065	397.51
1098	425155	387.21
1099	465827	423.86
1100	440116	400.11
1101	433330	393.58
1102	441235	400.39
1103	448384	406.51
1104	446521	404.46
1105	433357	392.18
1106	434499	392.86
1107	431091	389.42
1108	441888	398.82
1109	446174	402.32
1110	435985	392.78
1111	451546	406.43
1112	448482	403.31
1113	449987	404.30
1114	463268	415.86
1115	441909	396.33
1116	439367	393.70
1117	447604	400.72
1118	441576	394.97
1119	446559	399.07
1120	462181	412.66
1121	450940	402.27
1122	449363	400.50
1123	455730	405.81
1124	454461	404.32
1125	446530	396.92
1126	452640	401.99
1127	449529	398.87
1128	449739	398.70
1129	476101	421.70
1130	453819	401.61
1131	453907	401.33
1132	466873	412.43
1133	453678	400.42
1134	457630	403.55
1135	467284	411.70
1136	460528	405.39
1137	459099	403.78
1138	462213	406.16
1139	472900	415.19
1140	464521	407.47
1141	466608	408.95
1142	471072	412.50
1143	476569	416.95
1144	512760	448.22
1145	494424	431.81
1146	469888	410.02
1147	461126	402.03
1148	462900	403.22
1149	474455	412.93
1150	470854	409.44
1151	470109	408.44
1152	472725	410.35
1153	476557	413.32
1154	471878	408.91
1155	476742	412.76
1156	512433	443.28
1157	476091	411.49
1158	472995	408.46
1159	473687	408.70
1160	479521	413.38
1161	482919	415.95
1162	487714	419.72
1163	486731	418.51
1164	485380	416.99
1165	481423	413.24
1166	483221	414.43
1167	481789	412.84
1168	484273	414.62
1169	487438	416.97
1170	492559	420.99
1171	508808	434.51
1172	487011	415.54
1173	489233	417.08
1174	520117	443.03
1175	496455	422.51
1176	487801	414.80
1177	491685	417.74
1178	487924	414.20
1179	506663	429.74
1180	492314	417.22
1181	499007	422.53
1182	504344	426.69
1183	495542	418.89
1184	501571	423.62
1185	509022	429.55
1186	497788	419.72
1187	502657	423.47
1188	498991	420.03
1189	498025	418.86
1190	505859	425.09
1191	504045	423.21
1192	509997	427.85
1193	508073	425.88
1194	507337	424.91
1195	510910	427.54
1196	504220	421.59
1197	501621	419.07
1198	514705	429.64
1199	504162	420.49
1200	511533	426.28
1201	520445	433.34
1202	509585	423.95
1203	537051	446.43
1204	525696	436.62
1205	515628	427.91
1206	518966	430.32
1207	521559	432.11
1208	519637	430.16
1209	516156	426.93
1210	522782	432.05
1211	532600	439.80
1212	515414	425.26
1213	518537	427.48
1214	518954	427.47
1215	520486	428.38
1216	525081	431.81
1217	527526	433.46
1218	522320	428.83
1219	529355	434.25
1220	538393	441.31
1221	548465	449.19
1222	524070	428.86
1223	536093	438.34
1224	540630	441.69
1225	527963	430.99
1226	534354	435.85
1227	532201	433.74
1228	531508	432.82
1229	558073	454.09
1230	555530	451.65
1231	567767	461.22
1232	533269	432.85
1233	533501	432.69
1234	540278	437.83
1235	543701	440.24
1236	552056	446.65
1237	536052	433.35
1238	542478	438.19
1239	554530	447.56
1240	541248	436.49
1241	545412	439.49
1242	566159	455.84
1243	541686	435.79
1244	548638	441.03
1245	554444	445.34
1246	554760	445.23
1247	562366	450.98
1248	550144	440.82
1249	559935	448.31
1250	546318	437.05
1251	561161	448.57
1252	549595	438.97
1253	564521	450.54
1254	552559	440.64
1255	558770	445.24
1256	571498	455.01
1257	565820	450.14
1258	562013	446.75
1259	559519	444.42
1260	554699	440.24
1261	582152	461.66
1262	562576	445.78
1263	579292	458.66
1264	564617	446.69
1265	566557	447.87
1266	566036	447.11
1267	564902	445.86
1268	568914	448.67
1269	600659	473.33
1270	568302	447.48
1271	576944	453.93
1272	574913	451.98
1273	574098	450.98
1274	571279	448.41
1275	573410	449.73
1276	572519	448.68
1277	578648	453.13
1278	575885	450.61
1279	582348	455.32
1280	579620	452.83
1281	573236	447.49
1282	581975	453.96
1283	586189	456.89
1284	725836	565.29
1285	601923	468.42
1286	584757	454.71
1287	588834	457.52
1288	603851	468.83
1289	582052	451.55
1290	586402	454.58
1291	584588	452.82
1292	604306	467.73
1293	590094	456.38
1294	592646	458.00
1295	599516	462.95
1296	585220	451.56
1297	588659	453.86
1298	601689	463.55
1299	610714	470.14
1300	598591	460.45
1301	589548	453.15
1302	613863	471.48
1303	603843	463.43
1304	604923	463.90
1305	602101	461.38
1306	605555	463.67
1307	609729	466.51
1308	595912	455.59
1309	610366	466.28
1310	601842	459.42
1311	604703	461.25
1312	604502	460.75
1313	628422	478.62
1314	607421	462.27
1315	608110	462.44
1316	603928	458.91
1317	605379	459.67
1318	618071	468.95
1319	610460	462.82
1320	623371	472.25
1321	621310	470.33
1322	660998	500.00
1323	616396	465.91
1324	619019	467.54
1325	627308	473.44
1326	618406	466.37
1327	620099	467.29
1328	628354	473.16
1329	622340	468.28
1330	622327	467.92
1331	616637	463.29
1332	625903	469.90
1333	649188	487.01
1334	625261	468.71
1335	628553	470.83
1336	631947	473.01
1337	635285	475.16
1338	640436	478.65
1339	634079	473.55
1340	626343	467.42
1341	640854	477.89
1342	632272	471.14
1343	639397	476.10
1344	636702	473.74
1345	647971	481.76
1346	633401	470.58
1347	634944	471.38
1348	642477	476.61
1349	669679	496.43
1350	649060	480.79
1351	639262	473.18
1352	645686	477.58
1353	640478	473.38
1354	640976	473.39
1355	641598	473.50
1356	651378	480.37
1357	647192	476.93
1358	655378	482.61
1359	649957	478.26
1360	651574	479.10
1361	656085	482.06
1362	656400	481.94
1363	651409	477.92
1364	656232	481.11
1365	654114	479.20
1366	657516	481.34
1367	657728	481.15
1368	654054	478.11
1369	651628	475.99
1370	681499	497.44
1371	664687	484.82
1372	659842	480.93
1373	662297	482.37
1374	666904	485.37
1375	659105	479.35
1376	659618	479.37
1377	669404	486.13
1378	659156	478.34
1379	667236	483.85
1380	674128	488.50
1381	682788	494.42
1382	669569	484.49
1383	661341	478.19
1384	664936	480.45
1385	677355	489.06
1386	668255	482.15
1387	683948	493.11
1388	673672	485.35
1389	684745	492.98
1390	681418	490.23
1391	676338	486.22
1392	671916	482.70
1393	685813	492.33
1394	692660	496.89
1395	685496	491.39
1396	681411	488.12
1397	683227	489.07
1398	689400	493.13
1399	682422	487.79
1400	696217	497.30
1401	714310	509.86
1402	716819	511.28
1403	691549	492.91
1404	712890	507.76
1405	686730	488.78
1406	692301	492.39
1407	698444	496.41
1408	725129	515.01
1409	698122	495.47
1410	693228	491.65
1411	704479	499.28
1412	703878	498.50
1413	692936	490.40
1414	705175	498.71
1415	700661	495.17
1416	711388	502.39
1417	707616	499.38
1418	705337	497.42
1419	698563	492.29
1420	710551	500.39
1421	706720	497.34
1422	718299	505.13
1423	706338	496.37
1424	709431	498.20
1425	713045	500.38
1426	717506	503.16
1427	712876	499.56
1428	714904	500.63
1429	724025	506.67
1430	714400	499.58
1431	714278	499.15
1432	710162	495.92
1433	723426	504.83
1434	717138	500.10
1435	733217	510.95
1436	723191	503.61
1437	725315	504.74
1438	726928	505.51
1439	730868	507.90
1440	727216	505.01
1441	726812	504.38
1442	745942	517.30
1443	730877	506.50
1444	730249	505.71
1445	722386	499.92
1446	730531	505.21
1447	730105	504.56
1448	739486	510.69
1449	731698	504.97
1450	737375	508.53
1451	731626	504.22
1452	746254	513.95
1453	779513	536.49
1454	740758	509.46
1455	752228	517.00
1456	739322	507.78
1457	751329	515.67
1458	736353	505.04
1459	747013	512.00
1460	746552	511.34
1461	756023	517.47
1462	747839	511.52
1463	747109	510.67
1464	771273	526.83
1465	750091	512.01
1466	757241	516.54
1467	745237	508.00
1468	764486	520.77
1469	752360	512.16
1470	754628	513.35
1471	753829	512.46
1472	759018	515.64
1473	756536	513.60
1474	774471	525.42
1475	762689	517.08
1476	759866	514.81
1477	763213	516.73
1478	762206	515.70
1479	765625	517.66
1480	770061	520.31
1481	765204	516.68
1482	768252	518.39
1483	768351	518.11
1484	767448	517.15
1485	771239	519.35
1486	768417	517.10
1487	781093	525.28
1488	769687	517.26
1489	770181	517.25
1490	768307	515.64
1491	775633	520.21
1492	788119	528.23
1493	777437	520.72
1494	786914	526.72
1495	791537	529.46
1496	782267	522.91
1497	772278	515.88
1498	788508	526.37
1499	784436	523.31
1500	785016	523.34
1501	799329	532.53
1502	832661	554.37
1503	844728	562.03
1504	791403	526.20
1505	790375	525.17
1506	795219	528.03
1507	797709	529.34
1508	790127	523.96
1509	809967	536.76
1510	798303	528.68
1511	804447	532.39
1512	793247	524.63
1513	802491	530.40
1514	796880	526.34
1515	790795	521.98
1516	824245	543.70
1517	812438	535.56
1518	818437	539.15
1519	807662	531.71
1520	816801	537.37
1521	811634	533.62
1522	809231	531.69
1523	833601	547.34
1524	833724	547.06
1525	815084	534.48
1526	816692	535.18
1527	809776	530.31
1528	817967	535.32
1529	830749	543.33
1530	813931	531.98
1531	815793	532.85
1532	809549	528.43
1533	814396	531.24
1534	834173	543.79
1535	819079	533.60
1536	823095	535.87
1537	819875	533.43
1538	821660	534.24
1539	827202	537.49
1540	837984	544.15
1541	832964	540.53
1542	827015	536.33
1543	833232	540.01
1544	832153	538.96
1545	831175	537.98
1546	837224	541.54
1547	832027	537.83
1548	835344	539.63
1549	833150	537.86
1550	824328	531.82
1551	882013	568.67
1552	885228	570.38
1553	840054	540.92
1554	843365	542.71
1555	836325	537.83
1556	847718	544.81
1557	841336	540.36
1558	843298	541.27
1559	871525	559.03
1560	846190	542.43
1561	837070	536.24
1562	849039	543.56
1563	849275	543.36
1564	852961	545.37
1565	851032	543.79
1566	858559	548.25
1567	850173	542.55
1568	849611	541.84
1569	857455	546.50
1570	872443	555.70
1571	856288	545.06
1572	855696	544.34
1573	861945	547.96
1574	859099	545.81
1575	868929	551.70
1576	880122	558.45
1577	864144	547.97
1578	864335	547.74
1579	863889	547.11
1580	867975	549.35
1581	897936	567.95
1582	870098	550.00
1583	878718	555.10
1584	888208	560.74
1585	877279	553.49
1586	870385	548.79
1587	879664	554.29
1588	877167	552.37
1589	868579	546.62
1590	878448	552.48
1591	875990	550.59
1592	890996	559.67
1593	881289	553.23
1594	879245	551.60
1595	889857	557.90
1596	884548	554.23
1597	880134	551.12
1598	899047	562.61
1599	888791	555.84
1600	879685	549.80
1601	910666	568.81
1602	911815	569.17
1603	898046	560.23
1604	901280	561.90
1605	910553	567.32
1606	893949	556.63
1607	905802	563.66
1608	903756	562.04
1609	899819	559.24
1610	891594	553.79
1611	897978	557.40
1612	901849	559.46
1613	996749	617.95
1614	1086117	672.93
1615	901778	558.38
1616	899966	556.91
1617	907027	560.93
1618	939456	580.63
1619	904734	558.82
1620	930636	574.47
1621	912109	562.68
1622	915105	564.18
1623	924485	569.61
1624	937134	577.05
1625	922094	567.44
1626	914023	562.13
1627	952626	585.51
1628	913894	561.36
1629	924364	567.44
1630	922922	566.21
1631	922232	565.44
1632	915331	560.86
1633	933862	571.87
1634	947249	579.71
1635	941816	576.03
1636	924338	565.00
1637	924644	564.84
1638	927756	566.40
1639	934851	570.38
1640	937779	571.82
1641	934963	569.75
1642	937003	570.65
1643	935126	569.16
1644	937752	570.41
1645	948669	576.70
1646	936054	568.68
1647	930486	564.96
1648	944837	573.32
1649	951432	576.98
1650	942901	571.46
1651	957879	580.18
1652	946414	572.89
1653	946877	572.82
1654	948832	573.66
1655	956145	577.73
1656	967139	584.02
1657	940319	567.48
1658	973149	586.94
1659	964130	581.15
1660	952412	573.74
1661	977412	588.45
1662	950319	571.79
1663	990100	595.37
1664	949635	570.69
1665	974016	584.99
1666	997715	598.87
1667	963500	577.98
1668	964121	578.01
1669	963930	577.55
1670	983961	589.20
1671	1008653	603.62
1672	968723	579.38
1673	977385	584.21
1674	1016075	606.97
1675	970878	579.63
1676	983585	586.86
1677	970407	578.66
1678	974951	581.02
1679	974492	580.40
1680	997997	594.05
1681	974059	579.45
1682	971260	577.44
1683	984658	585.06
1684	986903	586.05
1685	987667	586.15
1686	984014	583.64
1687	978815	580.21
1688	983217	582.47
1689	1004559	594.77
1690	984114	582.32
1691	1005393	594.56
1692	993549	587.20
1693	986608	582.76
1694	1000738	590.75
1695	999619	589.75
1696	997155	587.95
1697	983238	579.40
1698	1037936	611.27
1699	999640	588.37
1700	1007095	592.41
1701	1011248	594.50
1702	1023844	601.55
1703	1006242	590.86
1704	1021168	599.28
1705	1010925	592.92
1706	999122	585.65
1707	1018543	596.69
1708	1008447	590.43
1709	1027181	601.04
1710	1022119	597.73
1711	1011959	591.44
1712	1007552	588.52
1713	1026882	599.46
1714	1020072	595.14
1715	1016414	592.66
1716	1024468	597.01
1717	1017873	592.82
1718	1058349	616.04
1719	1034055	601.54
1720	1029621	598.62
1721	1031207	599.19
1722	1075186	624.38
1723	1024395	594.54
1724	1034706	600.18
1725	1041073	603.52
1726	1027785	595.47
1727	1036753	600.32
1728	1033608	598.15
1729	1037446	600.03
1730	1022671	591.14
1731	1037872	599.58
1732	1047523	604.81
1733	1119069	645.74
1734	1039509	599.49
1735	1058346	610.00
1736	1130655	651.30
1737	1054632	607.16
1738	1045083	601.31
1739	1035224	595.30
1740	1049022	602.89
1741	1069878	614.52
1742	1054366	605.26
1743	1050089	602.46
1744	1057811	606.54
1745	1051779	602.74
1746	1073670	614.93
1747	1060944	607.29
1748	1047068	599.01
1749	1069284	611.37
1750	1061676	606.67
1751	1063834	607.56
1752	1052802	600.91
1753	1059776	604.55
1754	1074628	612.67
1755	1065505	607.13
1756	1063043	605.38
1757	1078035	613.57
1758	1074703	611.32
1759	1075131	611.22
1760	1079234	613.20
1761	1093240	620.81
1762	1064424	604.10
1763	1076677	610.71
1764	1076747	610.40
1765	1081053	612.49
1766	1096955	621.15
1767	1471367	832.69
1768	1079630	610.65
1769	1109274	627.06
1770	1078751	609.46
1771	1090153	615.56
1772	1083088	611.22
1773	1084330	611.58
1774	1094517	616.98
1775	1093453	616.03
1776	1098994	618.80
1777	1098187	618.00
1778	1092663	614.55
1779	1082894	608.71
1780	1106572	621.67
1781	1095788	615.27
1782	1101212	617.96
1783	1120417	628.39
1784	1091875	612.04
1785	1104641	618.85
1786	1120828	627.56
1787	1175419	657.76
1788	1110658	621.17
1789	1101729	615.84
1790	1109035	619.57
1791	1110574	620.09
1792	1104190	616.18
1793	1113027	620.76
1794	1110289	618.89
1795	1106987	616.71
1796	1119462	623.31
1797	1113753	619.78
1798	1115550	620.44
1799	1146636	637.37
1800	1110996	617.22
1801	1139936	632.95
1802	1145936	635.92
1803	1145810	635.50
1804	1125435	623.86
1805	1127568	624.69
1806	1121083	620.75
1807	1133665	627.37
1808	1129686	624.83
1809	1118553	618.33
1810	1123853	620.91
1811	1144414	631.92
1812	1129713	623.46
1813	1132395	624.60
1814	1129581	622.70
1815	1140223	628.22
1816	1141461	628.56
1817	1149462	632.62
1818	1271191	699.22
1819	1145694	629.85
1820	1139334	626.01
1821	1143576	627.99
1822	1134775	622.82
1823	1158820	635.67
1824	1240699	680.21
1825	1148900	629.53
1826	1148482	628.96
1827	1149746	629.31
1828	1152372	630.40
1829	1157237	632.72
1830	1142546	624.34
1831	1148033	627.00
1832	1161807	634.17
1833	1159533	632.59
1834	1162801	634.02
1835	1256666	684.83
1836	1314680	716.06
1837	1176447	640.42
1838	1157412	629.71
1839	1170179	636.31
1840	1179275	640.91
1841	1169731	635.38
1842	1184665	643.14
1843	1162140	630.57
1844	1195195	648.15
1845	1188434	644.14
1846	1182486	640.57
1847	1182335	640.14
1848	1175483	636.08
1849	1173661	634.75
1850	1199516	648.39
1851	1187859	641.74
1852	1177438	635.77
1853	1186310	640.21
1854	1199071	646.75
1855	1178867	635.51
1856	1204205	648.82
1857	1204314	648.53
1858	1202631	647.27
1859	1178179	633.77
1860	1400636	753.03
1861	1214968	652.86
1862	1195025	641.80
1863	1211547	650.32
1864	1202851	645.31
1865	1204211	645.69
1866	1209518	648.19
1867	1181359	632.76
1868	1201722	643.32
1869	1210096	647.46
1870	1205530	644.67
1871	1196039	639.25
1872	1205826	644.14
1873	1216592	649.54
1874	1209303	645.31
1875	1500646	800.34
1876	1226009	653.52
1877	1226611	653.50
1878	1223457	651.47
1879	1207727	642.75
1880	1227897	653.14
1881	1223656	650.53
1882	1232131	654.69
1883	1207182	641.10
1884	1239987	658.17
1885	1249094	662.65
1886	1228123	651.18
1887	1217495	645.20
1888	1223020	647.79
1889	1232911	652.68
1890	1236619	654.30
1891	1280568	677.19
1892	1230973	650.62
1893	1250429	660.55
1894	1258495	664.46
1895	1232988	650.65
1896	1246553	657.46
1897	1245674	656.65
1898	1265585	666.80
1899	1239678	652.81
1900	1244213	654.85
1901	1255501	660.44
1902	1247316	655.79
1903	1254708	659.33
1904	1305541	685.68
1905	1250571	656.47
1906	1243544	652.44
1907	1250424	655.70
1908	1254489	657.49
1909	1248359	653.93
1910	1247549	653.17
1911	1266523	662.75
1912	1266572	662.43
1913	1258497	657.87
1914	1258282	657.41
1915	1277179	666.93
1916	1310590	684.02
1917	1274248	664.71
1918	1257686	655.73
1919	1272123	662.91
1920	1280112	666.73
1921	1258777	655.27
1922	1327350	690.61
1923	1306631	679.48
1924	1271929	661.09
1925	1267773	658.58
1926	1268799	658.77
1927	1285943	667.33
1928	1281669	664.77
1929	1291615	669.58
1930	1285621	666.12
1931	1274342	659.94
1932	1283172	664.17
1933	1281430	662.92
1934	1308280	676.46
1935	1287398	665.32
1936	1292952	667.85
1937	1296732	669.45
1938	1292331	666.84
1939	1320400	680.97
1940	1281560	660.60
1941	1339716	690.22
1942	1300922	669.89
1943	1298499	668.30
1944	1298935	668.18
1945	1293428	665.00
1946	1322322	679.51
1947	1298919	667.14
1948	1306313	670.59
1949	1316883	675.67
1950	1321288	677.58
1951	1326574	679.95
1952	1312610	672.44
1953	1322555	677.19
1954	1315747	673.36
1955	1328333	679.45
1956	1314638	672.11
1957	1321602	675.32
1958	1320627	674.48
1959	1305818	666.57
1960	1316644	671.76
1961	1324572	675.46
1962	1325721	675.70
1963	1324204	674.58
1964	1326697	675.51
1965	1332130	677.93
1966	1315504	669.13
1967	1329943	676.13
1968	1343158	682.50
1969	1367523	694.53
1970	1406029	713.72
1971	1345657	682.73
1972	1342265	680.66
1973	1330214	674.21
1974	1342693	680.19
1975	1343066	680.03
1976	1336266	676.25
1977	1329917	672.69
1978	1366791	691.00
1979	1348126	681.22
1980	1344947	679.27
1981	1352413	682.69
1982	1370768	691.61
1983	1362108	686.89
1984	1345526	678.19
1985	1367213	688.77
1986	1358494	684.04
1987	1356544	682.71
1988	1357387	682.79
1989	1393731	700.72
1990	1403234	705.14
1991	1355103	680.61
1992	1361872	683.67
1993	1372492	688.66
1994	1370740	687.43
1995	1357765	680.58
1996	1397619	700.21
1997	1380605	691.34
1998	1357622	679.49
1999	1376945	688.82
2000	1393429	696.71
2001	1430931	715.11
2002	1369496	684.06
2003	1385992	691.96
2004	1378914	688.08
2005	1385757	691.15
2006	1378239	687.06
2007	1387416	691.29
2008	1430056	712.18
2009	1372904	683.38
2010	1387066	690.08
2011	1388483	690.44
2012	1392837	692.26
2013	1391883	691.45
2014	1406181	698.20
2015	1389922	689.79
2016	1392523	690.74
2017	1413553	700.82
2018	1451160	719.11
2019	1402994	694.90
2020	1391072	688.65
2021	1455403	720.14
2022	1399378	692.08
2023	1413480	698.70
2024	1420419	701.79
2025	1419424	700.95
2026	1393795	687.95
2027	1410426	695.82
2028	1415117	697.79
2029	1425734	702.68
2030	1415324	697.20
2031	1431453	704.80
2032	1418936	698.30
2033	1407843	692.50
2034	1437970	706.97
2035	1420846	698.20
2036	1420835	697.86
2037	1424583	699.35
2038	1438776	705.97
2039	1423349	698.06
2040	1421026	696.58
2041	1432750	701.98
2042	1449401	709.79
2043	1453725	711.56
2044	1425209	697.26
2045	1443178	705.71
2046	1433266	700.52
2047	1453293	709.96
2048	1452521	709.24
2049	1444629	705.04
2050	1427252	696.22
2051	1446408	705.22
2052	1661021	809.46
2053	1447764	705.19
2054	1453423	707.61
2055	1455407	708.23
2056	1449098	704.81
2057	1444079	702.03
2058	1452608	705.83
2059	1456543	707.40
2060	1442166	700.08
2061	1471981	714.21
2062	1463663	709.83
2063	1440241	698.13
2064	1461586	708.13
2065	1473517	713.57
2066	1465275	709.23
2067	1490535	721.11
2068	1473180	712.37
2069	1477184	713.96
2070	1463937	707.22
2071	1484037	716.58
2072	1464875	706.99
2073	1471006	709.60
2074	1473608	710.51
2075	1480186	713.34
2076	1473447	709.75
2077	1482884	713.95
2078	1508577	725.98
2079	1490397	716.88
2080	1489956	716.33
2081	1483891	713.07
2082	1486385	713.92
2083	1483528	712.21
2084	1488148	714.08
2085	1495386	717.21
2086	1479105	709.06
2087	1491666	714.74
2088	1494897	715.95
2089	1499614	717.86
2090	1492485	714.11
2091	1504243	719.39
2092	1499421	716.74
2093	1495845	714.69
2094	1502675	717.61
2095	1562850	745.99
2096	1510735	720.77
2097	1507446	718.86
2098	1511223	720.32
2099	1597852	761.24
2100	1520536	724.06
2101	1541599	733.75
2102	1500801	713.99
2103	1516868	721.29
2104	1522715	723.72
2105	1526862	725.35
2106	1531943	727.42
2107	1534307	728.20
2108	1529001	725.33
2109	1518744	720.13
2110	1544949	732.20
2111	1543717	731.27
2112	1517635	718.58
2113	1527329	722.82
2114	1543872	730.31
2115	1526557	721.78
2116	1541711	728.60
2117	1536358	725.72
2118	1522763	718.96
2119	1534781	724.29
2120	1544039	728.32
2121	1548695	730.17
2122	1546204	728.65
2123	1544116	727.33
2124	1539427	724.78
2125	1553420	731.02
2126	1550370	729.24
2127	1540889	724.44
2128	1550572	728.65
2129	1566081	735.59
2130	1549537	727.48
2131	1550003	727.36
2132	1562496	732.88
2133	1557893	730.38
2134	1547828	725.32
2135	1564325	732.70
2136	1572655	736.26
2137	1560948	730.44
2138	1578996	738.54
2139	1603407	749.61
2140	1572208	734.68
2141	1574415	735.36
2142	1572408	734.08
2143	1577664	736.19
2144	1577923	735.97
2145	1578883	736.08
2146	1563314	728.48
2147	1570698	731.58
2148	1584215	737.53
2149	1575747	733.25
2150	1579880	734.83
2151	1598389	743.09
2152	1581136	734.73
2153	1578755	733.28
2154	1595616	740.77
2155	1602650	743.69
2156	1601018	742.59
2157	1627851	754.68
2158	1584657	734.32
2159	1594597	738.58
2160	1618027	749.09
2161	1595925	738.51
2162	1591452	736.10
2163	1605965	742.47
2164	1607206	742.70
2165	1605187	741.43
2166	1631437	753.20
2167	1614618	745.09
2168	1617730	746.19
2169	1609112	741.87
2170	1622841	747.85
2171	1607541	740.46
2172	1625981	748.61
2173	1636190	752.96
2174	1610875	740.97
2175	1620195	744.92
2176	1624786	746.68
2177	1616602	742.58
2178	1635311	750.83
2179	1618287	742.67
2180	1632257	748.74
2181	1624095	744.66
2182	1647247	754.93
2183	1623361	743.64
2184	1636650	749.38
2185	1638926	750.08
2186	1635937	748.37
2187	1642173	750.88
2188	1633241	746.45
2189	1630966	745.07
2190	1646580	751.86
2191	1642823	749.81
2192	1642152	749.16
2193	1712746	781.01
2194	1642653	748.70
2195	1691025	770.40
2196	1662523	757.07
2197	1658541	754.91
2198	1639541	745.92
2199	1659822	754.81
2200	1676587	762.09
2201	1713912	778.70
2202	1650427	749.51
2203	1656223	751.80
2204	1664815	755.36
2205	1663886	754.60
2206	1678025	760.66
2207	1659195	751.79
2208	1665964	754.51
2209	1653723	748.63
2210	1689146	764.32
2211	1671052	755.79
2212	1670696	755.29
2213	1675531	757.13
2214	1679230	758.46
2215	1663860	751.18
2216	1708165	770.83
2217	1698729	766.23
2218	1678588	756.80
2219	1690699	761.92
2220	1689050	760.83
2221	1687516	759.80
2222	1710547	769.82
2223	1686156	758.50
2224	1691734	760.67
2225	1694210	761.44
2226	1710035	768.21
2227	1702853	764.64
2228	1703351	764.52
2229	1684623	755.78
2230	1700550	762.58
2231	1725099	773.24
2232	1691990	758.06
2233	1735935	777.40
2234	1714988	767.68
2235	1692343	757.20
2236	1741431	778.82
2237	1786019	798.40
2238	1937103	865.55
2239	1773723	792.19
2240	1844975	823.65
2241	1717282	766.30
2242	1714242	764.60
2243	1712432	763.46
2244	1720015	766.50
2245	1736326	773.42
2246	1722062	766.72
2247	1728107	769.07
2248	1829477	813.82
2249	1789102	795.51
2250	1738881	772.84
2251	1734423	770.51
2252	1743728	774.30
2253	1740139	772.37
2254	1751237	776.95
2255	1739747	771.51
2256	1743247	772.72
2257	1790789	793.44
2258	1758605	778.83
2259	1745160	772.54
2260	1734874	767.64
2261	1742393	770.63
2262	1766471	780.93
2263	1745699	771.41
2264	1830483	808.52
2265	1755236	774.94
2266	1756262	775.05
2267	1761610	777.07
2268	1743556	768.76
2269	1762430	776.74
2270	1753420	772.43
2271	1758837	774.48
2272	1777881	782.52
2273	1785744	785.63
2274	1779791	782.67
2275	1790092	786.85
2276	1776064	780.34
2277	1789143	785.75
2278	1781652	782.11
2279	1770226	776.76
2280	1803882	791.18
2281	1770691	776.28
2282	1767903	774.72
2283	1781078	780.15
2284	1780829	779.70
2285	1792874	784.63
2286	1781933	779.50
2287	1775392	776.30
2288	1795553	784.77
2289	1796987	785.05
2290	1786177	779.99
2291	1790969	781.74
2292	1791190	781.50
2293	1813206	790.76
2294	1794656	782.33
2295	1869551	814.62
2296	1787493	778.52
2297	1802296	784.63
2298	1795781	781.45
2299	1804501	784.91
2300	1840039	800.02
2301	1835232	797.58
2302	1815021	788.45
2303	1804408	783.50
2304	1819956	789.91
2305	1820179	789.67
2306	1793537	777.77
2307	1830265	793.35
2308	1812596	785.35
2309	1816254	786.60
2310	1835755	794.70
2311	1803557	780.42
2312	1817049	785.92
2313	1839333	795.22
2314	1830867	791.21
2315	1837513	793.74
2316	1830747	790.48
2317	1828816	789.30
2318	1826298	787.88
2319	1835417	791.47
2320	1847302	796.25
2321	1837041	791.49
2322	1853630	798.29
2323	1849952	796.36
2324	1849995	796.04
2325	1848682	795.13
2326	1855434	797.69
2327	1842789	791.92
2328	1846579	793.20
2329	1863605	800.17
2330	1842189	790.64
2331	1856492	796.44
2332	1855734	795.77
2333	1854883	795.06
2334	1863456	798.40
2335	1846466	790.78
2336	1868834	800.01
2337	1897407	811.90
2338	1857412	794.44
2339	1917230	819.68
2340	1872921	800.39
2341	1874764	800.84
2342	1873130	799.80
2343	1862568	794.95
2344	1880776	802.38
2345	1876561	800.24
2346	1868738	796.56
2347	1913850	815.45
2348	1968049	838.18
2349	1889332	804.31
2350	1902500	809.57
2351	1874969	797.52
2352	1913165	813.42
2353	1876283	797.40
2354	1912648	812.51
2355	1884859	800.36
2356	1883669	799.52
2357	1897737	805.15
2358	1897235	804.59
2359	1905875	807.92
2360	1893682	802.41
2361	1900195	804.83
2362	1901758	805.15
2363	1897747	803.11
2364	1924216	813.97
2365	1912834	808.81
2366	1895931	801.32
2367	1918431	810.49
2368	1907867	805.69
2369	1906959	804.96
2370	1926113	812.71
2371	1924252	811.58
2372	1936551	816.42
2373	1931426	813.92
2374	1917044	807.52
2375	1927097	811.41
2376	1936709	815.11
2377	1953470	821.82
2378	1933996	813.29
2379	1942075	816.34
2380	1942752	816.28
2381	1940153	814.85
2382	1958900	822.38
2383	1959877	822.44
2384	1925060	807.49
2385	1946817	816.28
2386	1957096	820.24
2387	1955143	819.08
2388	1939848	812.33
2389	1939265	811.75
2390	1954053	817.60
2391	1938109	810.59
2392	1964143	821.13
2393	1957178	817.88
2394	1958549	818.11
2395	1966526	821.10
2396	1974307	824.00
2397	1982570	827.10
2398	1954046	814.86
2399	1968033	820.36
2400	1992932	830.39
2401	1969398	820.24
2402	1979693	824.19
2403	1971136	820.28
2404	1966977	818.21
2405	1970512	819.34
2406	1963834	816.22
2407	1977084	821.39
2408	1987338	825.31
2409	1974486	819.63
2410	1981608	822.24
2411	1988786	824.88
2412	1978399	820.23
2413	2006735	831.63
2414	1979813	820.14
2415	1994139	825.73
2416	1988068	822.88
2417	2011628	832.28
2418	1996398	825.64
2419	2041914	844.11
2420	2013529	832.04
2421	2052697	847.87
2422	2014984	831.95
2423	1992321	822.25
2424	2021808	834.08
2425	1995706	822.97
2426	2009981	828.52
2427	2007394	827.11
2428	2018472	831.33
2429	2013556	828.97
2430	2003074	824.31
2431	2024382	832.74
2432	2019599	830.43
2433	2065639	849.01
2434	2049335	841.96
2435	2001556	821.99
2436	2019214	828.91
2437	2033283	834.34
2438	2051556	841.49
2439	2067891	847.84
2440	2009732	823.66
2441	2066552	846.60
2442	2042704	836.49
2443	2048944	838.70
2444	2045535	836.96
2445	2025992	828.63
2446	2043463	835.43
2447	2021945	826.30
2448	2053825	838.98
2449	2036089	831.40
2450	2041672	833.34
2451	2048253	835.68
2452	2039995	831.97
2453	2053679	837.21
2454	2068384	842.86
2455	2054460	836.85
2456	2047041	833.49
2457	2051799	835.08
2458	2069989	842.14
2459	2037147	828.45
2460	2066911	840.21
2461	2062233	837.97
2462	2081973	845.64
2463	2060158	836.44
2464	2066838	838.81
2465	2066132	838.19
2466	2063203	836.66
2467	2079372	842.87
2468	2074685	840.63
2469	2071428	838.97
2470	2086917	844.91
2471	2064446	835.47
2472	2095534	847.71
2473	2069215	836.72
2474	2080512	840.95
2475	2109526	852.33
2476	2089614	843.95
2477	2088110	843.00
2478	2091160	843.89
2479	2099979	847.11
2480	2081298	839.23
2481	2109200	850.14
2482	2090355	842.21
2483	2097844	844.88
2484	2150661	865.81
2485	2100322	845.20
2486	2143672	862.30
2487	2119878	852.38
2488	2144456	861.92
2489	2102621	844.77
2490	2115605	849.64
2491	2113112	848.30
2492	2106943	845.48
2493	2150664	862.68
2494	2129881	854.00
2495	2126266	852.21
2496	2101831	842.08
2497	2136247	855.53
2498	2164445	866.47
2499	2224324	890.09
2500	2193363	877.35
2501	2132262	852.56
2502	2133522	852.73
2503	2120686	847.26
2504	2141852	855.37
2505	2118257	845.61
2506	2194009	875.50
2507	2153677	859.07
2508	2133406	850.64
2509	2163351	862.24
2510	2135831	850.93
2511	2154618	858.07
2512	2129948	847.91
2513	2152890	856.70
2514	2153279	856.52
2515	2152177	855.74
2516	2163241	859.79
2517	2141216	850.70
2518	2169459	861.58
2519	2169046	861.07
2520	2179244	864.78
2521	2149418	852.61
2522	2162374	857.40
2523	2152089	852.99
2524	2199455	871.42
2525	2169160	859.07
2526	2212261	875.80
2527	2186818	865.38
2528	2178664	861.81
2529	2314506	915.19
2530	2226848	880.18
2531	2199944	869.20
2532	2168800	856.56
2533	2184367	862.36
2534	2187213	863.15
2535	2171595	856.64
2536	2196458	866.11
2537	2182953	860.45
2538	2213739	872.24
2539	2217902	873.53
2540	2202204	867.01
2541	2205451	867.95
2542	2188123	860.79
2543	2189911	861.15
2544	2282965	897.39
2545	2189698	860.39
2546	2199620	863.95
2547	2217206	870.52
2548	2206969	866.16
2549	2219539	870.75
2550	2195873	861.13
2551	2234224	875.82
2552	2206108	864.46
2553	2238337	876.75
2554	2207056	864.16
2555	2223163	870.12
2556	2222039	869.34
2557	2235739	874.36
2558	2218960	867.46
2559	2234695	873.27
2560	2229286	870.81
2561	2222317	867.75
2562	2243036	875.50
2563	2225249	868.22
2564	2235219	871.77
2565	2258513	880.51
2566	2242674	874.00
2567	2231415	869.27
2568	2259384	879.82
2569	2253995	877.38
2570	2251573	876.10
2571	2253516	876.51
2572	2241987	871.69
2573	2256232	876.89
2574	2238149	869.52
2575	2255317	875.85
2576	2251012	873.84
2577	2314176	898.01
2578	2235518	867.15
2579	2304940	893.73
2580	2351275	911.35
2581	2276246	881.92
2582	2270775	879.46
2583	2270926	879.18
2584	2265579	876.77
2585	2287904	885.07
2586	2269395	877.57
2587	2297586	888.13
2588	2287509	883.89
2589	2312028	893.02
2590	2303954	889.56
2591	2281521	880.56
2592	2292079	884.29
2593	2277763	878.43
2594	2277667	878.05
2595	2305524	888.45
2596	2317921	892.88
2597	2325873	895.60
2598	2300246	885.39
2599	2304079	886.53
2600	2299073	884.26
2601	2373678	912.60
2602	2288835	879.64
2603	2304845	885.46
2604	2316954	889.77
2605	2326306	893.02
2606	2291556	879.34
2607	2326341	892.34
2608	2301194	882.36
2609	2345446	898.98
2610	2316090	887.39
2611	2326469	891.03
2612	2307673	883.49
2613	2313100	885.23
2614	2306307	882.29
2615	2382459	911.07
2616	2347300	897.29
2617	2332839	891.42
2618	2374989	907.18
2619	2368582	904.38
2620	2321400	886.03
2621	2336328	891.39
2622	2327802	887.80
2623	2331192	888.75
2624	2336750	890.53
2625	2345140	893.39
2626	2340815	891.40
2627	2341794	891.43
2628	2362810	899.09
2629	2333100	887.45
2630	2359534	897.16
2631	2349078	892.85
2632	2382484	905.20
2633	2333610	886.29
2634	2353885	893.65
2635	2357884	894.83
2636	2368530	898.53
2637	2347897	890.37
2638	2368282	897.76
2639	2374775	899.88
2640	2381729	902.17
2641	2352625	890.81
2642	2371084	897.46
2643	2356842	891.73
2644	2364205	894.18
2645	2381384	900.33
2646	2379623	899.33
2647	2403330	907.94
2648	2400992	906.72
2649	2380532	898.65
2650	2388425	901.29
2651	2386064	900.06
2652	2380340	897.56
2653	2404361	906.28
2654	2373289	894.23
2655	2412389	908.62
2656	2398785	903.16
2657	2407925	906.26
2658	2402905	904.03
2659	2461943	925.89
2660	2449542	920.88
2661	2407336	904.67
2662	2405143	903.51
2663	2407427	904.03
2664	2649113	994.41
2665	2435585	913.92
2666	2433834	912.92
2667	2432696	912.15
2668	2410443	903.46
2669	2432565	911.41
2670	2428036	909.38
2671	2417714	905.17
2672	2423945	907.17
2673	2438769	912.37
2674	2435576	910.84
2675	2424901	906.51
2676	2448962	915.16
2677	2439521	911.29
2678	2439057	910.78
2679	2441513	911.35
2680	2424214	904.56
2681	2547129	950.07
2682	2453681	914.87
2683	2448115	912.45
2684	2457012	915.43
2685	2603281	969.56
2686	2461096	916.27
2687	2457003	914.40
2688	2456096	913.73
2689	2451814	911.79
2690	2516113	935.36
2691	2456989	913.04
2692	2465367	915.81
2693	2452443	910.67
2694	2478929	920.17
2695	2467691	915.66
2696	2554944	947.68
2697	2464677	913.86
2698	2465635	913.88
2699	2461486	912.00
2700	2526206	935.63
2701	2637636	976.54
2702	2510381	929.08
2703	2474492	915.46
2704	2490846	921.17
2705	2498162	923.53
2706	2489436	919.97
2707	2476666	914.91
2708	2494852	921.29
2709	2716960	1002.94
2710	2496089	921.07
2711	2486458	917.17
2712	2530366	933.03
2713	2503330	922.72
2714	2520193	928.59
2715	2489530	916.95
2716	2505236	922.40
2717	2489952	916.43
2718	2515105	925.35
2719	2498880	919.04
2720	2527765	929.33
2721	2530479	929.98
2722	2545140	935.03
2723	2504315	919.69
2724	2537218	931.43
2725	2526066	927.00
2726	2508982	920.39
2727	2525149	925.98
2728	2527827	926.62
2729	2531935	927.79
2730	2506924	918.29
2731	2539598	929.92
2732	2529057	925.72
2733	2530801	926.02
2734	2515145	919.95
2735	2535164	926.93
2736	2525785	923.17
2737	2551716	932.30
2738	2539627	927.55
2739	2566188	936.91
2740	2540049	927.03
2741	2538795	926.23
2742	2561464	934.16
2743	2566828	935.77
2744	2539491	925.47
2745	2564222	934.14
2746	2561811	932.92
2747	2548740	927.83
2748	2556377	930.27
2749	2583104	939.65
2750	2590583	942.03
2751	2590966	941.83
2752	2573893	935.28
2753	2555231	928.16
2754	2574216	934.72
2755	2590265	940.21
2756	2597170	942.37
2757	2587488	938.52
2758	2608901	945.94
2759	2590102	938.78
2760	2588557	937.88
2761	2567806	930.03
2762	2589785	937.65
2763	2578160	933.10
2764	2595931	939.19
2765	2601523	940.88
2766	2599362	939.75
2767	2591149	936.45
2768	2603549	940.59
2769	2596881	937.84
2770	2586483	933.75
2771	2619239	945.23
2772	2598581	937.44
2773	2634083	949.90
2774	2602588	938.21
2775	2608678	940.06
2776	2623930	945.22
2777	2620163	943.52
2778	2619900	943.09
2779	2607226	938.19
2780	2610414	939.00
2781	2649413	952.68
2782	2629803	945.29
2783	2617785	940.63
2784	3609544	1296.53
2785	2626139	942.96
2786	2624595	942.07
2787	2621536	940.63
2788	2634194	944.83
2789	2633313	944.18
2790	2634928	944.42
2791	2663188	954.21
2792	2688853	963.06
2793	2680705	959.79
2794	2644704	946.57
2795	2647998	947.41
2796	2633776	941.98
2797	2764322	988.32
2798	2751098	983.24
2799	2667028	952.85
2800	2699231	964.01
2801	2662531	950.56
2802	2679998	956.46
2803	2652236	946.21
2804	2673631	953.51
2805	2665889	950.41
2806	2665637	949.98
2807	2688798	957.89
2808	2696608	960.33
2809	2690620	957.86
2810	2676847	952.61
2811	2693166	958.08
2812	2677773	952.27
2813	2676432	951.45
2814	2678840	951.97
2815	2703800	960.50
2816	2700675	959.05
2817	2694136	956.38
2818	2729058	968.44
2819	2694747	955.92
2820	2712651	961.93
2821	2701251	957.55
2822	2709368	960.09
2823	2692768	953.87
2824	2717115	962.15
2825	2712669	960.24
2826	2719786	962.42
2827	2746982	971.70
2828	2694046	952.63
2829	2714135	959.40
2830	2749331	971.50
2831	2718819	960.37
2832	2715443	958.84
2833	2717013	959.06
2834	2714322	957.77
2835	2753882	971.39
2836	2728815	962.21
2837	2710341	955.35
2838	2726655	960.77
2839	2721731	958.69
2840	2748281	967.70
2841	2743310	965.61
2842	2743142	965.22
2843	2732794	961.24
2844	2738799	963.01
2845	2746577	965.40
2846	2728925	958.86
2847	2758685	968.98
2848	2743197	963.20
2849	2750677	965.49
2850	2724197	955.86
2851	2974885	1043.45
2852	3840667	1346.66
2853	2761253	967.84
2854	2759020	966.72
2855	2743042	960.79
2856	2774569	971.49
2857	2777931	972.32
2858	2795903	978.27
2859	2788493	975.34
2860	2793015	976.58
2861	2776012	970.29
2862	2754673	962.50
2863	2791896	975.16
2864	2797199	976.68
2865	2763119	964.44
2866	2807061	979.44
2867	2792391	973.98
2868	2801020	976.65
2869	2868277	999.75
2870	2786455	970.89
2871	2792502	972.66
2872	2785811	969.99
2873	2799168	974.30
2874	2795908	972.83
2875	2808732	976.95
2876	2826437	982.77
2877	2792632	970.68
2878	2814163	977.82
2879	2789126	968.78
2880	2803338	973.38
2881	2832133	983.04
2882	2810367	975.14
2883	2827781	980.85
2884	2825156	979.60
2885	2840399	984.54
2886	2794822	968.41
2887	2837517	982.86
2888	2804542	971.10
2889	2820064	976.14
2890	2849419	985.96
2891	2857181	988.30
2892	2854684	987.10
2893	2866215	990.74
2894	2836323	980.07
2895	2830529	977.73
2896	2827435	976.32
2897	2854614	985.37
2898	2820370	973.21
2899	2854979	984.82
2900	2916465	1005.68
2901	2849674	982.31
2902	2911490	1003.27
2903	2836033	976.93
2904	2860623	985.06
2905	2881164	991.79
2906	2879203	990.78
2907	2864401	985.35
2908	2851723	980.65
2909	2885998	992.09
2910	2870946	986.58
2911	2868396	985.36
2912	2860271	982.24
2913	2875307	987.06
2914	2897876	994.47
2915	2888599	990.94
2916	2884326	989.14
2917	2876907	986.26
2918	2869557	983.40
2919	2891376	990.54
2920	2880536	986.48
2921	2892636	990.29
2922	2895645	990.98
2923	3032474	1037.45
2924	2939584	1005.33
2925	2877483	983.75
2926	2897989	990.43
2927	2904796	992.41
2928	2896472	989.23
2929	2896910	989.04
2930	2902588	990.64
2931	2902579	990.30
2932	2919709	995.81
2933	2909442	991.97
2934	2901766	989.01
2935	2906736	990.37
2936	2919460	994.37
2937	2918650	993.75
2938	2953682	1005.34
2939	2990229	1017.43
2940	2927663	995.80
2941	2930568	996.45
2942	2914398	990.62
2943	2951726	1002.97
2944	2941982	999.31
2945	2928701	994.47
2946	2944426	999.47
2947	2954807	1002.65
2948	2966650	1006.33
2949	2993880	1015.22
2950	2924965	991.51
2951	2953170	1000.74
2952	2958318	1002.14
2953	2960018	1002.38
2954	2964570	1003.58
2955	2950417	998.45
2956	2953029	998.99
2957	2947242	996.70
2958	2958828	1000.28
2959	2962092	1001.04
2960	2954770	998.23
2961	2991419	1010.27
2962	2954755	997.55
2963	2969053	1002.04
2964	2963679	999.89
2965	2968264	1001.10
2966	2969784	1001.28
2967	2978166	1003.76
2968	2996946	1009.75
2969	3062004	1031.33
2970	2998478	1009.59
2971	2986091	1005.08
2972	2986500	1004.88
2973	2989622	1005.59
2974	2997013	1007.74
2975	3023885	1016.43
2976	3002245	1008.82
2977	3017841	1013.72
2978	3034828	1019.08
2979	3014012	1011.75
2980	2986369	1002.14
2981	3018977	1012.74
2982	3016321	1011.51
2983	3058201	1025.21
2984	3034335	1016.87
2985	3044491	1019.93
2986	3024723	1012.97
2987	3015284	1009.47
2988	3026242	1012.80
2989	3028835	1013.33
2990	3043639	1017.94
2991	2999128	1002.72
2992	3034053	1014.06
2993	3040456	1015.86
2994	3042018	1016.04
2995	3072241	1025.79
2996	3024394	1009.48
2997	3071167	1024.75
2998	3042727	1014.92
2999	3035920	1012.31
3000	3089994	1030.00
3001	3219032	1072.65
3002	3092578	1030.17
3003	3050380	1015.78
3004	3035519	1010.49
3005	3057515	1017.48
3006	3057541	1017.15
3007	3088316	1027.04
3008	3072744	1021.52
3009	3063083	1017.97
3010	3042425	1010.77
3011	3075540	1021.43
3012	3063249	1017.01
3013	3072032	1019.59
3014	3090359	1025.33
3015	3080464	1021.71
3016	3070502	1018.07
3017	3083667	1022.10
3018	3066571	1016.09
3019	3095806	1025.44
3020	3076622	1018.75
3021	3392698	1123.04
3022	3079979	1019.19
3023	3114085	1030.13
3024	3140262	1038.45
3025	3094985	1023.14
3026	3079650	1017.73
3027	3193118	1054.88
3028	3140811	1037.26
3029	3099018	1023.12
3030	3102463	1023.92
3031	3122740	1030.27
3032	3090507	1019.30
3033	3098779	1021.69
3034	3113028	1026.05
3035	3108067	1024.07
3036	3125940	1029.62
3037	3148802	1036.81
3038	3123395	1028.11
3039	3119194	1026.39
3040	3112336	1023.79
3041	3125633	1027.83
3042	3141913	1032.84
3043	3151125	1035.53
3044	3144432	1032.99
3045	3167065	1040.09
3046	3125227	1026.01
3047	3190121	1046.97
3048	3143679	1031.39
3049	3124009	1024.60
3050	3158226	1035.48
3051	3144588	1030.67
3052	3175447	1040.45
3053	3149982	1031.77
3054	3127515	1024.07
3055	3146840	1030.06
3056	3167313	1036.42
3057	3154179	1031.79
3058	3205812	1048.34
3059	3184075	1040.89
3060	3154254	1030.80
3061	3170336	1035.72
3062	3159975	1032.00
3063	3184335	1039.61
3064	3169176	1034.33
3065	3217494	1049.75
3066	3161730	1031.22
3067	3213774	1047.86
3068	3167636	1032.48
3069	3174273	1034.30
3070	3204862	1043.93
3071	3201073	1042.36
3072	3307428	1076.64
3073	3290286	1070.71
3074	3187158	1036.81
3075	3177232	1033.25
3076	3203264	1041.37
3077	3194901	1038.32
3078	3194159	1037.74
3079	3213550	1043.70
3080	3225059	1047.10
3081	3195697	1037.23
3082	3241327	1051.70
3083	3214177	1042.55
3084	3206188	1039.62
3085	3238397	1049.72
3086	3223636	1044.60
3087	3223497	1044.22
3088	3449787	1117.16
3089	3212146	1039.87
3090	3303415	1069.07
3091	3233824	1046.21
3092	3232077	1045.30
3093	3248331	1050.22
3094	3233979	1045.24
3095	3241608	1047.37
3096	3233709	1044.48
3097	3239183	1045.91
3098	3318752	1071.26
3099	3232356	1043.03
3100	3306682	1066.67
3101	3250918	1048.35
3102	3264810	1052.49
3103	3271503	1054.30
3104	3235059	1042.22
3105	3259171	1049.65
3106	3262614	1050.42
3107	3261964	1049.88
3108	3259129	1048.63
3109	3262031	1049.22
3110	3259721	1048.14
3111	3264289	1049.27
3112	3453000	1109.58
3113	3273024	1051.41
3114	3282857	1054.23
3115	3313145	1063.61
3116	3574759	1147.23
3117	3264691	1047.38
3118	3284294	1053.33
3119	3281341	1052.05
3120	3273473	1049.19
3121	3309690	1060.46
3122	3305963	1058.92
3123	3278471	1049.78
3124	3300983	1056.65
3125	3305912	1057.89
3126	3300749	1055.90
3127	3352075	1071.98
3128	3360404	1074.30
3129	3314785	1059.38
3130	3301498	1054.79
3131	3295488	1052.54
3132	3307512	1056.04
3133	3309872	1056.45
3134	3331432	1063.00
3135	3366714	1073.91
3136	3737544	1191.82
3137	3505245	1117.39
3138	3386719	1079.26
3139	3327202	1059.96
3140	3351146	1067.24
3141	3347344	1065.69
3142	3371314	1072.98
3143	3369735	1072.14
3144	3374633	1073.36
3145	3326626	1057.75
3146	3361461	1068.49
3147	3351038	1064.84
3148	3335171	1059.46
3149	3339114	1060.37
3150	3357150	1065.76
3151	3337953	1059.33
3152	3357725	1065.27
3153	3357967	1065.01
3154	3370572	1068.67
3155	3378882	1070.96
3156	3370860	1068.08
3157	3361474	1064.77
3158	3580783	1133.88
3159	3378108	1069.36
3160	3375290	1068.13
3161	3365547	1064.71
3162	3414711	1079.92
3163	3383863	1069.83
3164	3470538	1096.88
3165	3377295	1067.08
3166	3406379	1075.93
3167	3391557	1070.91
3168	3391510	1070.55
3169	3399523	1072.74
3170	3399173	1072.29
3171	3390425	1069.20
3172	3408566	1074.58
3173	3396358	1070.39
3174	3487128	1098.65
3175	3753485	1182.20
3176	3417274	1075.97
3177	3407973	1072.70
3178	3404864	1071.39
3179	3410644	1072.87
3180	3430034	1078.63
3181	3434434	1079.67
3182	3440215	1081.15
3183	3435557	1079.35
3184	3425666	1075.90
3185	3437073	1079.14
3186	3447596	1082.11
3187	3426661	1075.20
3188	3430104	1075.94
3189	3426099	1074.35
3190	3474436	1089.16
3191	3433193	1075.90
3192	3457029	1083.03
3193	3460725	1083.85
3194	3467648	1085.68
3195	3432998	1074.49
3196	3476790	1087.86
3197	3451974	1079.75
3198	3454525	1080.21
3199	3496935	1093.13
3200	3483484	1088.59
3201	3460102	1080.94
3202	3474836	1085.21
3203	3458294	1079.70
3204	3466744	1082.00
3205	3468920	1082.35
3206	3480661	1085.67
3207	3566108	1111.98
3208	3540228	1103.56
3209	3476095	1083.23
3210	3484753	1085.59
3211	3480967	1084.08
3212	3469936	1080.30
3213	3488840	1085.85
3214	3506400	1090.98
3215	3498935	1088.32
3216	3481856	1082.67
3217	3487182	1083.99
3218	3491679	1085.05
3219	3497119	1086.40
3220	3491276	1084.25
3221	3539225	1098.80
3222	3521277	1092.89
3223	3487233	1081.98
3224	3514633	1090.15
3225	3530990	1094.88
3226	3535379	1095.90
3227	3506336	1086.56
3228	3523364	1091.50
3229	3529836	1093.17
3230	3501854	1084.17
3231	3542810	1096.51
3232	3533480	1093.28
3233	3540221	1095.03
3234	3575208	1105.51
3235	3550999	1097.68
3236	3529988	1090.85
3237	3522869	1088.31
3238	3532662	1091.00
3239	3562723	1099.95
3240	3537176	1091.72
3241	3545033	1093.81
3242	3532582	1089.63
3243	3560668	1097.95
3244	3600839	1110.00
3245	3559280	1096.85
3246	3594851	1107.47
3247	3549662	1093.21
3248	3561501	1096.52
3249	3559120	1095.45
3250	3576532	1100.47
3251	3561002	1095.36
3252	3546302	1090.50
3253	3589794	1103.53
3254	3570821	1097.36
3255	3570043	1096.79
3256	3804942	1168.59
3257	3580192	1099.23
3258	3600797	1105.22
3259	3569701	1095.34
3260	3615549	1109.06
3261	3626128	1111.97
3262	3605360	1105.26
3263	3565944	1092.84
3264	3598692	1102.54
3265	3597643	1101.88
3266	3599560	1102.13
3267	3591717	1099.39
3268	3587682	1097.82
3269	3612311	1105.02
3270	3596200	1099.76
3271	3602161	1101.24
3272	3626007	1108.19
3273	3605160	1101.48
3274	3614791	1104.09
3275	3617632	1104.62
3276	3619608	1104.89
3277	3619673	1104.57
3278	3622580	1105.12
3279	4096531	1249.32
3280	4027222	1227.81
3281	3618322	1102.81
3282	3622099	1103.63
3283	3634351	1107.02
3284	3659782	1114.43
3285	3654642	1112.52
3286	3860367	1174.79
3287	3635505	1106.03
3288	3667812	1115.51
3289	3664384	1114.13
3290	3649946	1109.41
3291	3746067	1138.28
3292	3663629	1112.89
3293	3725427	1131.32
3294	3648917	1107.75
3295	3667890	1113.17
3296	3696793	1121.60
3297	3690622	1119.39
3298	3692948	1119.75
3299	3671842	1113.02
3300	3707319	1123.43
3301	3689959	1117.83
3302	3665816	1110.18
3303	3668061	1110.52
3304	3676678	1112.80
3305	3683715	1114.59
3306	3675416	1111.74
3307	3665104	1108.29
3308	3688377	1114.99
3309	3762462	1137.04
3310	3739063	1129.63
3311	3692413	1115.20
3312	3678621	1110.69
3313	3705150	1118.37
3314	3707057	1118.61
3315	3706105	1117.98
3316	3741042	1128.18
3317	3691805	1113.00
3318	3751333	1130.60
3319	3695093	1113.32
3320	3742428	1127.24
3321	3729337	1122.96
3322	3749098	1128.57
3323	3935760	1184.40
3324	3722239	1119.81
3325	3716518	1117.75
3326	3720032	1118.47
3327	3759094	1129.87
3328	3746609	1125.78
3329	3732426	1121.19
3330	3730596	1120.30
3331	3748558	1125.36
3332	3737398	1121.67
3333	3745213	1123.68
3334	3773100	1131.70
3335	3748744	1124.06
3336	3762816	1127.94
3337	3740902	1121.04
3338	3762078	1127.05
3339	3748025	1122.50
3340	3777843	1131.09
3341	3771237	1128.77
3342	3764040	1126.28
3343	3786623	1132.70
3344	3758063	1123.82
3345	3797991	1135.42
3346	3773270	1127.70
3347	3804084	1136.57
3348	3766357	1124.96
3349	3785850	1130.44
3350	3789460	1131.18
3351	3777218	1127.19
3352	3809554	1136.50
3353	3807756	1135.63
3354	3777272	1126.20
3355	3797427	1131.87
3356	3980652	1186.13
3357	3796977	1131.06
3358	3828809	1140.21
3359	3814042	1135.47
3360	3796026	1129.77
3361	3808853	1133.25
3362	3834470	1140.53
3363	3804375	1131.24
3364	3846392	1143.40
3365	3821753	1135.74
3366	3804108	1130.16
3367	3848744	1143.08
3368	3808728	1130.86
3369	3840415	1139.93
3370	4036623	1197.81
3371	3880892	1151.26
3372	3840302	1138.88
3373	3807022	1128.68
3374	3836828	1137.17
3375	3831213	1135.17
3376	3859782	1143.30
3377	3831318	1134.53
3378	3846606	1138.72
3379	3828241	1132.95
3380	3849287	1138.84
3381	3886965	1149.65
3382	3860874	1141.59
3383	3879041	1146.63
3384	3837814	1134.11
3385	3860958	1140.61
3386	3863634	1141.06
3387	3853211	1137.65
3388	3891747	1148.69
3389	3860286	1139.06
3390	3877175	1143.71
3391	3884403	1145.50
3392	3885602	1145.52
3393	3940104	1161.24
3394	3916960	1154.08
3395	3904637	1150.11
3396	3867852	1138.94
3397	3894043	1146.32
3398	3886411	1143.73
3399	3902120	1148.02
3400	3943211	1159.77
3401	3889520	1143.64
3402	3909719	1149.24
3403	3895685	1144.78
3404	3905133	1147.22
3405	3935450	1155.79
3406	3967295	1164.80
3407	3894819	1143.18
3408	3905190	1145.89
3409	3926659	1151.85
3410	3947375	1157.59
3411	3921307	1149.61
3412	3925428	1150.48
3413	3979451	1165.97
3414	3921437	1148.63
3415	3927172	1149.98
3416	3933067	1151.37
3417	3928693	1149.75
3418	3926372	1148.73
3419	3946329	1154.23
3420	3946420	1153.92
3421	3958943	1157.25
3422	3947231	1153.49
3423	3961634	1157.36
3424	3945304	1152.25
3425	3946129	1152.15
3426	3992165	1165.26
3427	3953266	1153.56
3428	4015406	1171.36
3429	3987927	1163.00
3430	3961486	1154.95
3431	3965738	1155.85
3432	3972123	1157.38
3433	3943470	1148.70
3434	3985393	1160.57
3435	3983644	1159.72
3436	4017318	1169.18
3437	3992262	1161.55
3438	3966516	1153.73
3439	3987790	1159.58
3440	3997990	1162.21
3441	4005575	1164.07
3442	3993116	1160.12
3443	3990015	1158.88
3444	4005033	1162.90
3445	3990956	1158.48
3446	3994766	1159.25
3447	4011527	1163.77
3448	3989773	1157.13
3449	4002465	1160.47
3450	3994917	1157.95
3451	4033106	1168.68
3452	4021719	1165.04
3453	4001810	1158.94
3454	4013493	1161.98
3455	4025507	1165.13
3456	4009158	1160.06
3457	4036439	1167.61
3458	4026999	1164.55
3459	4031932	1165.64
3460	4005799	1157.75
3461	4043616	1168.34
3462	4070389	1175.73
3463	4026646	1162.76
3464	4045325	1167.82
3465	4036932	1165.06
3466	4066324	1173.20
3467	4057358	1170.28
3468	4047962	1167.23
3469	4064464	1171.65
3470	4046155	1166.04
3471	4046458	1165.79
3472	4085365	1176.66
3473	4090859	1177.90
3474	4103950	1181.33
3475	4101428	1180.27
3476	4251195	1223.01
3477	4060245	1167.74
3478	4075751	1171.87
3479	4077830	1172.13
3480	4058485	1166.23
3481	4065414	1167.89
3482	4084834	1173.13
3483	4110342	1180.12
3484	4097883	1176.20
3485	4111949	1179.90
3486	4096307	1175.07
3487	4100202	1175.85
3488	4147928	1189.20
3489	4097060	1174.28
3490	4103248	1175.72
3491	4106733	1176.38
3492	4084007	1169.53
3493	4097136	1172.96
3494	4149449	1187.59
3495	4128957	1181.39
3496	4135113	1182.81
3497	4320378	1235.45
3498	4110114	1174.99
3499	4112973	1175.47
3500	4142631	1183.61
3501	4170702	1191.29
3502	4146893	1184.15
3503	4122899	1176.96
3504	4112348	1173.62
3505	4137208	1180.37
3506	4159660	1186.44
3507	4163114	1187.09
3508	4160496	1186.00
3509	4158682	1185.15
3510	4131402	1177.04
3511	4177294	1189.77
3512	4147674	1181.00
3513	4135821	1177.29
3514	4175376	1188.21
3515	4265021	1213.38
3516	4155628	1181.92
3517	4170334	1185.76
3518	4198131	1193.33
3519	4165307	1183.66
3520	4158261	1181.32
3521	4169561	1184.20
3522	4209533	1195.21
3523	4170828	1183.89
3524	4196915	1190.95
3525	4197101	1190.67
3526	4413779	1251.78
3527	4207456	1192.93
3528	4201586	1190.93
3529	4191144	1187.63
3530	4189091	1186.71
3531	4197417	1188.73
3532	4188959	1186.00
3533	4221996	1195.02
3534	4217984	1193.54
3535	4267077	1207.09
3536	4192194	1185.58
3537	4211260	1190.63
3538	4226148	1194.50
3539	4214159	1190.78
3540	4232115	1195.51
3541	4240221	1197.46
3542	4210292	1188.68
3543	4249789	1199.49
3544	4213970	1189.04
3545	4235091	1194.67
3546	4217382	1189.34
3547	4213990	1188.04
3548	4273610	1204.51
3549	4228405	1191.44
3550	4255783	1198.81
3551	4246180	1195.77
3552	4253723	1197.56
3553	4235521	1192.10
3554	4253238	1196.75
3555	4235305	1191.37
3556	4259389	1197.80
3557	4253845	1195.91
3558	4295995	1207.42
3559	4253049	1195.01
3560	4304927	1209.25
3561	4298720	1207.17
3562	4271052	1199.06
3563	4265046	1197.04
3564	4277263	1200.13
3565	4273143	1198.64
3566	4301200	1206.17
3567	4293745	1203.74
3568	4278876	1199.24
3569	4285312	1200.70
3570	4290790	1201.90
3571	4302116	1204.74
3572	4320777	1209.62
3573	4324560	1210.34
3574	4297605	1202.46
3575	4569197	1278.10
3576	4303363	1203.40
3577	5243901	1466.01
3578	4302871	1202.59
3579	4289412	1198.49
3580	4315813	1205.53
3581	4311378	1203.96
3582	4364796	1218.54
3583	4337267	1210.51
3584	4308866	1202.25
3585	4397854	1226.74
3586	4332637	1208.21
3587	4334529	1208.40
3588	4378705	1220.37
3589	4307073	1200.08
3590	4337438	1208.20
3591	4333844	1206.86
3592	4372890	1217.40
3593	4380294	1219.12
3594	4414578	1228.32
3595	4349411	1209.85
3596	4351157	1210.00
3597	4357159	1211.33
3598	4367107	1213.76
3599	4357154	1210.66
3600	4385086	1218.08
3601	4385391	1217.83
3602	4371087	1213.52
3603	4417885	1226.17
3604	4390646	1218.27
3605	4371272	1212.56
3606	4361228	1209.44
3607	4376461	1213.32
3608	4377478	1213.27
3609	4359890	1208.06
3610	4436789	1229.03
3611	4370027	1210.20
3612	4385585	1214.17
3613	4415804	1222.20
3614	4401019	1217.77
3615	4423519	1223.66
3616	4391822	1214.55
3617	4408183	1218.74
3618	4399149	1215.91
3619	4739594	1309.64
3620	4823716	1332.52
3621	4376479	1208.64
3622	4413481	1218.52
3623	4458286	1230.55
3624	4437189	1224.39
3625	4409405	1216.39
3626	4409830	1216.17
3627	4437587	1223.49
3628	4424259	1219.48
3629	4461075	1229.28
3630	4434612	1221.66
3631	4530473	1247.72
3632	4454481	1226.45
3633	4465391	1229.12
3634	4458830	1226.98
3635	4438962	1221.17
3636	4454101	1225.00
3637	4473982	1230.13
3638	4446769	1222.31
3639	4453524	1223.83
3640	4456790	1224.39
3641	4431376	1217.08
3642	4529904	1243.80
3643	4463217	1225.15
3644	4526023	1242.05
3645	4470335	1226.43
3646	4450459	1220.64
3647	4474088	1226.79
3648	4507133	1235.51
3649	4486209	1229.44
3650	4514766	1236.92
3651	4535434	1242.24
3652	4486990	1228.64
3653	4486145	1228.07
3654	4488306	1228.33
3655	4507415	1233.22
3656	4481774	1225.87
3657	4496033	1229.43
3658	4499892	1230.15
3659	4561867	1246.75
3660	4512186	1232.84
3661	4539157	1239.87
3662	4531402	1237.41
3663	4514040	1232.33
3664	4549153	1241.58
3665	4511198	1230.89
3666	4527662	1235.04
3667	4519920	1232.59
3668	4534669	1236.28
3669	4524757	1233.24
3670	4521528	1232.02
3671	4526908	1233.15
3672	4527331	1232.93
3673	4529309	1233.14
3674	4547909	1237.86
3675	4549163	1237.87
3676	4556197	1239.44
3677	4547920	1236.86
3678	4552180	1237.68
3679	4556465	1238.51
3680	4567319	1241.12
3681	4590260	1247.01
3682	4550763	1235.95
3683	4562646	1238.84
3684	4583843	1244.26
3685	4584248	1244.03
3686	4784450	1298.01
3687	4565396	1238.24
3688	4555596	1235.25
3689	4624046	1253.47
3690	4574257	1239.64
3691	4578820	1240.54
3692	4578012	1239.98
3693	4681698	1267.72
3694	4602302	1245.89
3695	4699194	1271.77
3696	4599465	1244.44
3697	4586514	1240.60
3698	4593557	1242.17
3699	4581969	1238.70
3700	4628551	1250.96
3701	4596503	1241.96
3702	4586252	1238.86
3703	4639073	1252.79
3704	4725769	1275.86
3705	4648797	1254.74
3706	4603947	1242.30
3707	4622294	1246.91
3708	4623553	1246.91
3709	4653872	1254.75
3710	4643414	1251.59
3711	4643451	1251.27
3712	4622149	1245.19
3713	4647588	1251.71
3714	4654581	1253.25
3715	4761135	1281.60
3716	4645754	1250.20
3717	4638040	1247.79
3718	4708206	1266.33
3719	4650787	1250.55
3720	4653252	1250.87
3721	4635595	1245.79
3722	4685825	1258.95
3723	4660304	1251.76
3724	4672998	1254.83
3725	4653069	1249.15
3726	4663523	1251.62
3727	4662756	1251.07
3728	4670252	1252.75
3729	4669069	1252.10
3730	4670314	1252.09
3731	4757094	1275.02
3732	4683020	1254.83
3733	4713984	1262.79
3734	4671776	1251.15
3735	4693807	1256.71
3736	4685725	1254.21
3737	4708927	1260.08
3738	4688625	1254.31
3739	4738017	1267.19
3740	4685992	1252.94
3741	4719088	1261.45
3742	4723993	1262.42
3743	4734839	1264.99
3744	4717907	1260.12
3745	4739116	1265.45
3746	4704102	1255.77
3747	4711265	1257.34
3748	4758700	1269.66
3749	4719848	1258.96
3750	4694387	1251.84
3751	4732998	1261.80
3752	4745861	1264.89
3753	4760760	1268.52
3754	4750776	1265.52
3755	4751168	1265.29
3756	4740894	1262.22
3757	4770604	1269.79
3758	4741261	1261.64
3759	4798813	1276.62
3760	4735457	1259.43
3761	4736462	1259.36
3762	4766834	1267.10
3763	4752271	1262.89
3764	4752625	1262.65
3765	4798828	1274.59
3766	4760914	1264.18
3767	4762268	1264.21
3768	4788826	1270.92
3769	4780944	1268.49
3770	4775951	1266.83
3771	4789317	1270.04
3772	4789366	1269.72
3773	4805466	1273.65
3774	4788489	1268.81
3775	4842431	1282.76
3776	4788935	1268.26
3777	4800834	1271.07
3778	4797656	1269.89
3779	4989749	1320.39
3780	4802694	1270.55
3781	4808200	1271.67
3782	4822879	1275.22
3783	4829358	1276.59
3784	4826934	1275.62
3785	4815213	1272.18
3786	4815128	1271.82
3787	4809323	1269.96
3788	4817135	1271.68
3789	4806680	1268.59
3790	4899849	1292.84
3791	4847630	1278.72
3792	4845310	1277.77
3793	4845294	1277.43
3794	4850378	1278.43
3795	4835773	1274.25
3796	4889923	1288.18
3797	4855784	1278.85
3798	4852144	1277.55
3799	4853706	1277.63
3800	4979096	1310.29
3801	4842496	1274.01
3802	4869392	1280.74
3803	4843416	1273.58
3804	4804480	1263.01
3805	4819080	1266.51
3806	4812645	1264.49
3807	4796933	1260.03
3808	4799788	1260.45
3809	4861907	1276.43
3810	4811869	1262.96
3811	4827962	1266.85
3812	4810150	1261.84
3813	4824695	1265.33
3814	4820351	1263.86
3815	4840120	1268.71
3816	4826622	1264.84
3817	4836864	1267.19
3818	4847541	1269.65
3819	4858146	1272.10
3820	4905757	1284.23
3821	4870683	1274.71
3822	4840078	1266.37
3823	4854106	1269.71
3824	4899180	1281.17
3825	4851990	1268.49
3826	4846929	1266.84
3827	4942557	1291.50
3828	4880645	1274.99
3829	4860323	1269.35
3830	4888793	1276.45
3831	4863362	1269.48
3832	4879458	1273.34
3833	4893672	1276.72
3834	4891577	1275.84
3835	4876247	1271.51
3836	4884260	1273.27
3837	4901140	1277.34
3838	4910243	1279.38
3839	4913961	1280.01
3840	4911936	1279.15
3841	4899679	1275.63
3842	4893206	1273.61
3843	4914779	1278.89
3844	4924097	1280.98
3845	4889236	1271.58
3846	4912988	1277.43
3847	5102103	1326.26
3848	4917927	1278.05
3849	4916284	1277.29
3850	4913966	1276.35
3851	4933748	1281.16
3852	4976919	1292.04
3853	4933887	1280.53
3854	4911876	1274.49
3855	4918896	1275.98
3856	5005725	1298.17
3857	4948896	1283.09
3858	4939242	1280.26
3859	4929202	1277.33
3860	4956613	1284.10
3861	4969392	1287.07
3862	4954225	1282.81
3863	4940161	1278.84
3864	4938737	1278.14
3865	4968157	1285.42
3866	4973469	1286.46
3867	5230216	1352.53
3868	5123623	1324.62
3869	4982980	1287.92
3870	4990914	1289.64
3871	4984905	1287.76
3872	4965369	1282.38
3873	5015843	1295.08
3874	4991676	1288.51
3875	5014141	1293.97
3876	4986249	1286.44
3877	4999428	1289.51
3878	4990568	1286.89
3879	4987867	1285.86
3880	5037027	1298.20
3881	4996932	1287.54
3882	4985299	1284.21
3883	5025912	1294.34
3884	5003711	1288.29
3885	5028016	1294.21
3886	5013292	1290.09
3887	5218434	1342.54
3888	5011283	1288.91
3889	5051949	1299.04
3890	5029649	1292.97
3891	5005213	1286.36
3892	5101991	1310.89
3893	5057923	1299.24
3894	5050991	1297.12
3895	5037321	1293.28
3896	5043637	1294.57
3897	5026438	1289.82
3898	5460783	1400.92
3899	5102575	1308.69
3900	5098006	1307.18
3901	5071918	1300.16
3902	5063480	1297.66
3903	5061744	1296.89
3904	5117128	1310.74
3905	5123063	1311.92
3906	5455500	1396.70
3907	5251835	1344.21
3908	5443933	1393.02
3909	5111672	1307.67
3910	5190795	1327.57
3911	5199098	1329.35
3912	5181449	1324.50
3913	5149365	1315.96
3914	5152624	1316.46
3915	5160704	1318.19
3916	5132042	1310.53
3917	5195194	1326.32
3918	5250274	1340.04
3919	5140925	1311.80
3920	5181488	1321.81
3921	5227573	1333.22
3922	5158338	1315.23
3923	5165422	1316.70
3924	5194965	1323.90
3925	5181152	1320.04
3926	5172879	1317.60
3927	5169494	1316.40
3928	5193030	1322.05
3929	5205477	1324.89
3930	5192728	1321.30
3931	5182995	1318.49
3932	5199868	1322.45
3933	5257703	1336.82
3934	5203006	1322.57
3935	5226511	1328.21
3936	5202797	1321.85
3937	5215636	1324.77
3938	5241237	1330.94
3939	5201371	1320.48
3940	5209939	1322.32
3941	5206682	1321.16
3942	5218467	1323.81
3943	5235325	1327.75
3944	5226162	1325.09
3945	5242631	1328.93
3946	5255912	1331.96
3947	5247672	1329.53
3948	5242855	1327.98
3949	5228698	1324.06
3950	5254293	1330.20
3951	5245793	1327.71
3952	5216967	1320.08
3953	5279070	1335.46
3954	5243953	1326.24
3955	5296639	1339.23
3956	5259983	1329.62
3957	5238875	1323.95
3958	5299277	1338.88
3959	5267719	1330.57
3960	5310771	1341.10
3961	5273833	1331.44
3962	5253644	1326.01
3963	5282624	1332.99
3964	5286553	1333.64
3965	5265947	1328.11
3966	5329056	1343.69
3967	5302926	1336.76
3968	5280319	1330.73
3969	5280774	1330.50
3970	5278634	1329.63
3971	5299727	1334.61
3972	5296479	1333.45
3973	5328490	1341.18
3974	5443959	1369.89
3975	5296764	1332.52
3976	5300587	1333.15
3977	5308484	1334.80
3978	5304628	1333.49
3979	5301263	1332.31
3980	5332796	1339.90
3981	5337013	1340.62
3982	5347904	1343.02
3983	5305529	1332.04
3984	5328299	1337.42
3985	5379137	1349.85
3986	5335720	1338.62
3987	5328680	1336.51
3988	5328625	1336.16
3989	5346652	1340.35
3990	5353564	1341.75
3991	5376237	1347.09
3992	5300818	1327.86
3993	5290770	1325.01
3994	5334289	1335.58
3995	5303486	1327.53
3996	5523170	1382.17
3997	5314637	1329.66
3998	5329625	1333.07
3999	5324150	1331.37
4000	5355330	1338.83
