N	Total Time	Average CPE
1	438	438.00
2	37	18.50
3	141	47.00
4	60	15.00
5	146	29.20
6	258	43.00
7	185	26.43
8	273	34.12
9	219	24.33
10	981	98.10
11	338	30.73
12	452	37.67
13	392	30.15
14	511	36.50
15	474	31.60
16	504	31.50
17	529	31.12
18	619	34.39
19	593	31.21
20	484	24.20
21	315	15.00
22	333	15.14
23	345	15.00
24	365	15.21
25	371	14.84
26	387	14.88
27	398	14.74
28	774	27.64
29	806	27.79
30	925	30.83
31	930	30.00
32	1087	33.97
33	975	29.55
34	1066	31.35
35	604	17.26
36	523	14.53
37	546	14.76
38	556	14.63
39	566	14.51
40	588	14.70
41	594	14.49
42	612	14.57
43	623	14.49
44	632	14.36
45	662	14.71
46	668	14.52
47	684	14.55
48	701	14.60
49	729	14.88
50	724	14.48
51	741	14.53
52	752	14.46
53	776	14.64
54	780	14.44
55	797	14.49
56	813	14.52
57	831	14.58
58	840	14.48
59	850	14.41
60	866	14.43
61	875	14.34
62	888	14.32
63	902	14.32
64	925	14.45
65	941	14.48
66	967	14.65
67	956	14.27
68	982	14.44
69	994	14.41
70	1003	14.33
71	1029	14.49
72	1044	14.50
73	1050	14.38
74	1058	14.30
75	1081	14.41
76	1088	14.32
77	1122	14.57
78	1117	14.32
79	1130	14.30
80	1145	14.31
81	1152	14.22
82	1166	14.22
83	1189	14.33
84	1206	14.36
85	1234	14.52
86	1234	14.35
87	1249	14.36
88	1250	14.20
89	1288	14.47
90	1287	14.30
91	1295	14.23
92	1319	14.34
93	1334	14.34
94	1359	14.46
95	1362	14.34
96	1374	14.31
97	1390	14.33
98	1415	14.44
99	1417	14.31
100	1432	14.32
101	1740	17.23
102	1552	15.22
103	1465	14.22
104	1485	14.28
105	1491	14.20
106	1504	14.19
107	1524	14.24
108	1540	14.26
109	1540	14.13
110	1566	14.24
111	1594	14.36
112	1588	14.18
113	1608	14.23
114	1618	14.19
115	1638	14.24
116	1639	14.13
117	1665	14.23
118	1691	14.33
119	1687	14.18
120	1695	14.12
121	1698	14.03
122	1731	14.19
123	1759	14.30
124	1758	14.18
125	1761	14.09
126	1772	14.06
127	1807	14.23
128	1830	14.30
129	1829	14.18
130	1844	14.18
131	1876	14.32
132	1875	14.20
133	2945	22.14
134	2619	19.54
135	1907	14.13
136	1951	14.35
137	1960	14.31
138	1954	14.16
139	1975	14.21
140	1986	14.19
141	2004	14.21
142	2011	14.16
143	2028	14.18
144	2053	14.26
145	2052	14.15
146	2071	14.18
147	2092	14.23
148	2109	14.25
149	2111	14.17
150	2135	14.23
151	2136	14.15
152	2165	14.24
153	2163	14.14
154	2182	14.17
155	2211	14.26
156	2212	14.18
157	2232	14.22
158	2232	14.13
159	2251	14.16
160	2869	17.93
161	2353	14.61
162	2319	14.31
163	2329	14.29
164	3800	23.17
165	2364	14.33
166	2387	14.38
167	2391	14.32
168	2401	14.29
169	2420	14.32
170	2431	14.30
171	2465	14.42
172	2454	14.27
173	2484	14.36
174	2485	14.28
175	2498	14.27
176	2495	14.18
177	2530	14.29
178	2543	14.29
179	2569	14.35
180	3042	16.90
181	2840	15.69
182	2633	14.47
183	2628	14.36
184	2641	14.35
185	2644	14.29
186	2655	14.27
187	2676	14.31
188	2699	14.36
189	2711	14.34
190	2724	14.34
191	2741	14.35
192	2750	14.32
193	2775	14.38
194	2777	14.31
195	2809	14.41
196	2803	14.30
197	2837	14.40
198	2828	14.28
199	2859	14.37
200	3238	16.19
201	2854	14.20
202	2886	14.29
203	2876	14.17
204	2914	14.28
205	2904	14.17
206	2938	14.26
207	2939	14.20
208	2967	14.26
209	2967	14.20
210	2993	14.25
211	2998	14.21
212	3013	14.21
213	3030	14.23
214	3041	14.21
215	3061	14.24
216	3064	14.19
217	3085	14.22
218	3086	14.16
219	3117	14.23
220	3106	14.12
221	3116	14.10
222	3156	14.22
223	3162	14.18
224	3189	14.24
225	3171	14.09
226	3214	14.22
227	3217	14.17
228	3251	14.26
229	3245	14.17
230	3274	14.23
231	3281	14.20
232	3299	14.22
233	3308	14.20
234	3320	14.19
235	3348	14.25
236	3354	14.21
237	3372	14.23
238	3382	14.21
239	3396	14.21
240	3396	14.15
241	3412	14.16
242	3451	14.26
243	5297	21.80
244	4079	16.72
245	4081	16.66
246	4467	18.16
247	6404	25.93
248	6392	25.77
249	6443	25.88
250	6315	25.26
251	5187	20.67
252	5195	20.62
253	5242	20.72
254	5247	20.66
255	5257	20.62
256	5314	20.76
257	5294	20.60
258	5340	20.70
259	5364	20.71
260	5341	20.54
261	5374	20.59
262	7724	29.48
263	6747	25.65
264	8566	32.45
265	5494	20.73
266	6932	26.06
267	5574	20.88
268	5798	21.63
269	5810	21.60
270	5769	21.37
271	5812	21.45
272	5777	21.24
273	6980	25.57
274	5633	20.56
275	5653	20.56
276	5865	21.25
277	5653	20.41
278	5717	20.56
279	5724	20.52
280	7065	25.23
281	5572	19.83
282	4632	16.43
283	4667	16.49
284	4675	16.46
285	4683	16.43
286	4706	16.45
287	4722	16.45
288	4739	16.45
289	4739	16.40
290	4773	16.46
291	4798	16.49
292	4792	16.41
293	4812	16.42
294	4836	16.45
295	4854	16.45
296	5580	18.85
297	5245	17.66
298	5185	17.40
299	5426	18.15
300	5955	19.85
301	5134	17.06
302	5243	17.36
303	5314	17.54
304	5234	17.22
305	5861	19.22
306	7767	25.38
307	6702	21.83
308	5123	16.63
309	5473	17.71
310	4629	14.93
311	4390	14.12
312	4420	14.17
313	4425	14.14
314	4445	14.16
315	4451	14.13
316	4584	14.51
317	4487	14.15
318	4495	14.14
319	4507	14.13
320	4499	14.06
321	4536	14.13
322	4562	14.17
323	4549	14.08
324	4581	14.14
325	4598	14.15
326	4610	14.14
327	4621	14.13
328	4628	14.11
329	4645	14.12
330	4662	14.13
331	4676	14.13
332	4691	14.13
333	5068	15.22
334	4704	14.08
335	4736	14.14
336	4748	14.13
337	4758	14.12
338	4776	14.13
339	4797	14.15
340	4756	13.99
341	4816	14.12
342	4834	14.13
343	5248	15.30
344	4898	14.24
345	4926	14.28
346	6897	19.93
347	7200	20.75
348	6627	19.04
349	6194	17.75
350	6967	19.91
351	5766	16.43
352	5974	16.97
353	6108	17.30
354	6109	17.26
355	5916	16.66
356	6074	17.06
357	6266	17.55
358	6191	17.29
359	6371	17.75
360	5708	15.86
361	6181	17.12
362	6141	16.96
363	6115	16.85
364	6137	16.86
365	5292	14.50
366	5967	16.30
367	5196	14.16
368	5213	14.17
369	5226	14.16
370	5246	14.18
371	5250	14.15
372	5261	14.14
373	5280	14.16
374	5292	14.15
375	5271	14.06
376	5322	14.15
377	5337	14.16
378	5353	14.16
379	5366	14.16
380	5355	14.09
381	5388	14.14
382	5410	14.16
383	5426	14.17
384	5437	14.16
385	5451	14.16
386	5470	14.17
387	5481	14.16
388	5497	14.17
389	5508	14.16
390	5526	14.17
391	5604	14.33
392	5546	14.15
393	5785	14.72
394	5723	14.53
395	5601	14.18
396	5605	14.15
397	5623	14.16
398	5630	14.15
399	5636	14.13
400	6839	17.10
401	6425	16.02
402	7384	18.37
403	5699	14.14
404	5711	14.14
405	5727	14.14
406	5734	14.12
407	5749	14.13
408	5761	14.12
409	5777	14.12
410	5801	14.15
411	5806	14.13
412	5821	14.13
413	5832	14.12
414	5846	14.12
415	5864	14.13
416	5885	14.15
417	5885	14.11
418	5896	14.11
419	5918	14.12
420	5917	14.09
421	5940	14.11
422	7682	18.20
423	5987	14.15
424	6019	14.20
425	7770	18.28
426	6052	14.21
427	8837	20.70
428	9075	21.20
429	6051	14.10
430	6072	14.12
431	6085	14.12
432	6101	14.12
433	6117	14.13
434	6132	14.13
435	6147	14.13
436	6149	14.10
437	6176	14.13
438	6177	14.10
439	6193	14.11
440	6185	14.06
441	6222	14.11
442	6234	14.10
443	6245	14.10
444	6265	14.11
445	6288	14.13
446	6316	14.16
447	6350	14.21
448	7375	16.46
449	9106	20.28
450	8676	19.28
451	7946	17.62
452	7827	17.32
453	6650	14.68
454	7097	15.63
455	7446	16.36
456	8744	19.18
457	6457	14.13
458	6459	14.10
459	6466	14.09
460	6461	14.05
461	6504	14.11
462	6507	14.08
463	6528	14.10
464	6540	14.09
465	6554	14.09
466	6726	14.43
467	6652	14.24
468	6608	14.12
469	6613	14.10
470	6620	14.09
471	6831	14.50
472	6666	14.12
473	6674	14.11
474	6679	14.09
475	6700	14.11
476	6708	14.09
477	6739	14.13
478	6733	14.09
479	6757	14.11
480	6737	14.04
481	6945	14.44
482	6873	14.26
483	6888	14.26
484	6891	14.24
485	6924	14.28
486	6920	14.24
487	6940	14.25
488	6947	14.24
489	9692	19.82
490	7007	14.30
491	7001	14.26
492	7373	14.99
493	8366	16.97
494	7035	14.24
495	7044	14.23
496	7112	14.34
497	7012	14.11
498	7035	14.13
499	7037	14.10
500	7692	15.38
501	7112	14.20
502	7154	14.25
503	7160	14.23
504	7192	14.27
505	7192	14.24
506	7210	14.25
507	7548	14.89
508	7169	14.11
509	7165	14.08
510	7180	14.08
511	7212	14.11
512	7204	14.07
513	7747	15.10
514	7246	14.10
515	7263	14.10
516	7270	14.09
517	7283	14.09
518	8764	16.92
519	7319	14.10
520	7300	14.04
521	8096	15.54
522	7373	14.12
523	7392	14.13
524	7385	14.09
525	7405	14.10
526	7441	14.15
527	7431	14.10
528	7452	14.11
529	9952	18.81
530	7563	14.27
531	7575	14.27
532	7912	14.87
533	7537	14.14
534	7534	14.11
535	7543	14.10
536	7566	14.12
537	7569	14.09
538	7592	14.11
539	7607	14.11
540	7587	14.05
541	7636	14.11
542	7645	14.11
543	7673	14.13
544	7670	14.10
545	7691	14.11
546	7712	14.12
547	7708	14.09
548	7738	14.12
549	7739	14.10
550	7782	14.15
551	7781	14.12
552	7792	14.12
553	7798	14.10
554	7813	14.10
555	7820	14.09
556	7839	14.10
557	7850	14.09
558	8118	14.55
559	8455	15.13
560	7959	14.21
561	7912	14.10
562	7936	14.12
563	7932	14.09
564	7947	14.09
565	8959	15.86
566	8722	15.41
567	9959	17.56
568	8003	14.09
569	8030	14.11
570	8070	14.16
571	8040	14.08
572	8073	14.11
573	8103	14.14
574	9307	16.21
575	9072	15.78
576	9481	16.46
577	8157	14.14
578	8171	14.14
579	8164	14.10
580	8152	14.06
581	8792	15.13
582	8303	14.27
583	8790	15.08
584	8867	15.18
585	9227	15.77
586	11213	19.13
587	8289	14.12
588	8296	14.11
589	8881	15.08
590	8328	14.12
591	8331	14.10
592	8363	14.13
593	8365	14.11
594	8398	14.14
595	8378	14.08
596	8422	14.13
597	8413	14.09
598	8464	14.15
599	8450	14.11
600	8575	14.29
601	8582	14.28
602	8570	14.24
603	8577	14.22
604	8504	14.08
605	8867	14.66
606	8547	14.10
607	9077	14.95
608	8670	14.26
609	10757	17.66
610	14259	23.38
611	15266	24.99
612	18177	29.70
613	11459	18.69
614	9571	15.59
615	8661	14.08
616	8683	14.10
617	8684	14.07
618	8704	14.08
619	8715	14.08
620	8686	14.01
621	8768	14.12
622	8760	14.08
623	8767	14.07
624	10610	17.00
625	9732	15.57
626	8813	14.08
627	8824	14.07
628	8863	14.11
629	8862	14.09
630	8888	14.11
631	8894	14.10
632	8906	14.09
633	8927	14.10
634	8928	14.08
635	8968	14.12
636	8960	14.09
637	8992	14.12
638	8988	14.09
639	9079	14.21
640	9072	14.18
641	9129	14.24
642	9154	14.26
643	9528	14.82
644	9243	14.35
645	11198	17.36
646	11803	18.27
647	9129	14.11
648	9132	14.09
649	9161	14.12
650	9399	14.46
651	9186	14.11
652	9422	14.45
653	9184	14.06
654	9222	14.10
655	9238	14.10
656	9313	14.20
657	9418	14.33
658	9280	14.10
659	9310	14.13
660	9244	14.01
661	9304	14.08
662	9316	14.07
663	9328	14.07
664	9599	14.46
665	9401	14.14
666	9387	14.09
667	9412	14.11
668	9429	14.12
669	9422	14.08
670	10033	14.97
671	9516	14.18
672	11786	17.54
673	10243	15.22
674	9491	14.08
675	9503	14.08
676	9589	14.18
677	13025	19.24
678	11937	17.61
679	13225	19.48
680	11470	16.87
681	9617	14.12
682	9637	14.13
683	14357	21.02
684	10764	15.74
685	9657	14.10
686	9660	14.08
687	10073	14.66
688	9942	14.45
689	9720	14.11
690	9712	14.08
691	9744	14.10
692	9743	14.08
693	9775	14.11
694	9767	14.07
695	14518	20.89
696	9804	14.09
697	9848	14.13
698	9830	14.08
699	9852	14.09
700	10356	14.79
701	12083	17.24
702	10554	15.03
703	10022	14.26
704	10158	14.43
705	10040	14.24
706	11039	15.64
707	10241	14.49
708	11707	16.54
709	11922	16.82
710	10024	14.12
711	10021	14.09
712	10042	14.10
713	10052	14.10
714	10086	14.13
715	10087	14.11
716	10106	14.11
717	10103	14.09
718	10893	15.17
719	11115	15.46
720	10108	14.04
721	10168	14.10
722	10177	14.10
723	10184	14.09
724	10211	14.10
725	10224	14.10
726	10235	14.10
727	10262	14.12
728	10255	14.09
729	10293	14.12
730	10279	14.08
731	10777	14.74
732	10864	14.84
733	10343	14.11
734	10336	14.08
735	10359	14.09
736	10361	14.08
737	11015	14.95
738	10525	14.26
739	10535	14.26
740	10493	14.18
741	10719	14.47
742	10569	14.24
743	10577	14.24
744	10613	14.26
745	10623	14.26
746	10630	14.25
747	10637	14.24
748	10655	14.24
749	10704	14.29
750	10571	14.09
751	10577	14.08
752	10614	14.11
753	10622	14.11
754	10910	14.47
755	10705	14.18
756	10688	14.14
757	10694	14.13
758	10705	14.12
759	10738	14.15
760	10700	14.08
761	10747	14.12
762	11274	14.80
763	11571	15.17
764	15383	20.13
765	10775	14.08
766	10793	14.09
767	10793	14.07
768	10803	14.07
769	10832	14.09
770	10835	14.07
771	10859	14.08
772	10876	14.09
773	10895	14.09
774	10903	14.09
775	11132	14.36
776	12039	15.51
777	10967	14.11
778	10975	14.11
779	10995	14.11
780	10963	14.06
781	12465	15.96
782	11026	14.10
783	11043	14.10
784	11204	14.29
785	11055	14.08
786	11064	14.08
787	11165	14.19
788	11090	14.07
789	11115	14.09
790	12651	16.01
791	14699	18.58
792	14899	18.81
793	20362	25.68
794	15564	19.60
795	11272	14.18
796	11225	14.10
797	11243	14.11
798	11257	14.11
799	11259	14.09
800	12084	15.11
801	11241	14.03
802	11277	14.06
803	11287	14.06
804	11315	14.07
805	11344	14.09
806	11342	14.07
807	11354	14.07
808	11446	14.17
809	11381	14.07
810	11406	14.08
811	12873	15.87
812	12156	14.97
813	11452	14.09
814	13492	16.57
815	11521	14.14
816	11491	14.08
817	11494	14.07
818	11943	14.60
819	11698	14.28
820	11633	14.19
821	12054	14.68
822	11733	14.27
823	11738	14.26
824	11912	14.46
825	11743	14.23
826	11919	14.43
827	11919	14.41
828	11682	14.11
829	11648	14.05
830	11676	14.07
831	11711	14.09
832	11712	14.08
833	11888	14.27
834	11764	14.11
835	11768	14.09
836	11764	14.07
837	13369	15.97
838	12672	15.12
839	11834	14.10
840	11820	14.07
841	11843	14.08
842	12820	15.23
843	13093	15.53
844	14429	17.10
845	11917	14.10
846	11942	14.12
847	11943	14.10
848	11968	14.11
849	12025	14.16
850	11958	14.07
851	11973	14.07
852	11993	14.08
853	12022	14.09
854	12961	15.18
855	16667	19.49
856	12777	14.93
857	12228	14.27
858	12188	14.21
859	12092	14.08
860	12417	14.44
861	12115	14.07
862	12134	14.08
863	12242	14.19
864	12187	14.11
865	12870	14.88
866	12716	14.68
867	15779	18.20
868	17296	19.93
869	16604	19.11
870	16009	18.40
871	12576	14.44
872	12578	14.42
873	12585	14.42
874	12617	14.44
875	12679	14.49
876	12621	14.41
877	13264	15.12
878	13567	15.45
879	12666	14.41
880	12651	14.38
881	12744	14.47
882	12431	14.09
883	12593	14.26
884	12444	14.08
885	12615	14.25
886	12477	14.08
887	13485	15.20
888	12811	14.43
889	13860	15.59
890	12530	14.08
891	12547	14.08
892	12561	14.08
893	12587	14.10
894	12598	14.09
895	12604	14.08
896	12637	14.10
897	12625	14.07
898	12654	14.09
899	12847	14.29
900	13043	14.49
901	12858	14.27
902	14122	15.66
903	12746	14.12
904	12740	14.09
905	12744	14.08
906	12774	14.10
907	13243	14.60
908	13283	14.63
909	12948	14.24
910	12973	14.26
911	12979	14.25
912	13456	14.75
913	13000	14.24
914	13012	14.24
915	13337	14.58
916	15949	17.41
917	13059	14.24
918	13068	14.24
919	13069	14.22
920	13065	14.20
921	13752	14.93
922	14410	15.63
923	13193	14.29
924	13560	14.68
925	14261	15.42
926	14066	15.19
927	13111	14.14
928	13618	14.67
929	13981	15.05
930	13094	14.08
931	13131	14.10
932	13131	14.09
933	13128	14.07
934	13166	14.10
935	13666	14.62
936	13789	14.73
937	14731	15.72
938	13233	14.11
939	15438	16.44
940	14361	15.28
941	13271	14.10
942	13359	14.18
943	13269	14.07
944	13290	14.08
945	13402	14.18
946	13315	14.08
947	13331	14.08
948	13352	14.08
949	13620	14.35
950	18387	19.35
951	14234	14.97
952	13427	14.10
953	13577	14.25
954	13432	14.08
955	13446	14.08
956	13460	14.08
957	13478	14.08
958	13855	14.46
959	14375	14.99
960	13480	14.04
961	13569	14.12
962	20000	20.79
963	25193	26.16
964	15054	15.62
965	13984	14.49
966	13948	14.44
967	13774	14.24
968	14196	14.67
969	13649	14.09
970	13653	14.08
971	13687	14.10
972	13676	14.07
973	13701	14.08
974	13704	14.07
975	13717	14.07
976	13704	14.04
977	13761	14.08
978	13752	14.06
979	13784	14.08
980	15064	15.37
981	13811	14.08
982	14139	14.40
983	17321	17.62
984	13866	14.09
985	13867	14.08
986	13877	14.07
987	13890	14.07
988	14019	14.19
989	13929	14.08
990	13934	14.07
991	13959	14.09
992	13969	14.08
993	13982	14.08
994	13992	14.08
995	14024	14.09
996	14006	14.06
997	14040	14.08
998	14033	14.06
999	14080	14.09
1000	14541	14.54
1001	14228	14.21
1002	16978	16.94
1003	15261	15.22
1004	14336	14.28
1005	14715	14.64
1006	14379	14.29
1007	14361	14.26
1008	14204	14.09
1009	14401	14.27
1010	14375	14.23
1011	14826	14.66
1012	14574	14.40
1013	14412	14.23
1014	14650	14.45
1015	14308	14.10
1016	14301	14.08
1017	14528	14.29
1018	14338	14.08
1019	14767	14.49
1020	17956	17.60
1021	14593	14.29
1022	14541	14.23
1023	14558	14.23
1024	14552	14.21
1025	14547	14.19
1026	15214	14.83
1027	15474	15.07
1028	14488	14.09
1029	14494	14.09
1030	14684	14.26
1031	14530	14.09
1032	14802	14.34
1033	15166	14.68
1034	14565	14.09
1035	14757	14.26
1036	14789	14.28
1037	14801	14.27
1038	14938	14.39
1039	17513	16.86
1040	14766	14.20
1041	15008	14.42
1042	16309	15.65
1043	17131	16.42
1044	17905	17.15
1045	15024	14.38
1046	19102	18.26
1047	18924	18.07
1048	17614	16.81
1049	14987	14.29
1050	18398	17.52
1051	14853	14.13
1052	15064	14.32
1053	20962	19.91
1054	23583	22.37
1055	18541	17.57
1056	15616	14.79
1057	15458	14.62
1058	14933	14.11
1059	15139	14.30
1060	15056	14.20
1061	16452	15.51
1062	18145	17.09
1063	15130	14.23
1064	15155	14.24
1065	15418	14.48
1066	17717	16.62
1067	17626	16.52
1068	22059	20.65
1069	18112	16.94
1070	20935	19.57
1071	15267	14.25
1072	15250	14.23
1073	16837	15.69
1074	16996	15.82
1075	15355	14.28
1076	15366	14.28
1077	15732	14.61
1078	15280	14.17
1079	16118	14.94
1080	15328	14.19
1081	15387	14.23
1082	15461	14.29
1083	15366	14.19
1084	18010	16.61
1085	16448	15.16
1086	15327	14.11
1087	15332	14.10
1088	15349	14.11
1089	16573	15.22
1090	15344	14.08
1091	15367	14.09
1092	15385	14.09
1093	15528	14.21
1094	15404	14.08
1095	15414	14.08
1096	15429	14.08
1097	16914	15.42
1098	15462	14.08
1099	15483	14.09
1100	16312	14.83
1101	16484	14.97
1102	15675	14.22
1103	15709	14.24
1104	16209	14.68
1105	15554	14.08
1106	15574	14.08
1107	15597	14.09
1108	15767	14.23
1109	15608	14.07
1110	17434	15.71
1111	16673	15.01
1112	15890	14.29
1113	15663	14.07
1114	15881	14.26
1115	15706	14.09
1116	15732	14.10
1117	15760	14.11
1118	15720	14.06
1119	15787	14.11
1120	15735	14.05
1121	16918	15.09
1122	18230	16.25
1123	16260	14.48
1124	15830	14.08
1125	16021	14.24
1126	15865	14.09
1127	15877	14.09
1128	15892	14.09
1129	16744	14.83
1130	15925	14.09
1131	15922	14.08
1132	16160	14.28
1133	15954	14.08
1134	15948	14.06
1135	17429	15.36
1136	16007	14.09
1137	16895	14.86
1138	16026	14.08
1139	16377	14.38
1140	17010	14.92
1141	22736	19.93
1142	17040	14.92
1143	16269	14.23
1144	16294	14.24
1145	16583	14.48
1146	16138	14.08
1147	16206	14.13
1148	16163	14.08
1149	16175	14.08
1150	16200	14.09
1151	16194	14.07
1152	17680	15.35
1153	16649	14.44
1154	16241	14.07
1155	16243	14.06
1156	16293	14.09
1157	16275	14.07
1158	17055	14.73
1159	17528	15.12
1160	16943	14.61
1161	24255	20.89
1162	20154	17.34
1163	17256	14.84
1164	16525	14.20
1165	16844	14.46
1166	16450	14.11
1167	16595	14.22
1168	16802	14.39
1169	16681	14.27
1170	16638	14.22
1171	16490	14.08
1172	16550	14.12
1173	16724	14.26
1174	16903	14.40
1175	20379	17.34
1176	19398	16.49
1177	16634	14.13
1178	19687	16.71
1179	18658	15.83
1180	16585	14.06
1181	16597	14.05
1182	16636	14.07
1183	17248	14.58
1184	16669	14.08
1185	16697	14.09
1186	16796	14.16
1187	16708	14.08
1188	16713	14.07
1189	16734	14.07
1190	16745	14.07
1191	16763	14.07
1192	16776	14.07
1193	16776	14.06
1194	18615	15.59
1195	17275	14.46
1196	17224	14.40
1197	17551	14.66
1198	17078	14.26
1199	17818	14.86
1200	17542	14.62
1201	17059	14.20
1202	17098	14.22
1203	17120	14.23
1204	17122	14.22
1205	17101	14.19
1206	17347	14.38
1207	16980	14.07
1208	22434	18.57
1209	19164	15.85
1210	17028	14.07
1211	17046	14.08
1212	17063	14.08
1213	17129	14.12
1214	19192	15.81
1215	17213	14.17
1216	17127	14.08
1217	17592	14.46
1218	17138	14.07
1219	17406	14.28
1220	17394	14.26
1221	17659	14.46
1222	17213	14.09
1223	17223	14.08
1224	17254	14.10
1225	19060	15.56
1226	17260	14.08
1227	17272	14.08
1228	17302	14.09
1229	17536	14.27
1230	19417	15.79
1231	17322	14.07
1232	17335	14.07
1233	17366	14.08
1234	17702	14.35
1235	17634	14.28
1236	17398	14.08
1237	20054	16.21
1238	21787	17.60
1239	22659	18.29
1240	17571	14.17
1241	17480	14.09
1242	17956	14.46
1243	17484	14.07
1244	17514	14.08
1245	18248	14.66
1246	17888	14.36
1247	17845	14.31
1248	20417	16.36
1249	26059	20.86
1250	24280	19.42
1251	18870	15.08
1252	17825	14.24
1253	17640	14.08
1254	17893	14.27
1255	17701	14.10
1256	17698	14.09
1257	17704	14.08
1258	17704	14.07
1259	18238	14.49
1260	17726	14.07
1261	17754	14.08
1262	17772	14.08
1263	17911	14.18
1264	19028	15.05
1265	17994	14.22
1266	18257	14.42
1267	18277	14.43
1268	18044	14.23
1269	18988	14.96
1270	18254	14.37
1271	18093	14.24
1272	18485	14.53
1273	17940	14.09
1274	17934	14.08
1275	17961	14.09
1276	17967	14.08
1277	17994	14.09
1278	18003	14.09
1279	18012	14.08
1280	18897	14.76
1281	18057	14.10
1282	18051	14.08
1283	18074	14.09
1284	18094	14.09
1285	18103	14.09
1286	18291	14.22
1287	18180	14.13
1288	18130	14.08
1289	18171	14.10
1290	18163	14.08
1291	18476	14.31
1292	18201	14.09
1293	18196	14.07
1294	18251	14.10
1295	18250	14.09
1296	18255	14.09
1297	18262	14.08
1298	18279	14.08
1299	18288	14.08
1300	21606	16.62
1301	18319	14.08
1302	18329	14.08
1303	18351	14.08
1304	18366	14.08
1305	18382	14.09
1306	18370	14.07
1307	18401	14.08
1308	18415	14.08
1309	18407	14.06
1310	18451	14.08
1311	18463	14.08
1312	18460	14.07
1313	18475	14.07
1314	18511	14.09
1315	18520	14.08
1316	20641	15.68
1317	22243	16.89
1318	18602	14.11
1319	18549	14.06
1320	18696	14.16
1321	18612	14.09
1322	18884	14.28
1323	18713	14.14
1324	18638	14.08
1325	18642	14.07
1326	18676	14.08
1327	18666	14.07
1328	18686	14.07
1329	18710	14.08
1330	19885	14.95
1331	19994	15.02
1332	18743	14.07
1333	20044	15.04
1334	23914	17.93
1335	19131	14.33
1336	18825	14.09
1337	18825	14.08
1338	19415	14.51
1339	19042	14.22
1340	18935	14.13
1341	18868	14.07
1342	19147	14.27
1343	19181	14.28
1344	20595	15.32
1345	19686	14.64
1346	19199	14.26
1347	19478	14.46
1348	20181	14.97
1349	31396	23.27
1350	24156	17.89
1351	19035	14.09
1352	19026	14.07
1353	19043	14.07
1354	19066	14.08
1355	19070	14.07
1356	19098	14.08
1357	19101	14.08
1358	23070	16.99
1359	19276	14.18
1360	19397	14.26
1361	19165	14.08
1362	19724	14.48
1363	19266	14.13
1364	27150	19.90
1365	19914	14.59
1366	19553	14.31
1367	19506	14.27
1368	20020	14.63
1369	19827	14.48
1370	19510	14.24
1371	20245	14.77
1372	19321	14.08
1373	19318	14.07
1374	19880	14.47
1375	19608	14.26
1376	20393	14.82
1377	22469	16.32
1378	19603	14.23
1379	19620	14.23
1380	19726	14.29
1381	19486	14.11
1382	19479	14.09
1383	19512	14.11
1384	19511	14.10
1385	19518	14.09
1386	19529	14.09
1387	20653	14.89
1388	20005	14.41
1389	20026	14.42
1390	19880	14.30
1391	20933	15.05
1392	20578	14.78
1393	20059	14.40
1394	20593	14.77
1395	19633	14.07
1396	19694	14.11
1397	19661	14.07
1398	19983	14.29
1399	19692	14.08
1400	20123	14.37
1401	19946	14.24
1402	19936	14.22
1403	20190	14.39
1404	19786	14.09
1405	19826	14.11
1406	19820	14.10
1407	20185	14.35
1408	19803	14.06
1409	19828	14.07
1410	19852	14.08
1411	19854	14.07
1412	19881	14.08
1413	19879	14.07
1414	22005	15.56
1415	22018	15.56
1416	19962	14.10
1417	20719	14.62
1418	20476	14.44
1419	20790	14.65
1420	19970	14.06
1421	20068	14.12
1422	21599	15.19
1423	21729	15.27
1424	20835	14.63
1425	20372	14.30
1426	25023	17.55
1427	20247	14.19
1428	20319	14.23
1429	20403	14.28
1430	20145	14.09
1431	20166	14.09
1432	38373	26.80
1433	22054	15.39
1434	20530	14.32
1435	20185	14.07
1436	20269	14.11
1437	20246	14.09
1438	21073	14.65
1439	22033	15.31
1440	30161	20.95
1441	25230	17.51
1442	21915	15.20
1443	20798	14.41
1444	21587	14.95
1445	20933	14.49
1446	20576	14.23
1447	21018	14.53
1448	20712	14.30
1449	21226	14.65
1450	20693	14.27
1451	21182	14.60
1452	20883	14.38
1453	21806	15.01
1454	23253	15.99
1455	21411	14.72
1456	20732	14.24
1457	20745	14.24
1458	21814	14.96
1459	20592	14.11
1460	20745	14.21
1461	21851	14.96
1462	20788	14.22
1463	20832	14.24
1464	22274	15.21
1465	20843	14.23
1466	21625	14.75
1467	21993	14.99
1468	21263	14.48
1469	20902	14.23
1470	21379	14.54
1471	20699	14.07
1472	20739	14.09
1473	20742	14.08
1474	20733	14.07
1475	21347	14.47
1476	20792	14.09
1477	21046	14.25
1478	21045	14.24
1479	20828	14.08
1480	20956	14.16
1481	20843	14.07
1482	21334	14.40
1483	20887	14.08
1484	20919	14.10
1485	20927	14.09
1486	21559	14.51
1487	21014	14.13
1488	20988	14.10
1489	20975	14.09
1490	20989	14.09
1491	21093	14.15
1492	20997	14.07
1493	21014	14.08
1494	22142	14.82
1495	23285	15.58
1496	21053	14.07
1497	23061	15.40
1498	21223	14.17
1499	21115	14.09
1500	21404	14.27
1501	21148	14.09
1502	21250	14.15
1503	21180	14.09
1504	21206	14.10
1505	21183	14.08
1506	23142	15.37
1507	21457	14.24
1508	22118	14.67
1509	21491	14.24
1510	22518	14.91
1511	21501	14.23
1512	21286	14.08
1513	21587	14.27
1514	21602	14.27
1515	21303	14.06
1516	22860	15.08
1517	21647	14.27
1518	21610	14.24
1519	21390	14.08
1520	22171	14.59
1521	21954	14.43
1522	21676	14.24
1523	22668	14.88
1524	22422	14.71
1525	21469	14.08
1526	24588	16.11
1527	22858	14.97
1528	21499	14.07
1529	23087	15.10
1530	30018	19.62
1531	21581	14.10
1532	21550	14.07
1533	21898	14.28
1534	21589	14.07
1535	21931	14.29
1536	21657	14.10
1537	21832	14.20
1538	21956	14.28
1539	22234	14.45
1540	22764	14.78
1541	27450	17.81
1542	27278	17.69
1543	22641	14.67
1544	25484	16.51
1545	22668	14.67
1546	21899	14.16
1547	23812	15.39
1548	22795	14.73
1549	22295	14.39
1550	22249	14.35
1551	23329	15.04
1552	21964	14.15
1553	24879	16.02
1554	24859	16.00
1555	21874	14.07
1556	21920	14.09
1557	21906	14.07
1558	21925	14.07
1559	21929	14.07
1560	21908	14.04
1561	21987	14.09
1562	21979	14.07
1563	21986	14.07
1564	22028	14.08
1565	22140	14.15
1566	22331	14.26
1567	22285	14.22
1568	23267	14.84
1569	23267	14.83
1570	25375	16.16
1571	22107	14.07
1572	22127	14.08
1573	22138	14.07
1574	22221	14.12
1575	22179	14.08
1576	22169	14.07
1577	22194	14.07
1578	22206	14.07
1579	22254	14.09
1580	22197	14.05
1581	22253	14.08
1582	22269	14.08
1583	22285	14.08
1584	23250	14.68
1585	23295	14.70
1586	22315	14.07
1587	22348	14.08
1588	22366	14.08
1589	23452	14.76
1590	22394	14.08
1591	22403	14.08
1592	23844	14.98
1593	24351	15.29
1594	23913	15.00
1595	22768	14.27
1596	23098	14.47
1597	23115	14.47
1598	23743	14.86
1599	22492	14.07
1600	23173	14.48
1601	22812	14.25
1602	22549	14.08
1603	22886	14.28
1604	22881	14.26
1605	22577	14.07
1606	22596	14.07
1607	22611	14.07
1608	24450	15.21
1609	25440	15.81
1610	22906	14.23
1611	22919	14.23
1612	23223	14.41
1613	23371	14.49
1614	23203	14.38
1615	23218	14.38
1616	22975	14.22
1617	25930	16.04
1618	22769	14.07
1619	24579	15.18
1620	22887	14.13
1621	23140	14.28
1622	23479	14.48
1623	23093	14.23
1624	24541	15.11
1625	23283	14.33
1626	23017	14.16
1627	22905	14.08
1628	23549	14.46
1629	28888	17.73
1630	22952	14.08
1631	22974	14.09
1632	23206	14.22
1633	24428	14.96
1634	24658	15.09
1635	31789	19.44
1636	24421	14.93
1637	24020	14.67
1638	23933	14.61
1639	23325	14.23
1640	24647	15.03
1641	23097	14.07
1642	23113	14.08
1643	23494	14.30
1644	23417	14.24
1645	23812	14.48
1646	24427	14.84
1647	23172	14.07
1648	23703	14.38
1649	23215	14.08
1650	23224	14.08
1651	23232	14.07
1652	23304	14.11
1653	24058	14.55
1654	24046	14.54
1655	23279	14.07
1656	23320	14.08
1657	23345	14.09
1658	23314	14.06
1659	23426	14.12
1660	23314	14.04
1661	23393	14.08
1662	23393	14.08
1663	24238	14.57
1664	25774	15.49
1665	23661	14.21
1666	23722	14.24
1667	23706	14.22
1668	23722	14.22
1669	23750	14.23
1670	24043	14.40
1671	23742	14.21
1672	23583	14.10
1673	23624	14.12
1674	27675	16.53
1675	24768	14.79
1676	23861	14.24
1677	24007	14.32
1678	24265	14.46
1679	23952	14.27
1680	24489	14.58
1681	23677	14.09
1682	24378	14.49
1683	25324	15.05
1684	23716	14.08
1685	24116	14.31
1686	23985	14.23
1687	25258	14.97
1688	23741	14.06
1689	24006	14.21
1690	24617	14.57
1691	23828	14.09
1692	23858	14.10
1693	24483	14.46
1694	23862	14.09
1695	23912	14.11
1696	23860	14.07
1697	23884	14.07
1698	25490	15.01
1699	24766	14.58
1700	24210	14.24
1701	24178	14.21
1702	24219	14.23
1703	24206	14.21
1704	24410	14.33
1705	24237	14.22
1706	24464	14.34
1707	24510	14.36
1708	24492	14.34
1709	28672	16.78
1710	27675	16.18
1711	26853	15.69
1712	24483	14.30
1713	24131	14.09
1714	24126	14.08
1715	24160	14.09
1716	24153	14.08
1717	26386	15.37
1718	25105	14.61
1719	29569	17.20
1720	24164	14.05
1721	25900	15.05
1722	26827	15.58
1723	25056	14.54
1724	24877	14.43
1725	24293	14.08
1726	58769	34.05
1727	24963	14.45
1728	24672	14.28
1729	24636	14.25
1730	25608	14.80
1731	24514	14.16
1732	24636	14.22
1733	24951	14.40
1734	24446	14.10
1735	25118	14.48
1736	36997	21.31
1737	34167	19.67
1738	24780	14.26
1739	29905	17.20
1740	24501	14.08
1741	24501	14.07
1742	24511	14.07
1743	24552	14.09
1744	24533	14.07
1745	24553	14.07
1746	25514	14.61
1747	24845	14.22
1748	24869	14.23
1749	25122	14.36
1750	24833	14.19
1751	24889	14.21
1752	27596	15.75
1753	26403	15.06
1754	24689	14.08
1755	24695	14.07
1756	24719	14.08
1757	24744	14.08
1758	24742	14.07
1759	27502	15.64
1760	25301	14.38
1761	24791	14.08
1762	24782	14.06
1763	26797	15.20
1764	24831	14.08
1765	24816	14.06
1766	27746	15.71
1767	24875	14.08
1768	24876	14.07
1769	24927	14.09
1770	25415	14.36
1771	24949	14.09
1772	24938	14.07
1773	24990	14.09
1774	24984	14.08
1775	24976	14.07
1776	27799	15.65
1777	26062	14.67
1778	25741	14.48
1779	25716	14.46
1780	25266	14.19
1781	25319	14.22
1782	26713	14.99
1783	26416	14.82
1784	28199	15.81
1785	25160	14.10
1786	25383	14.21
1787	25161	14.08
1788	25168	14.08
1789	25203	14.09
1790	25196	14.08
1791	25230	14.09
1792	25210	14.07
1793	25254	14.08
1794	27817	15.51
1795	25556	14.24
1796	27417	15.27
1797	27718	15.42
1798	25396	14.12
1799	26019	14.46
1800	25522	14.18
1801	25326	14.06
1802	25369	14.08
1803	25361	14.07
1804	26837	14.88
1805	25380	14.06
1806	25417	14.07
1807	26537	14.69
1808	28266	15.63
1809	26289	14.53
1810	26163	14.45
1811	25741	14.21
1812	26478	14.61
1813	25786	14.22
1814	25704	14.17
1815	27014	14.88
1816	25571	14.08
1817	25652	14.12
1818	35950	19.77
1819	26590	14.62
1820	26935	14.80
1821	25793	14.16
1822	25755	14.14
1823	25831	14.17
1824	27658	15.16
1825	44123	24.18
1826	25804	14.13
1827	25882	14.17
1828	25827	14.13
1829	26598	14.54
1830	35400	19.34
1831	35312	19.29
1832	26500	14.47
1833	26177	14.28
1834	26972	14.71
1835	31024	16.91
1836	26240	14.29
1837	25874	14.08
1838	28643	15.58
1839	25874	14.07
1840	27053	14.70
1841	34750	18.88
1842	32581	17.69
1843	25988	14.10
1844	26120	14.16
1845	25995	14.09
1846	26045	14.11
1847	26792	14.51
1848	26003	14.07
1849	26012	14.07
1850	27940	15.10
1851	27170	14.68
1852	26509	14.31
1853	27180	14.67
1854	27557	14.86
1855	27697	14.93
1856	26175	14.10
1857	26198	14.11
1858	26221	14.11
1859	28249	15.20
1860	28141	15.13
1861	26480	14.23
1862	26235	14.09
1863	26214	14.07
1864	27056	14.52
1865	30003	16.09
1866	27252	14.60
1867	28341	15.18
1868	26565	14.22
1869	26984	14.44
1870	27340	14.62
1871	26781	14.31
1872	26712	14.27
1873	26477	14.14
1874	26954	14.38
1875	27238	14.53
1876	26780	14.28
1877	27123	14.45
1878	26977	14.36
1879	26461	14.08
1880	27859	14.82
1881	26757	14.22
1882	27032	14.36
1883	26511	14.08
1884	26509	14.07
1885	26527	14.07
1886	26558	14.08
1887	26632	14.11
1888	26597	14.09
1889	26975	14.28
1890	26594	14.07
1891	27103	14.33
1892	26609	14.06
1893	26631	14.07
1894	26635	14.06
1895	26679	14.08
1896	26671	14.07
1897	26707	14.08
1898	26730	14.08
1899	26744	14.08
1900	29091	15.31
1901	27151	14.28
1902	27629	14.53
1903	26781	14.07
1904	26831	14.09
1905	26841	14.09
1906	28012	14.70
1907	28293	14.84
1908	27018	14.16
1909	26893	14.09
1910	26876	14.07
1911	31793	16.64
1912	27252	14.25
1913	26987	14.11
1914	27482	14.36
1915	26952	14.07
1916	26982	14.08
1917	26991	14.08
1918	26996	14.08
1919	28350	14.77
1920	30723	16.00
1921	35505	18.48
1922	28396	14.77
1923	32659	16.98
1924	27489	14.29
1925	27917	14.50
1926	27869	14.47
1927	28679	14.88
1928	27741	14.39
1929	27938	14.48
1930	27776	14.39
1931	28237	14.62
1932	35318	18.28
1933	32365	16.74
1934	27452	14.19
1935	28413	14.68
1936	27577	14.24
1937	27274	14.08
1938	27307	14.09
1939	27298	14.08
1940	30910	15.93
1941	27808	14.33
1942	29339	15.11
1943	31254	16.09
1944	27373	14.08
1945	27668	14.23
1946	27476	14.12
1947	27526	14.14
1948	27413	14.07
1949	27436	14.08
1950	27455	14.08
1951	28140	14.42
1952	28473	14.59
1953	28426	14.56
1954	27811	14.23
1955	27800	14.22
1956	27838	14.23
1957	28691	14.66
1958	27637	14.11
1959	29608	15.11
1960	27534	14.05
1961	27925	14.24
1962	27651	14.09
1963	27622	14.07
1964	27804	14.16
1965	27999	14.25
1966	28352	14.42
1967	27682	14.07
1968	27703	14.08
1969	27730	14.08
1970	27771	14.10
1971	27734	14.07
1972	28239	14.32
1973	27761	14.07
1974	28244	14.31
1975	27831	14.09
1976	27797	14.07
1977	27856	14.09
1978	27825	14.07
1979	27851	14.07
1980	29291	14.79
1981	28801	14.54
1982	28194	14.23
1983	28220	14.23
1984	29195	14.72
1985	28571	14.39
1986	29190	14.70
1987	30185	15.19
1988	28040	14.10
1989	28246	14.20
1990	28262	14.20
1991	28580	14.35
1992	28855	14.49
1993	28167	14.13
1994	28063	14.07
1995	28058	14.06
1996	28498	14.28
1997	28499	14.27
1998	29912	14.97
1999	29571	14.79
2000	28779	14.39
2001	28477	14.23
2002	28493	14.23
2003	28693	14.33
2004	28173	14.06
2005	29185	14.56
2006	28261	14.09
2007	31598	15.74
2008	29631	14.76
2009	30621	15.24
2010	28604	14.23
2011	28843	14.34
2012	28377	14.10
2013	28420	14.12
2014	28355	14.08
2015	28435	14.11
2016	28348	14.06
2017	28434	14.10
2018	34565	17.13
2019	28438	14.09
2020	28395	14.06
2021	28454	14.08
2022	29669	14.67
2023	32558	16.09
2024	29415	14.53
2025	28491	14.07
2026	29215	14.42
2027	30168	14.88
2028	29065	14.33
2029	29796	14.69
2030	31803	15.67
2031	41222	20.30
2032	29171	14.36
2033	29011	14.27
2034	29433	14.47
2035	28894	14.20
2036	29955	14.71
2037	29672	14.57
2038	29433	14.44
2039	32828	16.10
2040	32519	15.94
2041	28705	14.06
2042	28703	14.06
2043	28747	14.07
2044	28769	14.07
2045	29255	14.31
2046	29194	14.27
2047	28880	14.11
2048	29293	14.30
2049	31601	15.42
2050	29671	14.47
2051	28999	14.14
2052	28912	14.09
2053	28905	14.08
2054	29168	14.20
2055	31115	15.14
2056	34553	16.81
2057	28959	14.08
2058	29109	14.14
2059	29002	14.09
2060	29117	14.13
2061	30029	14.57
2062	31126	15.10
2063	29061	14.09
2064	29092	14.09
2065	29902	14.48
2066	30116	14.58
2067	29097	14.08
2068	30131	14.57
2069	30458	14.72
2070	30059	14.52
2071	29165	14.08
2072	29196	14.09
2073	30679	14.80
2074	33131	15.97
2075	34698	16.72
2076	29285	14.11
2077	29252	14.08
2078	29238	14.07
2079	29249	14.07
2080	29339	14.11
2081	37768	18.15
2082	31573	15.16
2083	29335	14.08
2084	29304	14.06
2085	29861	14.32
2086	29396	14.09
2087	29373	14.07
2088	29948	14.34
2089	29375	14.06
2090	30233	14.47
2091	30042	14.37
2092	29485	14.09
2093	30899	14.76
2094	30782	14.70
2095	30359	14.49
2096	29912	14.27
2097	29923	14.27
2098	29849	14.23
2099	29785	14.19
2100	31380	14.94
2101	29990	14.27
2102	30497	14.51
2103	30910	14.70
2104	29604	14.07
2105	29794	14.15
2106	29699	14.10
2107	29710	14.10
2108	30664	14.55
2109	30398	14.41
2110	30790	14.59
2111	31994	15.16
2112	32715	15.49
2113	30945	14.65
2114	30459	14.41
2115	30167	14.26
2116	30210	14.28
2117	29913	14.13
2118	31727	14.98
2119	30783	14.53
2120	32580	15.37
2121	35364	16.67
2122	37741	17.79
2123	32570	15.34
2124	29884	14.07
2125	29875	14.06
2126	29944	14.08
2127	29902	14.06
2128	29935	14.07
2129	32947	15.48
2130	32635	15.32
2131	31905	14.97
2132	32905	15.43
2133	30339	14.22
2134	30812	14.44
2135	31066	14.55
2136	30392	14.23
2137	30692	14.36
2138	31903	14.92
2139	30100	14.07
2140	32677	15.27
2141	31926	14.91
2142	30306	14.15
2143	31092	14.51
2144	30485	14.22
2145	30202	14.08
2146	30850	14.38
2147	30698	14.30
2148	30255	14.09
2149	31923	14.85
2150	30692	14.28
2151	31351	14.58
2152	30462	14.16
2153	31102	14.45
2154	30653	14.23
2155	31765	14.74
2156	30342	14.07
2157	31785	14.74
2158	30529	14.15
2159	30420	14.09
2160	30386	14.07
2161	30424	14.08
2162	30434	14.08
2163	31866	14.73
2164	30478	14.08
2165	31323	14.47
2166	31474	14.53
2167	33202	15.32
2168	35023	16.15
2169	30523	14.07
2170	30694	14.14
2171	30543	14.07
2172	32531	14.98
2173	31794	14.63
2174	31429	14.46
2175	31936	14.68
2176	30580	14.05
2177	30738	14.12
2178	30681	14.09
2179	32102	14.73
2180	30635	14.05
2181	31744	14.55
2182	30917	14.17
2183	37703	17.27
2184	31098	14.24
2185	30765	14.08
2186	30851	14.11
2187	30786	14.08
2188	30805	14.08
2189	30800	14.07
2190	32313	14.75
2191	32740	14.94
2192	33059	15.08
2193	31205	14.23
2194	31513	14.36
2195	31264	14.24
2196	31057	14.14
2197	32913	14.98
2198	30974	14.09
2199	30941	14.07
2200	34547	15.70
2201	33849	15.38
2202	31850	14.46
2203	31333	14.22
2204	31310	14.21
2205	31674	14.36
2206	31051	14.08
2207	31963	14.48
2208	31102	14.09
2209	31194	14.12
2210	32070	14.51
2211	31451	14.22
2212	31544	14.26
2213	31486	14.23
2214	31220	14.10
2215	31204	14.09
2216	31968	14.43
2217	31205	14.08
2218	31411	14.16
2219	32120	14.47
2220	39368	17.73
2221	31293	14.09
2222	35687	16.06
2223	31344	14.10
2224	31635	14.22
2225	31642	14.22
2226	31276	14.05
2227	31329	14.07
2228	31902	14.32
2229	31379	14.08
2230	32323	14.49
2231	40892	18.33
2232	31446	14.09
2233	31433	14.08
2234	31876	14.27
2235	35686	15.97
2236	32434	14.51
2237	31554	14.11
2238	32801	14.66
2239	31597	14.11
2240	33993	15.18
2241	32792	14.63
2242	31574	14.08
2243	31582	14.08
2244	31947	14.24
2245	32037	14.27
2246	33501	14.92
2247	31751	14.13
2248	34552	15.37
2249	31626	14.06
2250	31613	14.05
2251	39355	17.48
2252	31804	14.12
2253	31982	14.20
2254	32509	14.42
2255	31854	14.13
2256	31733	14.07
2257	33778	14.97
2258	32591	14.43
2259	34202	15.14
2260	32104	14.21
2261	32955	14.58
2262	32800	14.50
2263	32178	14.22
2264	32203	14.22
2265	32199	14.22
2266	32257	14.24
2267	33531	14.79
2268	32127	14.17
2269	34234	15.09
2270	32998	14.54
2271	33842	14.90
2272	32351	14.24
2273	34129	15.01
2274	32325	14.22
2275	31994	14.06
2276	32065	14.09
2277	33814	14.85
2278	34492	15.14
2279	32274	14.16
2280	33302	14.61
2281	32519	14.26
2282	32421	14.21
2283	32391	14.19
2284	33614	14.72
2285	32966	14.43
2286	36090	15.79
2287	32192	14.08
2288	32210	14.08
2289	33042	14.44
2290	32240	14.08
2291	32261	14.08
2292	32242	14.07
2293	32287	14.08
2294	32329	14.09
2295	32667	14.23
2296	32676	14.23
2297	32426	14.12
2298	32330	14.07
2299	34378	14.95
2300	32841	14.28
2301	32392	14.08
2302	32373	14.06
2303	36869	16.01
2304	35153	15.26
2305	35591	15.44
2306	33561	14.55
2307	32804	14.22
2308	33291	14.42
2309	33775	14.63
2310	32495	14.07
2311	32501	14.06
2312	32539	14.07
2313	32499	14.05
2314	36384	15.72
2315	33242	14.36
2316	32997	14.25
2317	33211	14.33
2318	32627	14.08
2319	34289	14.79
2320	39733	17.13
2321	33020	14.23
2322	34360	14.80
2323	32719	14.08
2324	40228	17.31
2325	35678	15.35
2326	32806	14.10
2327	32777	14.09
2328	34079	14.64
2329	33224	14.27
2330	32908	14.12
2331	32780	14.06
2332	34284	14.70
2333	34070	14.60
2334	34375	14.73
2335	33977	14.55
2336	36377	15.57
2337	33477	14.32
2338	33203	14.20
2339	34675	14.82
2340	33221	14.20
2341	33779	14.43
2342	33251	14.20
2343	33276	14.20
2344	33852	14.44
2345	33021	14.08
2346	33503	14.28
2347	33515	14.28
2348	33087	14.09
2349	34391	14.64
2350	33414	14.22
2351	33271	14.15
2352	33803	14.37
2353	35650	15.15
2354	33142	14.08
2355	33089	14.05
2356	33220	14.10
2357	33173	14.07
2358	33202	14.08
2359	34641	14.68
2360	33272	14.10
2361	39221	16.61
2362	33370	14.13
2363	33489	14.17
2364	33277	14.08
2365	36554	15.46
2366	33619	14.21
2367	33323	14.08
2368	35687	15.07
2369	39022	16.47
2370	33928	14.32
2371	33732	14.23
2372	33728	14.22
2373	34021	14.34
2374	34618	14.58
2375	33762	14.22
2376	35704	15.03
2377	34665	14.58
2378	33480	14.08
2379	33576	14.11
2380	33598	14.12
2381	33540	14.09
2382	33506	14.07
2383	34108	14.31
2384	33927	14.23
2385	36352	15.24
2386	33555	14.06
2387	35506	14.87
2388	34018	14.25
2389	33597	14.06
2390	33713	14.11
2391	33627	14.06
2392	34786	14.54
2393	34020	14.22
2394	33881	14.15
2395	34205	14.28
2396	34061	14.22
2397	35170	14.67
2398	34064	14.21
2399	34329	14.31
2400	35287	14.70
2401	35162	14.64
2402	36358	15.14
2403	33827	14.08
2404	34180	14.22
2405	35670	14.83
2406	35320	14.68
2407	33846	14.06
2408	33946	14.10
2409	33892	14.07
2410	34016	14.11
2411	35457	14.71
2412	33941	14.07
2413	34384	14.25
2414	34947	14.48
2415	34360	14.23
2416	34724	14.37
2417	37974	15.71
2418	37819	15.64
2419	34218	14.15
2420	34051	14.07
2421	34061	14.07
2422	34819	14.38
2423	39055	16.12
2424	37329	15.40
2425	34534	14.24
2426	34143	14.07
2427	35346	14.56
2428	34168	14.07
2429	37198	15.31
2430	35089	14.44
2431	34931	14.37
2432	34548	14.21
2433	37911	15.58
2434	34514	14.18
2435	39548	16.24
2436	35078	14.40
2437	34616	14.20
2438	35399	14.52
2439	34345	14.08
2440	37139	15.22
2441	35995	14.75
2442	35220	14.42
2443	34568	14.15
2444	34608	14.16
2445	34437	14.08
2446	34431	14.08
2447	34433	14.07
2448	35384	14.45
2449	34476	14.08
2450	34466	14.07
2451	34492	14.07
2452	34509	14.07
2453	34692	14.14
2454	34583	14.09
2455	34556	14.08
2456	34553	14.07
2457	35487	14.44
2458	34819	14.17
2459	34627	14.08
2460	34603	14.07
2461	34598	14.06
2462	34626	14.06
2463	34678	14.08
2464	36040	14.63
2465	37880	15.37
2466	34731	14.08
2467	37161	15.06
2468	35578	14.42
2469	35133	14.23
2470	44160	17.88
2471	36104	14.61
2472	36358	14.71
2473	34842	14.09
2474	36032	14.56
2475	34932	14.11
2476	34876	14.09
2477	34796	14.05
2478	34924	14.09
2479	37495	15.13
2480	34879	14.06
2481	35095	14.15
2482	34914	14.07
2483	35121	14.14
2484	36125	14.54
2485	35430	14.26
2486	35486	14.27
2487	35042	14.09
2488	35011	14.07
2489	35447	14.24
2490	36586	14.69
2491	35538	14.27
2492	35575	14.28
2493	35434	14.21
2494	36228	14.53
2495	38372	15.38
2496	37076	14.85
2497	35061	14.04
2498	35049	14.03
2499	36315	14.53
2500	35260	14.10
2501	37136	14.85
2502	37383	14.94
2503	36437	14.56
2504	36303	14.50
2505	35912	14.34
2506	35675	14.24
2507	35889	14.32
2508	36620	14.60
2509	36990	14.74
2510	35834	14.28
2511	37858	15.08
2512	35334	14.07
2513	37964	15.11
2514	35386	14.08
2515	35362	14.06
2516	35430	14.08
2517	35474	14.09
2518	47247	18.76
2519	35477	14.08
2520	35705	14.17
2521	35629	14.13
2522	35928	14.25
2523	35572	14.10
2524	35551	14.09
2525	36825	14.58
2526	43397	17.18
2527	40908	16.19
2528	36036	14.25
2529	35753	14.14
2530	36627	14.48
2531	35649	14.08
2532	37046	14.63
2533	35655	14.08
2534	36520	14.41
2535	35849	14.14
2536	35911	14.16
2537	36398	14.35
2538	35659	14.05
2539	35918	14.15
2540	37754	14.86
2541	38162	15.02
2542	39674	15.61
2543	38805	15.26
2544	36868	14.49
2545	36464	14.33
2546	36696	14.41
2547	36831	14.46
2548	37276	14.63
2549	35875	14.07
2550	37726	14.79
2551	36342	14.25
2552	35910	14.07
2553	35901	14.06
2554	35925	14.07
2555	35966	14.08
2556	36580	14.31
2557	36365	14.22
2558	36337	14.21
2559	36690	14.34
2560	36982	14.45
2561	36070	14.08
2562	36048	14.07
2563	36058	14.07
2564	37196	14.51
2565	36102	14.07
2566	36293	14.14
2567	36095	14.06
2568	36125	14.07
2569	39441	15.35
2570	36538	14.22
2571	38314	14.90
2572	36195	14.07
2573	36243	14.09
2574	36205	14.07
2575	36233	14.07
2576	37078	14.39
2577	37984	14.74
2578	39853	15.46
2579	36351	14.09
2580	36659	14.21
2581	36452	14.12
2582	36345	14.08
2583	40739	15.77
2584	45650	17.67
2585	42221	16.33
2586	43384	16.78
2587	36512	14.11
2588	36413	14.07
2589	36443	14.08
2590	36727	14.18
2591	38342	14.80
2592	37189	14.35
2593	38873	14.99
2594	36505	14.07
2595	36546	14.08
2596	36586	14.09
2597	36612	14.10
2598	37977	14.62
2599	36555	14.07
2600	40560	15.60
2601	37497	14.42
2602	37138	14.27
2603	36622	14.07
2604	36970	14.20
2605	36703	14.09
2606	36708	14.09
2607	36706	14.08
2608	36725	14.08
2609	40376	15.48
2610	36834	14.11
2611	37631	14.41
2612	36885	14.12
2613	37007	14.16
2614	37304	14.27
2615	36874	14.10
2616	42515	16.25
2617	41739	15.95
2618	38129	14.56
2619	38257	14.61
2620	39610	15.12
2621	36867	14.07
2622	37047	14.13
2623	36902	14.07
2624	37111	14.14
2625	37680	14.35
2626	64352	24.51
2627	37352	14.22
2628	37547	14.29
2629	37869	14.40
2630	38416	14.61
2631	37274	14.17
2632	37842	14.38
2633	39011	14.82
2634	37930	14.40
2635	39932	15.15
2636	37083	14.07
2637	37115	14.07
2638	37506	14.22
2639	37120	14.07
2640	37700	14.28
2641	37178	14.08
2642	38106	14.42
2643	43447	16.44
2644	38522	14.57
2645	37217	14.07
2646	37249	14.08
2647	37259	14.08
2648	37289	14.08
2649	42361	15.99
2650	39563	14.93
2651	38729	14.61
2652	37381	14.10
2653	37310	14.06
2654	37445	14.11
2655	37384	14.08
2656	37925	14.28
2657	37818	14.23
2658	41137	15.48
2659	37418	14.07
2660	37916	14.25
2661	37448	14.07
2662	38666	14.53
2663	39129	14.69
2664	37478	14.07
2665	37718	14.15
2666	37511	14.07
2667	37786	14.17
2668	39544	14.82
2669	38224	14.32
2670	38145	14.29
2671	37837	14.17
2672	37597	14.07
2673	43192	16.16
2674	37615	14.07
2675	37633	14.07
2676	38092	14.23
2677	37821	14.13
2678	37781	14.11
2679	37695	14.07
2680	38977	14.54
2681	39402	14.70
2682	40737	15.19
2683	38818	14.47
2684	37819	14.09
2685	37863	14.10
2686	39088	14.55
2687	39909	14.85
2688	40180	14.95
2689	39060	14.53
2690	38245	14.22
2691	38461	14.29
2692	37880	14.07
2693	38471	14.29
2694	38577	14.32
2695	37953	14.08
2696	41031	15.22
2697	38650	14.33
2698	39943	14.80
2699	38505	14.27
2700	38433	14.23
2701	42844	15.86
2702	38290	14.17
2703	38599	14.28
2704	38640	14.29
2705	39480	14.60
2706	38147	14.10
2707	40686	15.03
2708	38128	14.08
2709	38125	14.07
2710	38559	14.23
2711	38216	14.10
2712	39516	14.57
2713	39196	14.45
2714	38846	14.31
2715	38229	14.08
2716	47357	17.44
2717	40199	14.80
2718	38780	14.27
2719	38294	14.08
2720	41836	15.38
2721	44207	16.25
2722	39506	14.51
2723	39758	14.60
2724	38727	14.22
2725	38362	14.08
2726	39820	14.61
2727	38397	14.08
2728	41429	15.19
2729	38921	14.26
2730	41547	15.22
2731	38446	14.08
2732	38510	14.10
2733	40282	14.74
2734	38505	14.08
2735	38629	14.12
2736	43407	15.87
2737	39269	14.35
2738	38753	14.15
2739	38594	14.09
2740	38585	14.08
2741	43188	15.76
2742	38616	14.08
2743	41352	15.08
2744	39866	14.53
2745	40588	14.79
2746	38911	14.17
2747	39295	14.30
2748	38654	14.07
2749	38853	14.13
2750	39798	14.47
2751	40019	14.55
2752	38970	14.16
2753	39525	14.36
2754	39904	14.49
2755	40232	14.60
2756	38803	14.08
2757	43527	15.79
2758	39147	14.19
2759	40175	14.56
2760	40807	14.79
2761	39859	14.44
2762	39040	14.13
2763	38850	14.06
2764	38887	14.07
2765	39734	14.37
2766	40245	14.55
2767	38939	14.07
2768	38936	14.07
2769	38934	14.06
2770	38999	14.08
2771	40387	14.57
2772	39015	14.07
2773	39049	14.08
2774	39043	14.07
2775	39033	14.07
2776	39184	14.12
2777	39937	14.38
2778	39777	14.32
2779	40525	14.58
2780	40295	14.49
2781	39126	14.07
2782	39186	14.09
2783	39518	14.20
2784	39576	14.22
2785	43242	15.53
2786	40950	14.70
2787	39639	14.22
2788	39651	14.22
2789	40055	14.36
2790	41265	14.79
2791	40401	14.48
2792	41666	14.92
2793	39722	14.22
2794	39724	14.22
2795	39740	14.22
2796	39682	14.19
2797	40665	14.54
2798	41040	14.67
2799	42424	15.16
2800	39985	14.28
2801	39365	14.05
2802	39428	14.07
2803	41003	14.63
2804	39436	14.06
2805	40837	14.56
2806	40481	14.43
2807	39507	14.07
2808	39593	14.10
2809	40362	14.37
2810	40262	14.33
2811	41880	14.90
2812	41022	14.59
2813	40671	14.46
2814	39730	14.12
2815	39649	14.08
2816	44209	15.70
2817	39623	14.07
2818	39652	14.07
2819	39662	14.07
2820	39634	14.05
2821	58032	20.57
2822	56101	19.88
2823	40101	14.21
2824	40134	14.21
2825	40547	14.35
2826	42302	14.97
2827	40576	14.35
2828	44880	15.87
2829	40482	14.31
2830	39809	14.07
2831	40598	14.34
2832	39817	14.06
2833	39816	14.05
2834	40157	14.17
2835	41707	14.71
2836	39921	14.08
2837	39926	14.07
2838	41599	14.66
2839	47050	16.57
2840	39936	14.06
2841	39963	14.07
2842	39997	14.07
2843	42019	14.78
2844	40979	14.41
2845	40461	14.22
2846	40950	14.39
2847	41042	14.42
2848	40316	14.16
2849	40086	14.07
2850	41430	14.54
2851	40538	14.22
2852	43920	15.40
2853	44124	15.47
2854	40127	14.06
2855	40219	14.09
2856	40212	14.08
2857	41897	14.66
2858	42007	14.70
2859	44106	15.43
2860	40342	14.11
2861	40310	14.09
2862	40367	14.10
2863	40354	14.10
2864	41269	14.41
2865	40742	14.22
2866	41507	14.48
2867	41307	14.41
2868	41430	14.45
2869	41449	14.45
2870	40811	14.22
2871	40574	14.13
2872	40550	14.12
2873	40367	14.05
2874	40487	14.09
2875	40867	14.21
2876	40464	14.07
2877	40551	14.09
2878	40483	14.07
2879	43010	14.94
2880	40562	14.08
2881	43791	15.20
2882	41010	14.23
2883	41169	14.28
2884	40972	14.21
2885	40730	14.12
2886	42029	14.56
2887	41840	14.49
2888	43388	15.02
2889	41314	14.30
2890	41101	14.22
2891	41101	14.22
2892	41149	14.23
2893	45852	15.85
2894	42805	14.79
2895	41075	14.19
2896	40799	14.09
2897	40972	14.14
2898	40824	14.09
2899	40777	14.07
2900	42464	14.64
2901	40810	14.07
2902	41689	14.37
2903	40813	14.06
2904	40888	14.08
2905	40890	14.08
2906	42564	14.65
2907	41326	14.22
2908	41352	14.22
2909	43221	14.86
2910	41370	14.22
2911	41357	14.21
2912	41118	14.12
2913	41088	14.11
2914	43174	14.82
2915	41412	14.21
2916	45723	15.68
2917	44853	15.38
2918	48806	16.73
2919	44073	15.10
2920	41062	14.06
2921	41112	14.07
2922	41154	14.08
2923	43042	14.73
2924	44950	15.37
2925	42548	14.55
2926	41216	14.09
2927	43420	14.83
2928	41314	14.11
2929	41276	14.09
2930	41255	14.08
2931	41967	14.32
2932	41537	14.17
2933	44784	15.27
2934	41254	14.06
2935	41319	14.08
2936	41305	14.07
2937	41495	14.13
2938	41455	14.11
2939	44304	15.07
2940	41320	14.05
2941	41747	14.19
2942	42674	14.51
2943	41409	14.07
2944	41428	14.07
2945	44375	15.07
2946	43148	14.65
2947	41663	14.14
2948	41506	14.08
2949	46176	15.66
2950	42969	14.57
2951	41514	14.07
2952	41544	14.07
2953	41894	14.19
2954	43168	14.61
2955	42030	14.22
2956	42028	14.22
2957	42025	14.21
2958	42160	14.25
2959	43485	14.70
2960	42616	14.40
2961	42893	14.49
2962	45701	15.43
2963	42272	14.27
2964	42612	14.38
2965	41784	14.09
2966	43183	14.56
2967	42962	14.48
2968	42017	14.16
2969	41876	14.10
2970	41789	14.07
2971	44272	14.90
2972	43864	14.76
2973	41929	14.10
2974	41926	14.10
2975	44186	14.85
2976	42522	14.29
2977	42766	14.37
2978	43861	14.73
2979	42298	14.20
2980	42072	14.12
2981	43396	14.56
2982	42392	14.22
2983	42214	14.15
2984	42951	14.39
2985	43437	14.55
2986	42014	14.07
2987	43424	14.54
2988	42696	14.29
2989	42636	14.26
2990	46912	15.69
2991	42523	14.22
2992	42537	14.22
2993	42535	14.21
2994	44163	14.75
2995	42174	14.08
2996	44756	14.94
2997	43761	14.60
2998	46187	15.41
2999	42187	14.07
3000	42519	14.17
3001	44790	14.93
3002	42677	14.22
3003	44503	14.82
3004	44878	14.94
3005	42504	14.14
3006	42350	14.09
3007	42310	14.07
3008	42371	14.09
3009	43965	14.61
3010	44467	14.77
3011	44588	14.81
3012	44128	14.65
3013	43647	14.49
3014	42711	14.17
3015	48302	16.02
3016	42447	14.07
3017	44296	14.68
3018	52884	17.52
3019	43472	14.40
3020	42909	14.21
3021	42638	14.11
3022	42617	14.10
3023	45263	14.97
3024	44864	14.84
3025	45053	14.89
3026	42757	14.13
3027	42669	14.10
3028	42623	14.08
3029	44049	14.54
3030	43441	14.34
3031	43640	14.40
3032	43127	14.22
3033	43124	14.22
3034	43983	14.50
3035	43155	14.22
3036	48823	16.08
3037	42773	14.08
3038	43395	14.28
3039	51911	17.08
3040	43498	14.31
3041	43244	14.22
3042	43836	14.41
3043	43548	14.31
3044	42909	14.10
3045	47040	15.45
3046	43613	14.32
3047	43690	14.34
3048	42998	14.11
3049	43040	14.12
3050	42992	14.10
3051	43784	14.35
3052	42951	14.07
3053	42974	14.08
3054	44031	14.42
3055	44488	14.56
3056	44273	14.49
3057	43094	14.10
3058	43303	14.16
3059	43025	14.07
3060	46832	15.30
3061	43084	14.08
3062	44943	14.68
3063	43087	14.07
3064	43241	14.11
3065	43150	14.08
3066	43527	14.20
3067	45088	14.70
3068	47233	15.40
3069	44604	14.53
3070	43168	14.06
3071	43997	14.33
3072	43336	14.11
3073	50117	16.31
3074	44937	14.62
3075	43773	14.24
3076	43361	14.10
3077	43714	14.21
3078	43316	14.07
3079	44387	14.42
3080	46871	15.22
3081	51889	16.84
3082	44069	14.30
3083	43382	14.07
3084	43589	14.13
3085	43966	14.25
3086	45105	14.62
3087	48061	15.57
3088	43950	14.23
3089	44410	14.38
3090	57577	18.63
3091	50998	16.50
3092	46345	14.99
3093	52169	16.87
3094	44592	14.41
3095	48485	15.67
3096	44125	14.25
3097	44680	14.43
3098	44183	14.26
3099	45145	14.57
3100	53979	17.41
3101	47618	15.36
3102	43658	14.07
3103	43724	14.09
3104	43643	14.06
3105	43680	14.07
3106	44167	14.22
3107	44066	14.18
3108	44204	14.22
3109	45909	14.77
3110	51282	16.49
3111	43855	14.10
3112	47578	15.29
3113	62286	20.01
3114	49405	15.87
3115	43973	14.12
3116	44246	14.20
3117	43844	14.07
3118	44389	14.24
3119	47669	15.28
3120	63547	20.37
3121	47181	15.12
3122	49333	15.80
3123	43941	14.07
3124	44881	14.37
3125	44531	14.25
3126	48595	15.55
3127	47998	15.35
3128	44381	14.19
3129	44035	14.07
3130	44056	14.08
3131	44035	14.06
3132	45586	14.55
3133	44789	14.30
3134	44788	14.29
3135	44580	14.22
3136	44440	14.17
3137	45656	14.55
3138	44171	14.08
3139	44572	14.20
3140	46728	14.88
3141	44922	14.30
3142	44206	14.07
3143	44198	14.06
3144	44475	14.15
3145	46145	14.67
3146	44359	14.10
3147	47030	14.94
3148	44900	14.26
3149	45752	14.53
3150	44322	14.07
3151	44326	14.07
3152	44393	14.08
3153	44913	14.24
3154	45324	14.37
3155	44838	14.21
3156	44451	14.08
3157	48792	15.46
3158	45097	14.28
3159	44951	14.23
3160	46747	14.79
3161	46109	14.59
3162	47213	14.93
3163	45641	14.43
3164	46008	14.54
3165	47529	15.02
3166	45219	14.28
3167	45011	14.21
3168	45487	14.36
3169	52032	16.42
3170	45119	14.23
3171	45088	14.22
3172	45829	14.45
3173	44684	14.08
3174	48714	15.35
3175	45129	14.21
3176	44690	14.07
3177	44696	14.07
3178	46286	14.56
3179	44710	14.06
3180	48000	15.09
3181	45856	14.42
3182	45648	14.35
3183	45238	14.21
3184	45087	14.16
3185	44830	14.08
3186	46266	14.52
3187	44925	14.10
3188	45578	14.30
3189	49364	15.48
3190	45540	14.28
3191	45358	14.21
3192	45823	14.36
3193	46609	14.60
3194	46994	14.71
3195	45562	14.26
3196	45012	14.08
3197	45196	14.14
3198	46427	14.52
3199	44977	14.06
3200	47521	14.85
3201	45070	14.08
3202	45198	14.12
3203	45087	14.08
3204	45289	14.14
3205	49474	15.44
3206	45436	14.17
3207	47783	14.90
3208	45226	14.10
3209	46349	14.44
3210	45146	14.06
3211	46615	14.52
3212	45186	14.07
3213	47440	14.77
3214	50524	15.72
3215	45257	14.08
3216	45291	14.08
3217	46641	14.50
3218	46754	14.53
3219	45842	14.24
3220	47233	14.67
3221	59564	18.49
3222	46715	14.50
3223	45881	14.24
3224	46298	14.36
3225	45382	14.07
3226	46599	14.44
3227	45442	14.08
3228	45475	14.09
3229	49643	15.37
3230	46363	14.35
3231	45973	14.23
3232	46428	14.37
3233	46473	14.37
3234	52589	16.26
3235	45997	14.22
3236	46518	14.38
3237	46235	14.28
3238	45542	14.06
3239	47470	14.66
3240	57505	17.75
3241	45592	14.07
3242	46569	14.36
3243	45910	14.16
3244	45634	14.07
3245	45693	14.08
3246	45667	14.07
3247	47884	14.75
3248	46874	14.43
3249	47447	14.60
3250	47754	14.69
3251	48050	14.78
3252	47345	14.56
3253	48777	14.99
3254	45822	14.08
3255	45936	14.11
3256	45834	14.08
3257	45875	14.09
3258	45838	14.07
3259	47821	14.67
3260	49100	15.06
3261	46103	14.14
3262	45877	14.06
3263	46149	14.14
3264	46829	14.35
3265	47495	14.55
3266	45987	14.08
3267	49867	15.26
3268	47321	14.48
3269	47393	14.50
3270	46006	14.07
3271	46781	14.30
3272	46521	14.22
3273	46097	14.08
3274	46065	14.07
3275	46090	14.07
3276	49178	15.01
3277	46225	14.11
3278	46159	14.08
3279	47365	14.44
3280	46540	14.19
3281	46157	14.07
3282	46288	14.10
3283	47209	14.38
3284	47261	14.39
3285	48143	14.66
3286	47785	14.54
3287	48687	14.81
3288	49613	15.09
3289	46257	14.06
3290	46340	14.09
3291	46845	14.23
3292	46408	14.10
3293	50040	15.20
3294	46307	14.06
3295	46415	14.09
3296	46329	14.06
3297	47828	14.51
3298	46545	14.11
3299	49282	14.94
3300	48567	14.72
3301	46435	14.07
3302	46573	14.10
3303	47015	14.23
3304	46458	14.06
3305	48887	14.79
3306	46995	14.22
3307	46913	14.19
3308	46534	14.07
3309	46473	14.04
3310	46857	14.16
3311	50641	15.29
3312	48023	14.50
3313	52652	15.89
3314	47657	14.38
3315	46556	14.04
3316	46825	14.12
3317	47097	14.20
3318	48663	14.67
3319	53910	16.24
3320	47155	14.20
3321	51365	15.47
3322	50696	15.26
3323	47617	14.33
3324	49061	14.76
3325	50180	15.09
3326	46837	14.08
3327	46911	14.10
3328	47258	14.20
3329	48179	14.47
3330	48380	14.53
3331	46940	14.09
3332	46921	14.08
3333	48987	14.70
3334	49979	14.99
3335	47023	14.10
3336	46999	14.09
3337	51632	15.47
3338	47313	14.17
3339	47199	14.14
3340	47136	14.11
3341	46998	14.07
3342	50708	15.17
3343	49025	14.66
3344	47010	14.06
3345	49419	14.77
3346	48301	14.44
3347	47546	14.21
3348	47602	14.22
3349	48196	14.39
3350	47378	14.14
3351	47234	14.10
3352	47195	14.08
3353	47644	14.21
3354	47315	14.11
3355	48527	14.46
3356	48881	14.57
3357	48159	14.35
3358	47187	14.05
3359	47463	14.13
3360	47405	14.11
3361	47914	14.26
3362	48922	14.55
3363	55703	16.56
3364	47393	14.09
3365	47436	14.10
3366	47379	14.08
3367	49363	14.66
3368	50240	14.92
3369	47365	14.06
3370	48211	14.31
3371	47378	14.05
3372	49075	14.55
3373	47461	14.07
3374	47478	14.07
3375	58754	17.41
3376	48024	14.23
3377	48260	14.29
3378	47737	14.13
3379	47510	14.06
3380	52163	15.43
3381	54584	16.14
3382	47672	14.10
3383	48399	14.31
3384	47625	14.07
3385	49114	14.51
3386	47594	14.06
3387	75093	22.17
3388	75010	22.14
3389	69992	20.65
3390	55444	16.36
3391	55629	16.40
3392	53747	15.85
3393	47869	14.11
3394	47752	14.07
3395	47769	14.07
3396	48279	14.22
3397	47795	14.07
3398	47908	14.10
3399	47830	14.07
3400	48257	14.19
3401	55637	16.36
3402	47911	14.08
3403	47914	14.08
3404	48823	14.34
3405	50480	14.83
3406	48032	14.10
3407	48434	14.22
3408	48121	14.12
3409	50694	14.87
3410	49323	14.46
3411	49900	14.63
3412	50216	14.72
3413	52122	15.27
3414	48189	14.12
3415	48042	14.07
3416	48176	14.10
3417	49474	14.48
3418	65800	19.25
3419	48233	14.11
3420	51287	15.00
3421	48188	14.09
3422	50207	14.67
3423	49403	14.43
3424	50400	14.72
3425	48951	14.29
3426	50971	14.88
3427	48284	14.09
3428	48241	14.07
3429	49574	14.46
3430	48755	14.21
3431	49083	14.31
3432	49130	14.32
3433	48301	14.07
3434	49481	14.41
3435	48384	14.09
3436	50253	14.63
3437	48718	14.17
3438	48512	14.11
3439	48454	14.09
3440	49843	14.49
3441	48665	14.14
3442	48465	14.08
3443	48482	14.08
3444	48466	14.07
3445	54726	15.89
3446	48480	14.07
3447	48512	14.07
3448	50798	14.73
3449	48744	14.13
3450	48624	14.09
3451	48666	14.10
3452	48795	14.14
3453	48658	14.09
3454	51144	14.81
3455	50018	14.48
3456	59415	17.19
3457	59024	17.07
3458	49453	14.30
3459	50194	14.51
3460	59183	17.10
3461	49739	14.37
3462	50122	14.48
3463	49143	14.19
3464	49127	14.18
3465	49451	14.27
3466	50953	14.70
3467	50127	14.46
3468	48809	14.07
3469	48848	14.08
3470	49292	14.21
3471	48881	14.08
3472	50111	14.43
3473	51598	14.86
3474	50673	14.59
3475	48979	14.09
3476	48957	14.08
3477	50438	14.51
3478	52175	15.00
3479	49000	14.08
3480	48899	14.05
3481	50514	14.51
3482	49026	14.08
3483	49121	14.10
3484	49051	14.08
3485	51769	14.85
3486	49767	14.28
3487	49199	14.11
3488	50944	14.61
3489	50561	14.49
3490	51695	14.81
3491	51728	14.82
3492	50033	14.33
3493	50444	14.44
3494	50486	14.45
3495	49312	14.11
3496	51523	14.74
3497	50027	14.31
3498	50185	14.35
3499	50216	14.35
3500	49520	14.15
3501	49298	14.08
3502	51103	14.59
3503	50374	14.38
3504	50624	14.45
3505	49562	14.14
3506	49331	14.07
3507	49612	14.15
3508	49527	14.12
3509	49408	14.08
3510	49380	14.07
3511	53871	15.34
3512	54886	15.63
3513	49713	14.15
3514	51358	14.62
3515	57262	16.29
3516	50297	14.31
3517	49513	14.08
3518	49609	14.10
3519	51008	14.50
3520	50844	14.44
3521	51702	14.68
3522	50610	14.37
3523	50065	14.21
3524	50791	14.41
3525	49655	14.09
3526	52012	14.75
3527	54455	15.44
3528	50592	14.34
3529	50152	14.21
3530	49765	14.10
3531	51562	14.60
3532	58835	16.66
3533	51339	14.53
3534	50451	14.28
3535	50568	14.30
3536	49779	14.08
3537	51233	14.48
3538	50720	14.34
3539	49858	14.09
3540	50152	14.17
3541	49875	14.09
3542	49887	14.08
3543	51746	14.61
3544	49894	14.08
3545	49906	14.08
3546	49942	14.08
3547	50198	14.15
3548	57104	16.09
3549	49966	14.08
3550	50398	14.20
3551	50225	14.14
3552	51447	14.48
3553	50027	14.08
3554	50836	14.30
3555	53080	14.93
3556	50079	14.08
3557	51798	14.56
3558	50929	14.31
3559	50131	14.09
3560	50079	14.07
3561	50525	14.19
3562	53355	14.98
3563	50257	14.11
3564	50955	14.30
3565	53396	14.98
3566	50229	14.09
3567	54647	15.32
3568	50679	14.20
3569	52658	14.75
3570	50632	14.18
3571	50446	14.13
3572	51802	14.50
3573	50290	14.08
3574	51458	14.40
3575	50346	14.08
3576	51161	14.31
3577	50882	14.22
3578	52629	14.71
3579	50914	14.23
3580	50864	14.21
3581	50968	14.23
3582	50928	14.22
3583	51014	14.24
3584	50898	14.20
3585	51540	14.38
3586	53904	15.03
3587	51963	14.49
3588	50505	14.08
3589	50572	14.09
3590	50543	14.08
3591	50525	14.07
3592	50969	14.19
3593	54027	15.04
3594	50627	14.09
3595	50606	14.08
3596	50722	14.11
3597	52183	14.51
3598	56951	15.83
3599	52345	14.54
3600	52398	14.55
3601	50645	14.06
3602	51408	14.27
3603	53058	14.73
3604	51296	14.23
3605	50751	14.08
3606	50773	14.08
3607	50792	14.08
3608	52527	14.56
3609	50784	14.07
3610	52336	14.50
3611	56527	15.65
3612	60286	16.69
3613	51465	14.24
3614	50919	14.09
3615	51705	14.30
3616	52962	14.65
3617	73757	20.39
3618	52344	14.47
3619	51557	14.25
3620	50951	14.07
3621	52003	14.36
3622	52891	14.60
3623	51088	14.10
3624	51099	14.10
3625	51012	14.07
3626	51902	14.31
3627	51843	14.29
3628	51759	14.27
3629	53815	14.83
3630	51629	14.22
3631	51239	14.11
3632	52634	14.49
3633	51248	14.11
3634	54405	14.97
3635	51507	14.17
3636	58769	16.16
3637	51228	14.09
3638	52939	14.55
3639	55048	15.13
3640	53614	14.73
3641	51369	14.11
3642	53074	14.57
3643	51480	14.13
3644	51920	14.25
3645	54691	15.00
3646	51680	14.17
3647	51394	14.09
3648	51564	14.13
3649	54192	14.85
3650	53306	14.60
3651	51886	14.21
3652	51919	14.22
3653	51734	14.16
3654	51883	14.20
3655	51466	14.08
3656	52061	14.24
3657	52322	14.31
3658	52709	14.41
3659	51590	14.10
3660	54430	14.87
3661	51853	14.16
3662	52092	14.23
3663	56084	15.31
3664	51547	14.07
3665	51606	14.08
3666	51613	14.08
3667	53714	14.65
3668	51907	14.15
3669	51640	14.07
3670	51663	14.08
3671	54732	14.91
3672	52729	14.36
3673	51699	14.08
3674	52414	14.27
3675	53757	14.63
3676	52135	14.18
3677	52051	14.16
3678	51760	14.07
3679	51874	14.10
3680	52775	14.34
3681	56396	15.32
3682	51859	14.08
3683	54253	14.73
3684	55614	15.10
3685	53863	14.62
3686	52924	14.36
3687	55313	15.00
3688	53798	14.59
3689	52690	14.28
3690	51965	14.08
3691	51959	14.08
3692	54970	14.89
3693	52242	14.15
3694	52947	14.33
3695	52026	14.08
3696	52058	14.08
3697	53746	14.54
3698	52759	14.27
3699	52085	14.08
3700	52704	14.24
3701	52594	14.21
3702	53621	14.48
3703	53167	14.36
3704	55271	14.92
3705	52982	14.30
3706	52188	14.08
3707	52186	14.08
3708	53931	14.54
3709	53379	14.39
3710	52245	14.08
3711	52341	14.10
3712	62029	16.71
3713	52778	14.21
3714	53586	14.43
3715	52563	14.15
3716	61498	16.55
3717	52872	14.22
3718	52884	14.22
3719	53221	14.31
3720	54836	14.74
3721	52498	14.11
3722	53174	14.29
3723	60077	16.14
3724	52385	14.07
3725	52410	14.07
3726	54921	14.74
3727	56795	15.24
3728	53286	14.29
3729	53029	14.22
3730	53283	14.28
3731	56115	15.04
3732	53176	14.25
3733	53278	14.27
3734	53578	14.35
3735	53108	14.22
3736	55353	14.82
3737	52991	14.18
3738	52632	14.08
3739	52758	14.11
3740	52630	14.07
3741	52753	14.10
3742	52631	14.06
3743	56143	15.00
3744	55127	14.72
3745	53258	14.22
3746	53492	14.28
3747	54149	14.45
3748	52721	14.07
3749	52803	14.08
3750	52565	14.02
3751	52952	14.12
3752	52737	14.06
3753	53096	14.15
3754	56472	15.04
3755	54507	14.52
3756	53085	14.13
3757	53197	14.16
3758	54626	14.54
3759	52941	14.08
3760	54281	14.44
3761	53706	14.28
3762	53023	14.09
3763	53199	14.14
3764	53535	14.22
3765	53985	14.34
3766	53044	14.08
3767	53200	14.12
3768	53062	14.08
3769	54223	14.39
3770	53269	14.13
3771	53150	14.09
3772	53396	14.16
3773	53406	14.15
3774	55578	14.73
3775	53133	14.07
3776	53117	14.07
3777	53273	14.10
3778	57653	15.26
3779	53738	14.22
3780	53726	14.21
3781	54794	14.49
3782	53779	14.22
3783	58717	15.52
3784	60889	16.09
3785	58681	15.50
3786	58212	15.38
3787	57861	15.28
3788	64642	17.06
3789	58233	15.37
3790	54110	14.28
3791	53842	14.20
3792	54089	14.26
3793	56812	14.98
3794	55640	14.67
3795	54056	14.24
3796	53667	14.14
3797	53491	14.09
3798	56218	14.80
3799	54997	14.48
3800	54573	14.36
3801	53802	14.15
3802	54000	14.20
3803	53572	14.09
3804	59897	15.75
3805	70629	18.56
3806	70251	18.46
3807	61279	16.10
3808	53642	14.09
3809	53666	14.09
3810	75486	19.81
3811	64761	16.99
3812	67950	17.83
3813	79798	20.93
3814	58522	15.34
3815	64263	16.84
3816	55258	14.48
3817	53866	14.11
3818	54659	14.32
3819	55230	14.46
3820	53853	14.10
3821	56431	14.77
3822	59366	15.53
3823	53957	14.11
3824	53847	14.08
3825	54971	14.37
3826	57515	15.03
3827	55768	14.57
3828	56271	14.70
3829	53944	14.09
3830	54005	14.10
3831	55901	14.59
3832	60988	15.92
3833	54768	14.29
3834	54384	14.18
3835	55156	14.38
3836	54007	14.08
3837	55773	14.54
3838	56153	14.63
3839	56585	14.74
3840	56069	14.60
3841	55676	14.50
3842	56559	14.72
3843	55594	14.47
3844	54686	14.23
3845	55074	14.32
3846	54160	14.08
3847	61032	15.86
3848	63711	16.56
3849	69781	18.13
3850	54205	14.08
3851	54936	14.27
3852	55910	14.51
3853	56378	14.63
3854	54396	14.11
3855	54267	14.08
3856	54456	14.12
3857	54309	14.08
3858	55836	14.47
3859	54806	14.20
3860	54403	14.09
3861	54587	14.14
3862	58959	15.27
3863	54622	14.14
3864	57216	14.81
3865	55399	14.33
3866	54605	14.12
3867	54434	14.08
3868	55872	14.44
3869	55303	14.29
3870	54927	14.19
3871	54785	14.15
3872	55627	14.37
3873	55708	14.38
3874	55219	14.25
3875	54516	14.07
3876	54593	14.08
3877	57141	14.74
3878	62415	16.09
3879	54708	14.10
3880	54616	14.08
3881	59173	15.25
3882	54669	14.08
3883	54658	14.08
3884	55449	14.28
3885	56720	14.60
3886	59423	15.29
3887	63255	16.27
3888	55326	14.23
3889	54761	14.08
3890	57065	14.67
3891	60684	15.60
3892	54843	14.09
3893	54811	14.08
3894	54974	14.12
3895	56452	14.49
3896	54855	14.08
3897	56860	14.59
3898	55742	14.30
3899	55450	14.22
3900	54978	14.10
3901	59333	15.21
3902	65160	16.70
3903	59145	15.15
3904	55655	14.26
3905	55156	14.12
3906	56576	14.48
3907	56569	14.48
3908	55156	14.11
3909	55001	14.07
3910	55410	14.17
3911	72395	18.51
3912	55847	14.28
3913	66734	17.05
3914	60870	15.55
3915	55374	14.14
3916	55823	14.26
3917	56253	14.36
3918	57728	14.73
3919	56221	14.35
3920	58028	14.80
3921	55210	14.08
3922	55640	14.19
3923	56866	14.50
3924	56434	14.38
3925	55992	14.27
3926	55238	14.07
3927	56889	14.49
3928	55284	14.07
3929	57233	14.57
3930	58824	14.97
3931	55296	14.07
3932	55463	14.11
3933	55383	14.08
3934	58330	14.83
3935	60080	15.27
3936	56889	14.45
3937	55952	14.21
3938	57114	14.50
3939	55749	14.15
3940	58444	14.83
3941	56794	14.41
3942	56110	14.23
3943	56178	14.25
3944	55616	14.10
3945	56570	14.34
3946	55541	14.08
3947	56460	14.30
3948	55892	14.16
3949	59432	15.05
3950	57210	14.48
3951	57726	14.61
3952	56369	14.26
3953	55734	14.10
3954	55734	14.10
3955	56459	14.28
3956	56604	14.31
3957	56244	14.21
3958	55917	14.13
3959	56815	14.35
3960	57258	14.46
3961	55743	14.07
3962	56794	14.33
3963	59703	15.07
3964	55851	14.09
3965	55902	14.10
3966	55879	14.09
3967	57559	14.51
3968	55861	14.08
3969	66202	16.68
3970	57019	14.36
3971	56502	14.23
3972	58024	14.61
3973	61349	15.44
3974	56051	14.10
3975	56371	14.18
3976	56023	14.09
3977	56966	14.32
3978	56568	14.22
3979	57108	14.35
3980	57698	14.50
3981	56068	14.08
3982	55993	14.06
3983	56066	14.08
3984	55993	14.05
3985	56277	14.12
3986	56206	14.10
3987	56205	14.10
3988	56696	14.22
3989	62521	15.67
3990	56912	14.26
3991	56171	14.07
3992	57751	14.47
3993	56261	14.09
3994	58149	14.56
3995	57097	14.29
3996	56145	14.05
3997	58930	14.74
3998	60166	15.05
3999	66329	16.59
4000	57468	14.37
