N	Total Time	Average CPE
1	451	451.00
2	103	51.50
3	114	38.00
4	132	33.00
5	146	29.20
6	167	27.83
7	184	26.29
8	1336	167.00
9	229	25.44
10	250	25.00
11	270	24.55
12	294	24.50
13	317	24.38
14	339	24.21
15	361	24.07
16	384	24.00
17	672	39.53
18	665	36.94
19	680	35.79
20	704	35.20
21	721	34.33
22	748	34.00
23	772	33.57
24	793	33.04
25	817	32.68
26	828	31.85
27	846	31.33
28	862	30.79
29	876	30.21
30	895	29.83
31	909	29.32
32	924	28.88
33	1249	37.85
34	1237	36.38
35	1254	35.83
36	1268	35.22
37	1286	34.76
38	1304	34.32
39	1318	33.79
40	1339	33.48
41	1199	29.24
42	1200	28.57
43	1215	28.26
44	1239	28.16
45	1260	28.00
46	1271	27.63
47	1292	27.49
48	1310	27.29
49	1324	27.02
50	1370	27.40
51	1386	27.18
52	1403	26.98
53	1421	26.81
54	1437	26.61
55	1454	26.44
56	1473	26.30
57	1495	26.23
58	1509	26.02
59	1532	25.97
60	2071	34.52
61	1597	26.18
62	1584	25.55
63	1714	27.21
64	1621	25.33
65	1947	29.95
66	1942	29.42
67	1964	29.31
68	1980	29.12
69	1999	28.97
70	2026	28.94
71	2043	28.77
72	2061	28.62
73	2133	29.22
74	2156	29.14
75	2176	29.01
76	2201	28.96
77	2219	28.82
78	2237	28.68
79	2262	28.63
80	2307	28.84
81	2323	28.68
82	2346	28.61
83	2368	28.53
84	2382	28.36
85	2409	28.34
86	2428	28.23
87	2454	28.21
88	2468	28.05
89	2500	28.09
90	2518	27.98
91	2541	27.92
92	2569	27.92
93	2583	27.77
94	2614	27.81
95	2635	27.74
96	2684	27.96
97	2696	27.79
98	2720	27.76
99	2746	27.74
100	6143	61.43
101	2702	26.75
102	2722	26.69
103	2744	26.64
104	2768	26.62
105	2792	26.59
106	2835	26.75
107	2888	26.99
108	2900	26.85
109	2922	26.81
110	2948	26.80
111	2968	26.74
112	2991	26.71
113	3022	26.74
114	3043	26.69
115	3072	26.71
116	3096	26.69
117	3453	29.51
118	3479	29.48
119	3176	26.69
120	3198	26.65
121	3224	26.64
122	3252	26.66
123	3300	26.83
124	3331	26.86
125	3351	26.81
126	3380	26.83
127	3403	26.80
128	3434	26.83
129	3918	30.37
130	3729	28.68
131	3755	28.66
132	3780	28.64
133	3809	28.64
134	3834	28.61
135	3880	28.74
136	3911	28.76
137	3931	28.69
138	3961	28.70
139	7261	52.24
140	3948	28.20
141	3969	28.15
142	4025	28.35
143	4040	28.25
144	4077	28.31
145	4177	28.81
146	4127	28.27
147	5607	38.14
148	4180	28.24
149	4210	28.26
150	4239	28.26
151	4268	28.26
152	4297	28.27
153	4326	28.27
154	4350	28.25
155	4376	28.23
156	4408	28.26
157	4440	28.28
158	4489	28.41
159	4510	28.36
160	4541	28.38
161	4568	28.37
162	4593	28.35
163	4629	28.40
164	4649	28.35
165	4682	28.38
166	4778	28.78
167	6050	36.23
168	4778	28.44
169	6644	39.31
170	4854	28.55
171	7102	41.53
172	4894	28.45
173	4919	28.43
174	4971	28.57
175	5003	28.59
176	5030	28.58
177	5055	28.56
178	5087	28.58
179	5118	28.59
180	5144	28.58
181	5175	28.59
182	5209	28.62
183	5245	28.66
184	5272	28.65
185	5301	28.65
186	5327	28.64
187	5357	28.65
188	5392	28.68
189	5423	28.69
190	5478	28.83
191	5506	28.83
192	5541	28.86
193	5567	28.84
194	5603	28.88
195	5701	29.24
196	5671	28.93
197	5699	28.93
198	5733	28.95
199	5762	28.95
200	7567	37.84
201	5896	29.33
202	6531	32.33
203	5966	29.39
204	6001	29.42
205	7175	35.00
206	6288	30.52
207	6121	29.57
208	6148	29.56
209	6231	29.81
210	6223	29.63
211	6249	29.62
212	6303	29.73
213	8683	40.77
214	6402	29.92
215	6312	29.36
216	7693	35.62
217	6427	29.62
218	6453	29.60
219	6487	29.62
220	7082	32.19
221	6578	29.76
222	6610	29.77
223	6645	29.80
224	6679	29.82
225	6708	29.81
226	6744	29.84
227	6779	29.86
228	6812	29.88
229	6849	29.91
230	6885	29.93
231	6917	29.94
232	6949	29.95
233	6981	29.96
234	7037	30.07
235	7064	30.06
236	7093	30.06
237	7152	30.18
238	7180	30.17
239	7214	30.18
240	7250	30.21
241	7281	30.21
242	7319	30.24
243	7353	30.26
244	7382	30.25
245	7420	30.29
246	7462	30.33
247	7500	30.36
248	7532	30.37
249	7564	30.38
250	9120	36.48
251	8501	33.87
252	7679	30.47
253	7759	30.67
254	7929	31.22
255	7840	30.75
256	7957	31.08
257	8255	32.12
258	8390	32.52
259	8407	32.46
260	8432	32.43
261	8475	32.47
262	10034	38.30
263	11409	43.38
264	8541	32.35
265	8551	32.27
266	8605	32.35
267	8672	32.48
268	8929	33.32
269	9537	35.45
270	9443	34.97
271	9331	34.43
272	9278	34.11
273	9533	34.92
274	11112	40.55
275	9598	34.90
276	10618	38.47
277	9091	32.82
278	12164	43.76
279	11533	41.34
280	9173	32.76
281	9222	32.82
282	9267	32.86
283	9296	32.85
284	9363	32.97
285	9398	32.98
286	9441	33.01
287	9481	33.03
288	9531	33.09
289	9566	33.10
290	9611	33.14
291	9639	33.12
292	9708	33.25
293	9740	33.24
294	9785	33.28
295	9823	33.30
296	9869	33.34
297	11515	38.77
298	10614	35.62
299	14491	48.46
300	11798	39.33
301	13686	45.47
302	10678	35.36
303	11117	36.69
304	11581	38.10
305	16412	53.81
306	11952	39.06
307	10812	35.22
308	10771	34.97
309	10489	33.94
310	10528	33.96
311	10570	33.99
312	10612	34.01
313	10656	34.04
314	10693	34.05
315	10735	34.08
316	10794	34.16
317	10841	34.20
318	10885	34.23
319	10932	34.27
320	10967	34.27
321	11002	34.27
322	11054	34.33
323	11094	34.35
324	11132	34.36
325	11185	34.42
326	11226	34.44
327	11264	34.45
328	11299	34.45
329	11339	34.47
330	12019	36.42
331	11365	34.34
332	11445	34.47
333	11488	34.50
334	11535	34.54
335	11586	34.59
336	11629	34.61
337	11674	34.64
338	11728	34.70
339	11802	34.81
340	14794	43.51
341	14127	41.43
342	12763	37.32
343	12463	36.34
344	12465	36.24
345	12127	35.15
346	13017	37.62
347	12554	36.18
348	13080	37.59
349	12464	35.71
350	12553	35.87
351	12637	36.00
352	12831	36.45
353	12863	36.44
354	12901	36.44
355	12955	36.49
356	14544	40.85
357	12782	35.80
358	12781	35.70
359	13993	38.98
360	13223	36.73
361	13252	36.71
362	13298	36.73
363	13343	36.76
364	13416	36.86
365	13458	36.87
366	13520	36.94
367	13550	36.92
368	15318	41.62
369	13636	36.95
370	13686	36.99
371	13721	36.98
372	13774	37.03
373	13880	37.21
374	13859	37.06
375	13909	37.09
376	13950	37.10
377	14005	37.15
378	14919	39.47
379	14206	37.48
380	14256	37.52
381	14306	37.55
382	15780	41.31
383	14400	37.60
384	14454	37.64
385	14727	38.25
386	16481	42.70
387	14834	38.33
388	15823	40.78
389	15569	40.02
390	14488	37.15
391	14321	36.63
392	14367	36.65
393	14422	36.70
394	14475	36.74
395	14507	36.73
396	14588	36.84
397	14625	36.84
398	14674	36.87
399	14720	36.89
400	17299	43.25
401	16099	40.15
402	27756	69.04
403	22201	55.09
404	15308	37.89
405	15371	37.95
406	15403	37.94
407	15479	38.03
408	16840	41.27
409	15562	38.05
410	15600	38.05
411	15682	38.16
412	15725	38.17
413	15768	38.18
414	15833	38.24
415	15895	38.30
416	15920	38.27
417	15969	38.29
418	16016	38.32
419	20368	48.61
420	16178	38.52
421	16968	40.30
422	21138	50.09
423	18873	44.62
424	19470	45.92
425	16497	38.82
426	17506	41.09
427	17174	40.22
428	16644	38.89
429	16680	38.88
430	18332	42.63
431	16679	38.70
432	16737	38.74
433	16771	38.73
434	16825	38.77
435	17429	40.07
436	16959	38.90
437	17006	38.92
438	17067	38.97
439	17107	38.97
440	17232	39.16
441	17210	39.02
442	17260	39.05
443	17336	39.13
444	17375	39.13
445	17424	39.16
446	18609	41.72
447	17661	39.51
448	17820	39.78
449	17563	39.12
450	17621	39.16
451	20075	44.51
452	17921	39.65
453	17829	39.36
454	17875	39.37
455	17931	39.41
456	17979	39.43
457	18030	39.45
458	18076	39.47
459	18457	40.21
460	18200	39.57
461	18259	39.61
462	18302	39.61
463	18399	39.74
464	18425	39.71
465	18459	39.70
466	18515	39.73
467	18582	39.79
468	18631	39.81
469	20290	43.26
470	19292	41.05
471	18786	39.89
472	18836	39.91
473	18892	39.94
474	18948	39.97
475	19036	40.08
476	19149	40.23
477	19147	40.14
478	19193	40.15
479	19239	40.16
480	19306	40.22
481	19348	40.22
482	19410	40.27
483	20220	41.86
484	19514	40.32
485	19553	40.32
486	19621	40.37
487	19659	40.37
488	20555	42.12
489	19768	40.43
490	19824	40.46
491	19917	40.56
492	19970	40.59
493	20170	40.91
494	20075	40.64
495	20128	40.66
496	20185	40.70
497	20212	40.67
498	20294	40.75
499	20349	40.78
500	21288	42.58
501	20528	40.97
502	20570	40.98
503	20611	40.98
504	20683	41.04
505	20747	41.08
506	21203	41.90
507	20777	40.98
508	20834	41.01
509	22765	44.72
510	24321	47.69
511	21004	41.10
512	21077	41.17
513	21207	41.34
514	20903	40.67
515	20993	40.76
516	24939	48.33
517	24902	48.17
518	21553	41.61
519	21600	41.62
520	21679	41.69
521	21788	41.82
522	21832	41.82
523	26159	50.02
524	22344	42.64
525	21751	41.43
526	21807	41.46
527	21881	41.52
528	24187	45.81
529	22270	42.10
530	22336	42.14
531	22814	42.96
532	22480	42.26
533	22521	42.25
534	22610	42.34
535	22665	42.36
536	22743	42.43
537	23093	43.00
538	22842	42.46
539	22926	42.53
540	23003	42.60
541	29091	53.77
542	22785	42.04
543	22844	42.07
544	22899	42.09
545	22963	42.13
546	23016	42.15
547	23077	42.19
548	23947	43.70
549	24275	44.22
550	23375	42.50
551	23433	42.53
552	23492	42.56
553	23520	42.53
554	23595	42.59
555	24123	43.46
556	23730	42.68
557	26591	47.74
558	28544	51.15
559	29218	52.27
560	28855	51.53
561	24431	43.55
562	24533	43.65
563	24609	43.71
564	24643	43.69
565	24711	43.74
566	26038	46.00
567	24376	42.99
568	25271	44.49
569	26497	46.57
570	27808	48.79
571	28164	49.32
572	27467	48.02
573	25208	43.99
574	25424	44.29
575	25368	44.12
576	25397	44.09
577	25465	44.13
578	25662	44.40
579	25591	44.20
580	25672	44.26
581	25739	44.30
582	25812	44.35
583	26355	45.21
584	25662	43.94
585	25744	44.01
586	26722	45.60
587	25809	43.97
588	26210	44.57
589	26220	44.52
590	29047	49.23
591	26363	44.61
592	26424	44.64
593	26475	44.65
594	26553	44.70
595	30255	50.85
596	26735	44.86
597	26727	44.77
598	42624	71.28
599	28862	48.18
600	27420	45.70
601	26768	44.54
602	26804	44.52
603	26913	44.63
604	27571	45.65
605	27050	44.71
606	27096	44.71
607	27170	44.76
608	27227	44.78
609	27294	44.82
610	27349	44.83
611	28095	45.98
612	27494	44.92
613	29042	47.38
614	29334	47.78
615	28228	45.90
616	34173	55.48
617	29698	48.13
618	29155	47.18
619	27910	45.09
620	27972	45.12
621	28050	45.17
622	28107	45.19
623	28169	45.22
624	28228	45.24
625	28279	45.25
626	28358	45.30
627	28478	45.42
628	28485	45.36
629	29133	46.32
630	30406	48.26
631	29016	45.98
632	29211	46.22
633	29150	46.05
634	32383	51.08
635	29048	45.74
636	29077	45.72
637	31683	49.74
638	29116	45.64
639	29170	45.65
640	29251	45.70
641	33289	51.93
642	30438	47.41
643	29931	46.55
644	29517	45.83
645	31194	48.36
646	35943	55.64
647	32997	51.00
648	29796	45.98
649	29867	46.02
650	29932	46.05
651	30005	46.09
652	30099	46.16
653	30159	46.19
654	31238	47.76
655	31401	47.94
656	30721	46.83
657	34835	53.02
658	37158	56.47
659	32710	49.64
660	30638	46.42
661	30714	46.47
662	30784	46.50
663	30837	46.51
664	31672	47.70
665	31003	46.62
666	31182	46.82
667	31177	46.74
668	31243	46.77
669	31293	46.78
670	32584	48.63
671	33014	49.20
672	31642	47.09
673	31714	47.12
674	31763	47.13
675	38099	56.44
676	32285	47.76
677	31833	47.02
678	31922	47.08
679	31983	47.10
680	32053	47.14
681	32118	47.16
682	32233	47.26
683	32290	47.28
684	32385	47.35
685	32828	47.92
686	32548	47.45
687	34065	49.59
688	32712	47.55
689	32772	47.56
690	32831	47.58
691	32892	47.60
692	33770	48.80
693	34364	49.59
694	33102	47.70
695	33177	47.74
696	33343	47.91
697	37600	53.95
698	36334	52.05
699	33581	48.04
700	35797	51.14
701	34126	48.68
702	34122	48.61
703	34254	48.73
704	34249	48.65
705	34296	48.65
706	34390	48.71
707	37762	53.41
708	34740	49.07
709	34182	48.21
710	34285	48.29
711	34360	48.33
712	36759	51.63
713	34903	48.95
714	36660	51.34
715	35999	50.35
716	34754	48.54
717	34841	48.59
718	37044	51.59
719	35452	49.31
720	35519	49.33
721	35566	49.33
722	35637	49.36
723	35694	49.37
724	35794	49.44
725	35855	49.46
726	37400	51.52
727	38032	52.31
728	37783	51.90
729	36110	49.53
730	37999	52.05
731	35882	49.09
732	35966	49.13
733	36069	49.21
734	36144	49.24
735	36205	49.26
736	38319	52.06
737	41102	55.77
738	44214	59.91
739	38713	52.39
740	36931	49.91
741	36850	49.73
742	36815	49.62
743	36864	49.62
744	36983	49.71
745	37051	49.73
746	37164	49.82
747	37223	49.83
748	37387	49.98
749	42749	57.07
750	38617	51.49
751	42825	57.02
752	40180	53.43
753	37831	50.24
754	37865	50.22
755	37941	50.25
756	38051	50.33
757	38100	50.33
758	38192	50.39
759	40579	53.46
760	38304	50.40
761	38399	50.46
762	39897	52.36
763	41013	53.75
764	38972	51.01
765	43121	56.37
766	38779	50.63
767	38877	50.69
768	42412	55.22
769	42695	55.52
770	39366	51.12
771	39412	51.12
772	39522	51.19
773	39536	51.15
774	39662	51.24
775	40890	52.76
776	40090	51.66
777	39961	51.43
778	42594	54.75
779	39901	51.22
780	41691	53.45
781	43947	56.27
782	43682	55.86
783	40080	51.19
784	40172	51.24
785	40261	51.29
786	40245	51.20
787	40756	51.79
788	40412	51.28
789	40452	51.27
790	40566	51.35
791	40628	51.36
792	40711	51.40
793	42726	53.88
794	42897	54.03
795	41565	52.28
796	41543	52.19
797	41645	52.25
798	46792	58.64
799	42709	53.45
800	42499	53.12
801	41573	51.90
802	41747	52.05
803	41735	51.97
804	41817	52.01
805	42100	52.30
806	43405	53.85
807	43953	54.46
808	42603	52.73
809	42692	52.77
810	44965	55.51
811	45767	56.43
812	42962	52.91
813	42639	52.45
814	42917	52.72
815	43281	53.11
816	43605	53.44
817	43432	53.16
818	43544	53.23
819	43671	53.32
820	43790	53.40
821	45243	55.11
822	43919	53.43
823	49320	59.93
824	49009	59.48
825	46794	56.72
826	44388	53.74
827	45081	54.51
828	44294	53.50
829	44287	53.42
830	44388	53.48
831	51420	61.88
832	46644	56.06
833	44805	53.79
834	44894	53.83
835	44935	53.81
836	45042	53.88
837	45123	53.91
838	47421	56.59
839	45297	53.99
840	52082	62.00
841	47696	56.71
842	45192	53.67
843	45290	53.72
844	46920	55.59
845	46032	54.48
846	45974	54.34
847	46049	54.37
848	47211	55.67
849	45718	53.85
850	45835	53.92
851	45919	53.96
852	48613	57.06
853	46455	54.46
854	46835	54.84
855	46605	54.51
856	49457	57.78
857	51639	60.26
858	46944	54.71
859	47049	54.77
860	47136	54.81
861	47203	54.82
862	47308	54.88
863	47398	54.92
864	47486	54.96
865	50443	58.32
866	47192	54.49
867	47393	54.66
868	47347	54.55
869	47441	54.59
870	48498	55.74
871	47660	54.72
872	47744	54.75
873	54368	62.28
874	49752	56.92
875	48467	55.39
876	48576	55.45
877	48624	55.44
878	50551	57.58
879	48305	54.95
880	48541	55.16
881	54970	62.40
882	48575	55.07
883	48662	55.11
884	48740	55.14
885	48818	55.16
886	48916	55.21
887	49005	55.25
888	49362	55.59
889	50700	57.03
890	49307	55.40
891	49398	55.44
892	51489	57.72
893	49471	55.40
894	50687	56.70
895	49984	55.85
896	50001	55.80
897	51268	57.15
898	56247	62.64
899	50105	55.73
900	51061	56.73
901	50347	55.88
902	50432	55.91
903	50533	55.96
904	53556	59.24
905	50683	56.00
906	52074	57.48
907	55886	61.62
908	51624	56.85
909	51727	56.91
910	51767	56.89
911	51820	56.88
912	52150	57.18
913	51991	56.95
914	52154	57.06
915	53614	58.59
916	52275	57.07
917	54700	59.65
918	52805	57.52
919	54256	59.04
920	52382	56.94
921	52127	56.60
922	52168	56.58
923	52267	56.63
924	53511	57.91
925	58859	63.63
926	60831	65.69
927	52665	56.81
928	52726	56.82
929	53641	57.74
930	57761	62.11
931	56941	61.16
932	53672	57.59
933	56151	60.18
934	53789	57.59
935	53899	57.65
936	53973	57.66
937	54029	57.66
938	54226	57.81
939	57028	60.73
940	63152	67.18
941	64791	68.85
942	60219	63.93
943	55830	59.20
944	54921	58.18
945	55539	58.77
946	54997	58.14
947	55034	58.11
948	55159	58.18
949	55208	58.17
950	56780	59.77
951	56767	59.69
952	58614	61.57
953	56733	59.53
954	56263	58.98
955	55802	58.43
956	57774	60.43
957	57144	59.71
958	56293	58.76
959	56193	58.60
960	57875	60.29
961	58482	60.86
962	60543	62.93
963	56635	58.81
964	56650	58.77
965	58888	61.02
966	56338	58.32
967	56409	58.33
968	56520	58.39
969	56951	58.77
970	58300	60.10
971	58527	60.27
972	58910	60.61
973	57539	59.14
974	58565	60.13
975	62519	64.12
976	57881	59.30
977	57957	59.32
978	59276	60.61
979	58138	59.39
980	58250	59.44
981	58237	59.36
982	65471	66.67
983	57982	58.98
984	58074	59.02
985	58198	59.08
986	59237	60.08
987	62827	63.65
988	59150	59.87
989	59293	59.95
990	60809	61.42
991	59218	59.76
992	59501	59.98
993	59381	59.80
994	61225	61.59
995	59670	59.97
996	59765	60.01
997	63020	63.21
998	61541	61.66
999	60055	60.12
1000	61207	61.21
1001	60495	60.43
1002	60451	60.33
1003	60398	60.22
1004	59986	59.75
1005	71244	70.89
1006	60219	59.86
1007	60311	59.89
1008	60884	60.40
1009	60638	60.10
1010	61683	61.07
1011	62194	61.52
1012	62708	61.96
1013	62292	61.49
1014	61606	60.76
1015	61714	60.80
1016	61907	60.93
1017	62017	60.98
1018	62022	60.93
1019	62014	60.86
1020	62138	60.92
1021	74779	73.24
1022	66495	65.06
1023	62390	60.99
1024	62508	61.04
1025	63419	61.87
1026	63699	62.08
1027	63322	61.66
1028	64768	63.00
1029	63468	61.68
1030	68793	66.79
1031	68084	66.04
1032	63445	61.48
1033	63524	61.49
1034	63717	61.62
1035	63748	61.59
1036	73614	71.06
1037	64180	61.89
1038	71186	68.58
1039	67739	65.20
1040	67042	64.46
1041	64624	62.08
1042	64710	62.10
1043	64790	62.12
1044	65637	62.87
1045	65030	62.23
1046	66562	63.63
1047	66642	63.65
1048	67866	64.76
1049	65019	61.98
1050	66563	63.39
1051	65165	62.00
1052	67573	64.23
1053	65430	62.14
1054	66193	62.80
1055	65652	62.23
1056	65708	62.22
1057	70658	66.85
1058	66469	62.83
1059	70739	66.80
1060	67385	63.57
1061	66739	62.90
1062	69727	65.66
1063	66489	62.55
1064	67508	63.45
1065	66564	62.50
1066	68204	63.98
1067	67020	62.81
1068	70496	66.01
1069	67162	62.83
1070	68457	63.98
1071	67320	62.86
1072	67431	62.90
1073	71457	66.60
1074	68189	63.49
1075	67850	63.12
1076	67956	63.16
1077	69449	64.48
1078	69134	64.13
1079	68297	63.30
1080	71050	65.79
1081	68792	63.64
1082	68752	63.54
1083	68978	63.69
1084	70221	64.78
1085	70292	64.79
1086	68840	63.39
1087	68939	63.42
1088	69146	63.55
1089	69727	64.03
1090	69290	63.57
1091	72091	66.08
1092	73294	67.12
1093	69574	63.65
1094	69719	63.73
1095	72391	66.11
1096	69983	63.85
1097	71538	65.21
1098	85990	78.32
1099	74037	67.37
1100	72478	65.89
1101	71105	64.58
1102	70996	64.42
1103	71223	64.57
1104	72601	65.76
1105	71279	64.51
1106	74981	67.79
1107	71476	64.57
1108	77124	69.61
1109	72032	64.95
1110	71906	64.78
1111	72533	65.29
1112	72083	64.82
1113	72234	64.90
1114	73744	66.20
1115	72541	65.06
1116	79831	71.53
1117	73564	65.86
1118	72296	64.67
1119	78147	69.84
1120	76388	68.20
1121	72753	64.90
1122	72747	64.84
1123	74421	66.27
1124	73825	65.68
1125	75464	67.08
1126	81586	72.46
1127	76008	67.44
1128	73999	65.60
1129	73943	65.49
1130	73580	65.12
1131	74618	65.98
1132	75243	66.47
1133	75553	66.68
1134	74717	65.89
1135	74291	65.45
1136	74346	65.45
1137	75471	66.38
1138	74885	65.80
1139	81648	71.68
1140	76064	66.72
1141	74876	65.62
1142	80482	70.47
1143	78789	68.93
1144	75477	65.98
1145	75727	66.14
1146	75704	66.06
1147	76043	66.30
1148	77549	67.55
1149	79586	69.27
1150	77905	67.74
1151	75973	66.01
1152	76068	66.03
1153	76791	66.60
1154	76340	66.15
1155	80158	69.40
1156	82462	71.33
1157	77185	66.71
1158	78067	67.42
1159	82393	71.09
1160	79442	68.48
1161	77186	66.48
1162	80255	69.07
1163	77433	66.58
1164	77528	66.60
1165	77657	66.66
1166	77822	66.74
1167	79611	68.22
1168	77927	66.72
1169	79100	67.66
1170	78775	67.33
1171	94268	80.50
1172	78959	67.37
1173	78914	67.28
1174	79048	67.33
1175	79992	68.08
1176	87265	74.20
1177	82972	70.49
1178	80536	68.37
1179	81382	69.03
1180	79577	67.44
1181	80007	67.75
1182	81111	68.62
1183	80209	67.80
1184	80460	67.96
1185	81528	68.80
1186	80267	67.68
1187	80285	67.64
1188	81129	68.29
1189	80464	67.67
1190	81612	68.58
1191	80697	67.76
1192	80841	67.82
1193	80993	67.89
1194	81136	67.95
1195	81191	67.94
1196	81833	68.42
1197	81711	68.26
1198	81556	68.08
1199	83517	69.66
1200	91566	76.31
1201	82696	68.86
1202	82044	68.26
1203	82038	68.19
1204	82229	68.30
1205	83315	69.14
1206	82409	68.33
1207	82514	68.36
1208	82624	68.40
1209	89095	73.69
1210	84684	69.99
1211	83023	68.56
1212	83151	68.61
1213	83282	68.66
1214	85311	70.27
1215	86449	71.15
1216	91785	75.48
1217	96409	79.22
1218	84641	69.49
1219	84837	69.60
1220	85630	70.19
1221	85060	69.66
1222	86648	70.91
1223	88357	72.25
1224	93270	76.20
1225	92267	75.32
1226	85021	69.35
1227	86561	70.55
1228	85528	69.65
1229	85746	69.77
1230	87751	71.34
1231	88939	72.25
1232	85725	69.58
1233	86548	70.19
1234	86528	70.12
1235	86203	69.80
1236	96187	77.82
1237	86899	70.25
1238	87044	70.31
1239	94079	75.93
1240	88691	71.53
1241	92734	74.73
1242	87560	70.50
1243	89510	72.01
1244	87093	70.01
1245	87695	70.44
1246	94418	75.78
1247	104909	84.13
1248	87994	70.51
1249	88007	70.46
1250	87779	70.22
1251	91132	72.85
1252	89287	71.32
1253	97882	78.12
1254	104014	82.95
1255	103853	82.75
1256	90462	72.02
1257	99180	78.90
1258	91842	73.01
1259	89124	70.79
1260	97991	77.77
1261	114877	91.10
1262	95502	75.68
1263	102290	80.99
1264	91863	72.68
1265	90540	71.57
1266	90542	71.52
1267	98786	77.97
1268	92538	72.98
1269	92731	73.07
1270	91108	71.74
1271	90543	71.24
1272	92127	72.43
1273	90783	71.31
1274	92790	72.83
1275	95555	74.95
1276	92981	72.87
1277	92244	72.23
1278	92125	72.09
1279	92408	72.25
1280	94795	74.06
1281	91810	71.67
1282	94005	73.33
1283	92059	71.75
1284	92271	71.86
1285	103334	80.42
1286	92357	71.82
1287	92491	71.87
1288	93919	72.92
1289	117822	91.41
1290	113981	88.36
1291	97681	75.66
1292	95052	73.57
1293	99830	77.21
1294	94750	73.22
1295	95262	73.56
1296	95171	73.43
1297	98678	76.08
1298	93973	72.40
1299	99902	76.91
1300	96939	74.57
1301	96688	74.32
1302	95117	73.05
1303	98851	75.86
1304	94622	72.56
1305	95090	72.87
1306	99974	76.55
1307	95330	72.94
1308	95693	73.16
1309	96013	73.35
1310	97637	74.53
1311	103286	78.78
1312	96581	73.61
1313	97490	74.25
1314	109194	83.10
1315	97232	73.94
1316	101368	77.03
1317	103756	78.78
1318	101259	76.83
1319	96634	73.26
1320	97915	74.18
1321	97478	73.79
1322	96987	73.36
1323	99979	75.57
1324	98533	74.42
1325	97987	73.95
1326	98092	73.98
1327	98850	74.49
1328	99217	74.71
1329	97751	73.55
1330	103090	77.51
1331	106889	80.31
1332	98137	73.68
1333	98193	73.66
1334	99078	74.27
1335	98585	73.85
1336	98570	73.78
1337	101281	75.75
1338	99733	74.54
1339	101219	75.59
1340	99098	73.95
1341	100310	74.80
1342	106221	79.15
1343	104091	77.51
1344	103119	76.73
1345	101846	75.72
1346	100985	75.03
1347	100803	74.84
1348	102341	75.92
1349	101294	75.09
1350	101847	75.44
1351	101175	74.89
1352	101330	74.95
1353	102087	75.45
1354	105121	77.64
1355	101898	75.20
1356	103539	76.36
1357	109208	80.48
1358	103418	76.15
1359	102526	75.44
1360	102698	75.51
1361	104770	76.98
1362	102669	75.38
1363	105088	77.10
1364	102121	74.87
1365	102406	75.02
1366	104845	76.75
1367	103126	75.44
1368	102775	75.13
1369	105008	76.70
1370	103811	75.77
1371	105650	77.06
1372	103219	75.23
1373	103409	75.32
1374	104649	76.16
1375	104810	76.23
1376	104657	76.06
1377	110967	80.59
1378	105487	76.55
1379	105161	76.26
1380	105213	76.24
1381	107699	77.99
1382	105470	76.32
1383	111269	80.45
1384	105877	76.50
1385	106698	77.04
1386	114013	82.26
1387	105876	76.33
1388	105494	76.00
1389	114908	82.73
1390	108031	77.72
1391	113695	81.74
1392	126810	91.10
1393	115297	82.77
1394	106908	76.69
1395	109099	78.21
1396	112562	80.63
1397	108102	77.38
1398	107526	76.91
1399	111636	79.80
1400	107885	77.06
1401	109171	77.92
1402	115680	82.51
1403	107222	76.42
1404	107338	76.45
1405	107904	76.80
1406	109132	77.62
1407	110690	78.67
1408	108079	76.76
1409	109657	77.83
1410	109091	77.37
1411	110590	78.38
1412	111867	79.23
1413	122237	86.51
1414	117333	82.98
1415	112620	79.59
1416	111631	78.84
1417	110843	78.22
1418	112818	79.56
1419	113458	79.96
1420	110250	77.64
1421	114276	80.42
1422	114296	80.38
1423	118084	82.98
1424	111186	78.08
1425	114532	80.37
1426	117566	82.44
1427	113322	79.41
1428	112829	79.01
1429	110870	77.59
1430	112439	78.63
1431	115317	80.58
1432	111977	78.20
1433	122055	85.17
1434	113924	79.44
1435	111626	77.79
1436	112065	78.04
1437	113261	78.82
1438	120113	83.53
1439	113025	78.54
1440	113156	78.58
1441	113298	78.62
1442	114799	79.61
1443	117472	81.41
1444	112903	78.19
1445	113062	78.24
1446	114024	78.85
1447	115005	79.48
1448	117820	81.37
1449	115434	79.66
1450	119308	82.28
1451	116937	80.59
1452	116199	80.03
1453	119617	82.32
1454	130117	89.49
1455	132777	91.26
1456	116004	79.67
1457	115246	79.10
1458	117157	80.35
1459	115171	78.94
1460	119790	82.05
1461	117298	80.29
1462	117486	80.36
1463	118156	80.76
1464	121313	82.86
1465	116789	79.72
1466	118036	80.52
1467	122089	83.22
1468	116497	79.36
1469	116291	79.16
1470	118610	80.69
1471	119057	80.94
1472	120074	81.57
1473	118044	80.14
1474	118023	80.07
1475	125940	85.38
1476	120841	81.87
1477	118900	80.50
1478	124077	83.95
1479	117904	79.72
1480	117798	79.59
1481	121058	81.74
1482	119784	80.83
1483	120645	81.35
1484	119210	80.33
1485	127949	86.16
1486	118637	79.84
1487	120059	80.74
1488	120516	80.99
1489	119089	79.98
1490	119244	80.03
1491	121619	81.57
1492	119503	80.10
1493	119615	80.12
1494	133827	89.58
1495	127082	85.00
1496	119978	80.20
1497	120160	80.27
1498	121915	81.39
1499	124021	82.74
1500	124513	83.01
1501	121633	81.03
1502	122195	81.35
1503	121121	80.59
1504	123850	82.35
1505	127908	84.99
1506	125067	83.05
1507	122996	81.62
1508	122364	81.14
1509	122715	81.32
1510	124177	82.24
1511	172885	114.42
1512	123429	81.63
1513	123349	81.53
1514	124222	82.05
1515	124304	82.05
1516	125372	82.70
1517	129428	85.32
1518	132229	87.11
1519	123370	81.22
1520	124853	82.14
1521	125873	82.76
1522	128234	84.25
1523	124126	81.50
1524	130116	85.38
1525	125237	82.12
1526	125337	82.13
1527	126954	83.14
1528	133785	87.56
1529	124838	81.65
1530	126903	82.94
1531	128372	83.85
1532	128316	83.76
1533	126703	82.65
1534	134610	87.75
1535	126563	82.45
1536	128274	83.51
1537	128248	83.44
1538	134302	87.32
1539	128843	83.72
1540	126663	82.25
1541	127817	82.94
1542	128745	83.49
1543	136864	88.70
1544	130454	84.49
1545	127488	82.52
1546	127567	82.51
1547	129199	83.52
1548	129692	83.78
1549	128416	82.90
1550	128140	82.67
1551	128940	83.13
1552	128497	82.79
1553	131581	84.73
1554	129482	83.32
1555	137645	88.52
1556	129250	83.07
1557	131197	84.26
1558	129913	83.38
1559	130195	83.51
1560	132350	84.84
1561	129906	83.22
1562	135305	86.62
1563	131350	84.04
1564	130202	83.25
1565	134762	86.11
1566	130665	83.44
1567	130775	83.46
1568	132542	84.53
1569	132210	84.26
1570	131073	83.49
1571	131924	83.97
1572	139969	89.04
1573	132525	84.25
1574	134151	85.23
1575	137219	87.12
1576	136563	86.65
1577	132102	83.77
1578	132088	83.71
1579	133799	84.74
1580	134345	85.03
1581	139576	88.28
1582	135010	85.34
1583	133857	84.56
1584	134671	85.02
1585	139555	88.05
1586	135577	85.48
1587	134169	84.54
1588	135794	85.51
1589	136527	85.92
1590	137368	86.39
1591	134922	84.80
1592	135335	85.01
1593	135151	84.84
1594	135335	84.90
1595	137101	85.96
1596	134960	84.56
1597	149063	93.34
1598	142918	89.44
1599	136738	85.51
1600	143234	89.52
1601	135894	84.88
1602	139829	87.28
1603	137609	85.84
1604	139247	86.81
1605	139597	86.98
1606	136545	85.02
1607	137332	85.46
1608	142992	88.93
1609	137992	85.76
1610	164406	102.12
1611	138579	86.02
1612	139588	86.59
1613	139253	86.33
1614	140358	86.96
1615	159780	98.93
1616	139915	86.58
1617	149315	92.34
1618	145587	89.98
1619	143333	88.53
1620	139123	85.88
1621	142285	87.78
1622	140436	86.58
1623	139987	86.25
1624	140015	86.22
1625	148367	91.30
1626	140923	86.67
1627	140846	86.57
1628	142344	87.43
1629	147415	90.49
1630	142100	87.18
1631	154062	94.46
1632	143002	87.62
1633	147403	90.27
1634	142978	87.50
1635	142847	87.37
1636	143984	88.01
1637	141436	86.40
1638	143841	87.82
1639	154186	94.07
1640	143825	87.70
1641	142512	86.84
1642	150251	91.50
1643	148692	90.50
1644	145671	88.61
1645	143381	87.16
1646	144879	88.02
1647	144277	87.60
1648	145000	87.99
1649	143207	86.84
1650	147488	89.39
1651	144166	87.32
1652	144376	87.39
1653	146992	88.92
1654	143818	86.95
1655	146053	88.25
1656	145663	87.96
1657	146572	88.46
1658	144550	87.18
1659	150026	90.43
1660	146726	88.39
1661	146863	88.42
1662	146890	88.38
1663	153634	92.38
1664	145679	87.55
1665	146288	87.86
1666	151212	90.76
1667	150924	90.54
1668	150557	90.26
1669	146314	87.67
1670	149137	89.30
1671	154472	92.44
1672	153334	91.71
1673	148522	88.78
1674	149545	89.33
1675	147810	88.24
1676	157054	93.71
1677	148282	88.42
1678	151781	90.45
1679	148190	88.26
1680	148733	88.53
1681	148913	88.59
1682	149142	88.67
1683	149289	88.70
1684	156497	92.93
1685	157634	93.55
1686	149014	88.38
1687	149391	88.55
1688	150843	89.36
1689	153043	90.61
1690	152669	90.34
1691	152185	90.00
1692	157121	92.86
1693	150163	88.70
1694	155674	91.90
1695	154956	91.42
1696	151635	89.41
1697	153189	90.27
1698	153226	90.24
1699	151765	89.33
1700	190282	111.93
1701	152762	89.81
1702	152497	89.60
1703	158839	93.27
1704	155439	91.22
1705	154622	90.69
1706	152134	89.18
1707	156216	91.51
1708	155750	91.19
1709	164933	96.51
1710	153880	89.99
1711	154992	90.59
1712	187042	109.25
1713	155217	90.61
1714	160241	93.49
1715	161309	94.06
1716	167459	97.59
1717	154563	90.02
1718	156216	90.93
1719	156529	91.06
1720	159459	92.71
1721	157938	91.77
1722	155357	90.22
1723	160757	93.30
1724	155944	90.45
1725	161217	93.46
1726	163066	94.48
1727	163404	94.62
1728	159022	92.03
1729	159524	92.26
1730	161556	93.38
1731	159770	92.30
1732	157018	90.66
1733	159908	92.27
1734	157627	90.90
1735	158721	91.48
1736	157681	90.83
1737	159162	91.63
1738	158077	90.95
1739	164090	94.36
1740	171021	98.29
1741	160112	91.97
1742	163601	93.92
1743	159281	91.38
1744	161337	92.51
1745	160386	91.91
1746	160973	92.20
1747	167091	95.64
1748	159050	90.99
1749	159310	91.09
1750	163129	93.22
1751	172005	98.23
1752	161057	91.93
1753	162021	92.42
1754	166279	94.80
1755	164465	93.71
1756	161573	92.01
1757	164899	93.85
1758	163056	92.75
1759	167771	95.38
1760	161006	91.48
1761	161111	91.49
1762	164760	93.51
1763	164893	93.53
1764	175705	99.61
1765	162041	91.81
1766	161654	91.54
1767	165309	93.55
1768	162259	91.78
1769	171758	97.09
1770	167836	94.82
1771	162986	92.03
1772	168707	95.21
1773	164037	92.52
1774	163962	92.43
1775	170662	96.15
1776	169058	95.19
1777	168696	94.93
1778	163867	92.16
1779	165896	93.25
1780	171076	96.11
1781	164641	92.44
1782	166376	93.36
1783	168206	94.34
1784	167894	94.11
1785	171319	95.98
1786	166172	93.04
1787	168095	94.07
1788	172810	96.65
1789	167295	93.51
1790	168076	93.90
1791	167705	93.64
1792	174264	97.25
1793	167545	93.44
1794	167627	93.44
1795	167923	93.55
1796	168352	93.74
1797	167062	92.97
1798	169104	94.05
1799	169857	94.42
1800	174404	96.89
1801	168832	93.74
1802	167995	93.23
1803	170867	94.77
1804	169689	94.06
1805	169562	93.94
1806	170810	94.58
1807	184675	102.20
1808	182687	101.04
1809	183317	101.34
1810	169120	93.44
1811	173002	95.53
1812	170720	94.22
1813	171301	94.48
1814	171688	94.65
1815	170137	93.74
1816	173620	95.61
1817	170581	93.88
1818	171461	94.31
1819	170926	93.97
1820	171029	93.97
1821	179985	98.84
1822	172028	94.42
1823	175149	96.08
1824	173708	95.23
1825	181288	99.34
1826	171990	94.19
1827	179730	98.37
1828	179889	98.41
1829	176539	96.52
1830	173235	94.66
1831	174493	95.30
1832	173686	94.81
1833	179778	98.08
1834	174285	95.03
1835	179169	97.64
1836	183400	99.89
1837	174489	94.99
1838	174735	95.07
1839	175742	95.56
1840	177298	96.36
1841	176697	95.98
1842	180013	97.73
1843	176891	95.98
1844	180571	97.92
1845	176698	95.77
1846	176936	95.85
1847	177924	96.33
1848	179676	97.23
1849	184356	99.71
1850	177129	95.75
1851	177066	95.66
1852	185193	100.00
1853	177602	95.85
1854	178464	96.26
1855	184072	99.23
1856	189122	101.90
1857	178297	96.01
1858	187267	100.79
1859	180501	97.10
1860	182932	98.35
1861	178770	96.06
1862	182061	97.78
1863	180744	97.02
1864	179825	96.47
1865	180118	96.58
1866	179048	95.95
1867	179787	96.30
1868	180742	96.76
1869	179508	96.04
1870	188800	100.96
1871	185401	99.09
1872	182607	97.55
1873	180808	96.53
1874	182271	97.26
1875	186186	99.30
1876	181173	96.57
1877	191167	101.85
1878	182120	96.98
1879	187578	99.83
1880	182769	97.22
1881	184008	97.82
1882	185540	98.59
1883	206730	109.79
1884	181992	96.60
1885	186052	98.70
1886	189557	100.51
1887	184037	97.53
1888	183095	96.98
1889	185742	98.33
1890	188658	99.82
1891	188664	99.77
1892	184249	97.38
1893	186190	98.36
1894	184777	97.56
1895	185135	97.70
1896	185203	97.68
1897	190672	100.51
1898	186521	98.27
1899	185784	97.83
1900	187773	98.83
1901	191449	100.71
1902	188863	99.30
1903	190561	100.14
1904	187936	98.71
1905	191303	100.42
1906	186291	97.74
1907	194842	102.17
1908	208558	109.31
1909	190873	99.99
1910	190010	99.48
1911	189984	99.42
1912	191735	100.28
1913	187635	98.08
1914	188153	98.30
1915	187716	98.02
1916	189219	98.76
1917	196156	102.32
1918	188549	98.31
1919	193887	101.04
1920	196218	102.20
1921	190681	99.26
1922	191942	99.87
1923	196690	102.28
1924	190025	98.77
1925	191732	99.60
1926	191098	99.22
1927	196389	101.91
1928	189776	98.43
1929	191502	99.28
1930	202178	104.76
1931	191518	99.18
1932	191293	99.01
1933	198061	102.46
1934	191699	99.12
1935	191792	99.12
1936	193890	100.15
1937	192146	99.20
1938	202723	104.60
1939	193051	99.56
1940	195271	100.66
1941	195741	100.85
1942	193616	99.70
1943	197898	101.85
1944	192749	99.15
1945	197202	101.39
1946	192913	99.13
1947	195496	100.41
1948	196676	100.96
1949	203731	104.53
1950	194770	99.88
1951	201951	103.51
1952	195667	100.24
1953	194921	99.81
1954	197143	100.89
1955	203503	104.09
1956	195731	100.07
1957	196571	100.45
1958	198269	101.26
1959	199156	101.66
1960	196336	100.17
1961	196611	100.26
1962	202662	103.29
1963	196133	99.91
1964	199930	101.80
1965	197440	100.48
1966	204698	104.12
1967	197873	100.60
1968	210160	106.79
1969	203456	103.33
1970	199563	101.30
1971	199000	100.96
1972	212441	107.73
1973	230220	116.69
1974	211393	107.09
1975	199097	100.81
1976	205241	103.87
1977	203103	102.73
1978	201593	101.92
1979	202569	102.36
1980	209141	105.63
1981	201367	101.65
1982	203295	102.57
1983	202162	101.95
1984	203096	102.37
1985	201444	101.48
1986	200613	101.01
1987	206816	104.08
1988	202333	101.78
1989	200816	100.96
1990	212267	106.67
1991	202416	101.67
1992	206360	103.59
1993	210911	105.83
1994	201715	101.16
1995	203395	101.95
1996	204271	102.34
1997	205350	102.83
1998	202517	101.36
1999	208652	104.38
2000	207916	103.96
2001	209241	104.57
2002	223838	111.81
2003	207003	103.35
2004	203745	101.67
2005	206086	102.79
2006	207868	103.62
2007	218512	108.87
2008	206975	103.08
2009	206227	102.65
2010	217394	108.16
2011	210915	104.88
2012	206455	102.61
2013	217235	107.92
2014	209215	103.88
2015	205646	102.06
2016	209741	104.04
2017	212292	105.25
2018	207366	102.76
2019	207645	102.85
2020	213623	105.75
2021	206703	102.28
2022	208758	103.24
2023	215737	106.64
2024	207144	102.34
2025	207708	102.57
2026	209172	103.24
2027	208591	102.91
2028	209199	103.16
2029	213867	105.41
2030	218168	107.47
2031	209256	103.03
2032	212884	104.77
2033	210884	103.73
2034	209864	103.18
2035	215800	106.04
2036	214731	105.47
2037	212069	104.11
2038	212167	104.11
2039	213610	104.76
2040	211655	103.75
2041	230425	112.90
2042	216254	105.90
2043	216912	106.17
2044	213355	104.38
2045	212810	104.06
2046	212301	103.76
2047	213576	104.34
2048	220059	107.45
2049	214536	104.70
2050	213630	104.21
2051	213636	104.16
2052	225265	109.78
2053	216915	105.66
2054	214446	104.40
2055	214082	104.18
2056	222622	108.28
2057	214529	104.29
2058	222360	108.05
2059	232511	112.92
2060	215645	104.68
2061	217636	105.60
2062	222478	107.89
2063	215997	104.70
2064	218750	105.98
2065	216187	104.69
2066	215910	104.51
2067	229302	110.93
2068	216255	104.57
2069	227515	109.96
2070	221642	107.07
2071	218812	105.66
2072	227807	109.95
2073	218151	105.23
2074	219510	105.84
2075	226872	109.34
2076	218733	105.36
2077	220146	105.99
2078	224404	107.99
2079	220243	105.94
2080	219902	105.72
2081	241240	115.93
2082	220124	105.73
2083	220531	105.87
2084	221202	106.14
2085	219747	105.39
2086	221329	106.10
2087	222194	106.47
2088	232341	111.27
2089	220424	105.52
2090	222412	106.42
2091	222229	106.28
2092	226932	108.48
2093	223379	106.73
2094	226176	108.01
2095	224307	107.07
2096	223405	106.59
2097	225273	107.43
2098	232163	110.66
2099	224641	107.02
2100	234475	111.65
2101	225892	107.52
2102	226197	107.61
2103	227637	108.24
2104	227064	107.92
2105	224206	106.51
2106	240566	114.23
2107	225523	107.04
2108	226048	107.23
2109	246448	116.86
2110	224460	106.38
2111	226321	107.21
2112	227836	107.88
2113	226282	107.09
2114	229509	108.57
2115	237745	112.41
2116	228167	107.83
2117	227820	107.61
2118	235866	111.36
2119	231790	109.39
2120	230897	108.91
2121	234858	110.73
2122	228810	107.83
2123	230579	108.61
2124	231253	108.88
2125	230637	108.54
2126	230422	108.38
2127	229769	108.02
2128	232789	109.39
2129	228499	107.33
2130	228221	107.15
2131	234907	110.23
2132	229786	107.78
2133	238396	111.77
2134	232243	108.83
2135	240950	112.86
2136	236986	110.95
2137	231122	108.15
2138	243454	113.87
2139	233789	109.30
2140	232421	108.61
2141	238828	111.55
2142	241773	112.87
2143	232239	108.37
2144	232275	108.34
2145	245343	114.38
2146	231339	107.80
2147	242019	112.72
2148	236333	110.02
2149	238568	111.01
2150	236764	110.12
2151	232211	107.95
2152	252100	117.15
2153	232697	108.08
2154	241911	112.31
2155	234793	108.95
2156	238213	110.49
2157	275112	127.54
2158	234253	108.55
2159	237737	110.11
2160	241544	111.83
2161	235099	108.79
2162	239525	110.79
2163	242415	112.07
2164	236622	109.34
2165	236831	109.39
2166	237612	109.70
2167	237939	109.80
2168	241027	111.17
2169	241167	111.19
2170	236783	109.12
2171	238606	109.91
2172	240666	110.80
2173	244305	112.43
2174	244579	112.50
2175	242356	111.43
2176	237407	109.10
2177	242455	111.37
2178	237885	109.22
2179	252403	115.83
2180	239520	109.87
2181	244581	112.14
2182	240808	110.36
2183	243691	111.63
2184	243705	111.59
2185	240938	110.27
2186	239300	109.47
2187	243437	111.31
2188	241837	110.53
2189	246269	112.50
2190	240712	109.91
2191	242392	110.63
2192	250917	114.47
2193	240673	109.75
2194	246068	112.15
2195	251361	114.52
2196	242175	110.28
2197	243461	110.82
2198	242607	110.38
2199	245356	111.58
2200	244556	111.16
2201	245730	111.64
2202	242330	110.05
2203	243848	110.69
2204	250193	113.52
2205	252949	114.72
2206	251997	114.23
2207	248858	112.76
2208	573652	259.81
2209	367780	166.49
2210	252250	114.14
2211	279447	126.39
2212	246323	111.36
2213	255572	115.49
2214	245661	110.96
2215	248956	112.40
2216	249705	112.68
2217	245707	110.83
2218	250963	113.15
2219	257783	116.17
2220	245994	110.81
2221	251021	113.02
2222	246422	110.90
2223	255718	115.03
2224	251787	113.21
2225	247583	111.27
2226	249760	112.20
2227	249393	111.99
2228	259922	116.66
2229	248594	111.53
2230	258174	115.77
2231	248664	111.46
2232	251823	112.82
2233	258835	115.91
2234	249288	111.59
2235	251336	112.45
2236	256513	114.72
2237	383315	171.35
2238	319790	142.89
2239	270807	120.95
2240	253884	113.34
2241	264593	118.07
2242	257234	114.73
2243	258585	115.29
2244	252014	112.31
2245	256953	114.46
2246	251403	111.93
2247	257777	114.72
2248	252373	112.27
2249	261763	116.39
2250	253588	112.71
2251	255006	113.29
2252	254293	112.92
2253	253715	112.61
2254	252638	112.08
2255	255839	113.45
2256	256919	113.88
2257	267675	118.60
2258	259186	114.79
2259	266538	117.99
2260	282568	125.03
2261	254457	112.54
2262	265366	117.31
2263	255035	112.70
2264	256721	113.39
2265	258204	114.00
2266	260644	115.02
2267	264087	116.49
2268	271199	119.58
2269	256484	113.04
2270	263295	115.99
2271	258776	113.95
2272	256959	113.10
2273	259187	114.03
2274	263716	115.97
2275	259300	113.98
2276	259957	114.22
2277	262834	115.43
2278	259729	114.02
2279	265104	116.32
2280	260449	114.23
2281	266367	116.78
2282	259174	113.57
2283	263144	115.26
2284	267655	117.19
2285	261091	114.26
2286	263684	115.35
2287	261553	114.37
2288	260681	113.93
2289	265926	116.18
2290	260634	113.81
2291	268734	117.30
2292	280870	122.54
2293	262727	114.58
2294	263946	115.06
2295	261753	114.05
2296	269428	117.35
2297	266319	115.94
2298	265506	115.54
2299	267136	116.20
2300	290381	126.25
2301	263346	114.45
2302	274936	119.43
2303	263470	114.40
2304	268517	116.54
2305	285345	123.79
2306	264835	114.85
2307	267203	115.82
2308	348493	150.99
2309	268772	116.40
2310	276162	119.55
2311	266715	115.41
2312	269847	116.72
2313	265218	114.66
2314	271720	117.42
2315	273651	118.21
2316	272580	117.69
2317	275509	118.91
2318	271048	116.93
2319	271101	116.90
2320	267760	115.41
2321	270992	116.76
2322	268265	115.53
2323	269020	115.81
2324	272662	117.32
2325	269950	116.11
2326	275268	118.34
2327	270180	116.11
2328	284186	122.07
2329	269061	115.53
2330	271789	116.65
2331	275484	118.18
2332	271633	116.48
2333	277190	118.81
2334	271050	116.13
2335	270150	115.70
2336	279212	119.53
2337	272628	116.66
2338	285606	122.16
2339	277540	118.66
2340	272720	116.55
2341	270702	115.64
2342	277573	118.52
2343	275661	117.65
2344	275005	117.32
2345	275387	117.44
2346	279246	119.03
2347	278937	118.85
2348	274136	116.75
2349	276797	117.84
2350	278364	118.45
2351	276646	117.67
2352	279215	118.71
2353	276504	117.51
2354	282214	119.89
2355	275941	117.17
2356	278211	118.09
2357	277198	117.61
2358	274633	116.47
2359	276357	117.15
2360	275164	116.59
2361	288276	122.10
2362	278144	117.76
2363	277780	117.55
2364	279868	118.39
2365	284952	120.49
2366	279923	118.31
2367	281004	118.72
2368	279854	118.18
2369	279705	118.07
2370	285146	120.31
2371	280565	118.33
2372	278498	117.41
2373	278877	117.52
2374	284481	119.83
2375	279215	117.56
2376	280077	117.88
2377	306703	129.03
2378	282780	118.92
2379	289289	121.60
2380	281853	118.43
2381	282782	118.77
2382	287754	120.80
2383	289374	121.43
2384	284975	119.54
2385	284599	119.33
2386	286549	120.10
2387	281464	117.92
2388	286505	119.98
2389	288737	120.86
2390	282459	118.18
2391	283603	118.61
2392	287832	120.33
2393	285317	119.23
2394	290279	121.25
2395	285132	119.05
2396	288980	120.61
2397	296426	123.67
2398	285142	118.91
2399	292660	121.99
2400	285725	119.05
2401	290537	121.01
2402	283970	118.22
2403	285070	118.63
2404	284601	118.39
2405	303274	126.10
2406	298505	124.07
2407	286723	119.12
2408	293119	121.73
2409	286654	118.99
2410	292609	121.41
2411	303165	125.74
2412	290441	120.42
2413	290281	120.30
2414	295273	122.32
2415	307890	127.49
2416	292302	120.99
2417	288056	119.18
2418	291991	120.76
2419	290441	120.07
2420	289394	119.58
2421	289202	119.46
2422	288542	119.13
2423	297282	122.69
2424	291768	120.37
2425	289927	119.56
2426	295920	121.98
2427	295387	121.71
2428	297378	122.48
2429	292129	120.27
2430	299397	123.21
2431	295310	121.48
2432	292311	120.19
2433	291362	119.75
2434	291575	119.79
2435	293723	120.63
2436	298527	122.55
2437	294425	120.81
2438	302642	124.14
2439	296812	121.69
2440	301585	123.60
2441	293995	120.44
2442	299739	122.74
2443	292612	119.78
2444	303080	124.01
2445	294456	120.43
2446	295646	120.87
2447	301752	123.32
2448	294577	120.33
2449	301040	122.92
2450	304915	124.46
2451	297496	121.38
2452	297155	121.19
2453	306980	125.14
2454	314887	128.32
2455	296882	120.93
2456	301191	122.63
2457	310710	126.46
2458	296591	120.66
2459	302888	123.18
2460	301398	122.52
2461	309122	125.61
2462	298789	121.36
2463	301696	122.49
2464	298899	121.31
2465	300364	121.85
2466	303537	123.09
2467	304674	123.50
2468	304899	123.54
2469	299060	121.13
2470	320437	129.73
2471	307100	124.28
2472	306133	123.84
2473	301608	121.96
2474	308419	124.66
2475	308082	124.48
2476	300132	121.22
2477	303975	122.72
2478	302463	122.06
2479	303025	122.24
2480	302893	122.13
2481	318455	128.36
2482	309346	124.64
2483	303641	122.29
2484	305863	123.13
2485	309617	124.59
2486	316658	127.38
2487	303603	122.08
2488	305902	122.95
2489	312270	125.46
2490	303966	122.07
2491	326113	130.92
2492	309532	124.21
2493	308338	123.68
2494	310013	124.30
2495	306122	122.69
2496	306509	122.80
2497	307201	123.03
2498	305957	122.48
2499	312493	125.05
2500	311381	124.55
2501	312001	124.75
2502	307679	122.97
2503	315256	125.95
2504	311314	124.33
2505	327219	130.63
2506	307684	122.78
2507	312970	124.84
2508	311352	124.14
2509	310142	123.61
2510	309632	123.36
2511	323008	128.64
2512	318445	126.77
2513	311903	124.12
2514	320783	127.60
2515	321934	128.01
2516	315293	125.32
2517	313031	124.37
2518	314477	124.89
2519	316631	125.70
2520	321257	127.48
2521	315907	125.31
2522	312558	123.93
2523	314591	124.69
2524	315330	124.93
2525	312432	123.74
2526	312019	123.52
2527	320349	126.77
2528	316507	125.20
2529	313778	124.07
2530	322095	127.31
2531	318513	125.84
2532	319501	126.19
2533	314604	124.20
2534	315844	124.64
2535	316169	124.72
2536	313643	123.68
2537	315855	124.50
2538	324246	127.76
2539	330586	130.20
2540	316791	124.72
2541	343580	135.21
2542	316972	124.69
2543	324783	127.72
2544	319563	125.61
2545	337920	132.78
2546	319602	125.53
2547	330050	129.58
2548	317936	124.78
2549	319076	125.18
2550	325351	127.59
2551	323812	126.94
2552	318953	124.98
2553	326361	127.83
2554	320806	125.61
2555	327789	128.29
2556	323320	126.49
2557	320928	125.51
2558	327221	127.92
2559	328069	128.20
2560	323007	126.17
2561	325739	127.19
2562	323177	126.14
2563	328248	128.07
2564	329161	128.38
2565	329171	128.33
2566	320706	124.98
2567	375107	146.13
2568	330353	128.64
2569	322864	125.68
2570	322391	125.44
2571	330211	128.44
2572	323147	125.64
2573	328432	127.65
2574	325165	126.33
2575	331085	128.58
2576	327933	127.30
2577	324834	126.05
2578	329319	127.74
2579	324533	125.84
2580	326055	126.38
2581	324000	125.53
2582	330478	127.99
2583	325433	125.99
2584	328414	127.10
2585	339801	131.45
2586	342756	132.54
2587	328714	127.06
2588	329083	127.16
2589	327734	126.59
2590	333240	128.66
2591	336726	129.96
2592	328320	126.67
2593	333392	128.57
2594	331540	127.81
2595	330205	127.25
2596	328335	126.48
2597	329887	127.03
2598	336540	129.54
2599	335787	129.20
2600	337607	129.85
2601	335060	128.82
2602	336317	129.25
2603	332286	127.66
2604	348002	133.64
2605	337508	129.56
2606	359996	138.14
2607	332201	127.43
2608	337701	129.49
2609	337877	129.50
2610	352364	135.01
2611	333635	127.78
2612	336557	128.85
2613	336659	128.84
2614	337598	129.15
2615	334415	127.88
2616	335585	128.28
2617	348082	133.01
2618	344355	131.53
2619	334023	127.54
2620	337565	128.84
2621	340368	129.86
2622	337484	128.71
2623	342068	130.41
2624	342409	130.49
2625	344969	131.42
2626	337602	128.56
2627	337782	128.58
2628	342789	130.44
2629	342081	130.12
2630	338805	128.82
2631	340524	129.43
2632	337053	128.06
2633	337377	128.13
2634	336545	127.77
2635	336611	127.75
2636	346105	131.30
2637	346244	131.30
2638	337761	128.04
2639	342976	129.96
2640	346624	131.30
2641	347048	131.41
2642	339604	128.54
2643	350746	132.71
2644	342058	129.37
2645	343138	129.73
2646	340536	128.70
2647	371880	140.49
2648	356056	134.46
2649	341857	129.05
2650	345241	130.28
2651	343769	129.68
2652	345196	130.16
2653	348192	131.24
2654	350053	131.90
2655	347897	131.03
2656	348313	131.14
2657	344947	129.83
2658	356124	133.98
2659	344256	129.47
2660	348230	130.91
2661	349353	131.29
2662	346208	130.06
2663	344019	129.18
2664	344048	129.15
2665	362520	136.03
2666	349798	131.21
2667	346924	130.08
2668	351975	131.92
2669	354989	133.00
2670	353897	132.55
2671	347081	129.94
2672	349557	130.82
2673	345839	129.38
2674	350433	131.05
2675	347656	129.96
2676	351091	131.20
2677	348097	130.03
2678	355210	132.64
2679	352136	131.44
2680	362631	135.31
2681	352269	131.39
2682	351085	130.90
2683	354343	132.07
2684	370097	137.89
2685	351646	130.97
2686	357250	133.00
2687	350337	130.38
2688	351107	130.62
2689	350810	130.46
2690	353157	131.29
2691	357403	132.81
2692	356615	132.47
2693	353049	131.10
2694	360498	133.82
2695	351987	130.61
2696	358930	133.13
2697	352673	130.76
2698	361518	133.99
2699	388436	143.92
2700	374355	138.65
2701	358997	132.91
2702	361400	133.75
2703	353774	130.88
2704	378923	140.13
2705	362170	133.89
2706	366039	135.27
2707	357167	131.94
2708	366681	135.41
2709	362886	133.96
2710	363972	134.31
2711	358103	132.09
2712	363647	134.09
2713	356265	131.32
2714	359989	132.64
2715	361816	133.27
2716	362361	133.42
2717	361703	133.13
2718	368064	135.42
2719	385739	141.87
2720	364920	134.16
2721	360214	132.38
2722	360221	132.34
2723	361948	132.92
2724	359450	131.96
2725	359341	131.87
2726	364388	133.67
2727	360878	132.34
2728	365379	133.94
2729	365966	134.10
2730	373434	136.79
2731	363909	133.25
2732	367324	134.45
2733	380389	139.18
2734	360746	131.95
2735	367786	134.47
2736	362031	132.32
2737	362766	132.54
2738	371548	135.70
2739	367325	134.11
2740	369136	134.72
2741	370942	135.33
2742	363890	132.71
2743	364490	132.88
2744	371557	135.41
2745	370759	135.07
2746	366601	133.50
2747	372418	135.57
2748	366442	133.35
2749	364785	132.70
2750	364603	132.58
2751	377954	137.39
2752	367252	133.45
2753	372648	135.36
2754	372339	135.20
2755	369699	134.19
2756	368232	133.61
2757	369716	134.10
2758	374949	135.95
2759	373816	135.49
2760	371615	134.64
2761	368154	133.34
2762	372357	134.81
2763	369678	133.80
2764	368194	133.21
2765	383253	138.61
2766	382258	138.20
2767	369241	133.44
2768	384219	138.81
2769	371673	134.23
2770	377579	136.31
2771	394580	142.40
2772	376859	135.95
2773	373582	134.72
2774	374370	134.96
2775	377186	135.92
2776	379171	136.59
2777	377518	135.94
2778	378558	136.27
2779	376733	135.56
2780	380518	136.88
2781	374853	134.79
2782	386010	138.75
2783	379889	136.50
2784	373721	134.24
2785	383090	137.55
2786	376030	134.97
2787	375817	134.85
2788	381337	136.78
2789	385462	138.21
2790	377222	135.21
2791	376560	134.92
2792	380675	136.34
2793	380369	136.19
2794	380903	136.33
2795	394246	141.05
2796	380233	135.99
2797	381712	136.47
2798	379696	135.70
2799	377580	134.90
2800	402227	143.65
2801	380356	135.79
2802	385068	137.43
2803	379868	135.52
2804	396090	141.26
2805	383729	136.80
2806	387214	138.00
2807	386572	137.72
2808	379570	135.17
2809	378178	134.63
2810	380707	135.48
2811	385899	137.28
2812	387174	137.69
2813	388900	138.25
2814	383237	136.19
2815	408155	144.99
2816	413795	146.94
2817	384668	136.55
2818	388883	138.00
2819	387028	137.29
2820	386334	137.00
2821	382887	135.73
2822	388194	137.56
2823	392762	139.13
2824	384559	136.18
2825	401206	142.02
2826	389245	137.74
2827	388047	137.26
2828	392445	138.77
2829	392625	138.79
2830	402137	142.10
2831	389255	137.50
2832	391496	138.24
2833	389664	137.54
2834	392833	138.61
2835	400831	141.39
2836	394575	139.13
2837	437366	154.16
2838	393607	138.69
2839	391088	137.76
2840	395575	139.29
2841	391013	137.63
2842	395152	139.04
2843	393178	138.30
2844	395466	139.05
2845	391599	137.64
2846	393854	138.39
2847	390141	137.04
2848	394620	138.56
2849	393136	137.99
2850	410430	144.01
2851	402256	141.09
2852	393859	138.10
2853	393365	137.88
2854	394152	138.11
2855	401126	140.50
2856	398163	139.41
2857	391561	137.05
2858	401519	140.49
2859	393408	137.60
2860	391669	136.95
2861	398336	139.23
2862	402903	140.78
2863	394990	137.96
2864	404753	141.32
2865	395216	137.95
2866	403800	140.89
2867	410810	143.29
2868	397378	138.56
2869	397808	138.66
2870	395728	137.88
2871	407236	141.84
2872	401050	139.64
2873	416290	144.90
2874	399689	139.07
2875	401279	139.58
2876	413575	143.80
2877	421583	146.54
2878	411777	143.08
2879	401178	139.35
2880	399851	138.84
2881	403798	140.16
2882	400052	138.81
2883	409257	141.96
2884	401851	139.34
2885	405589	140.59
2886	404613	140.20
2887	417272	144.53
2888	402037	139.21
2889	402866	139.45
2890	413268	143.00
2891	411489	142.33
2892	408367	141.21
2893	405769	140.26
2894	411519	142.20
2895	403892	139.51
2896	409651	141.45
2897	403477	139.27
2898	414284	142.96
2899	414810	143.09
2900	404639	139.53
2901	412173	142.08
2902	407427	140.40
2903	439436	151.37
2904	407320	140.26
2905	431735	148.62
2906	413559	142.31
2907	407469	140.17
2908	414522	142.55
2909	409408	140.74
2910	414906	142.58
2911	406878	139.77
2912	415289	142.61
2913	416003	142.81
2914	407894	139.98
2915	410893	140.96
2916	409168	140.32
2917	409000	140.21
2918	413518	141.71
2919	411411	140.94
2920	411186	140.82
2921	418685	143.34
2922	437336	149.67
2923	413308	141.40
2924	432219	147.82
2925	410661	140.40
2926	427841	146.22
2927	418751	143.06
2928	413152	141.10
2929	417366	142.49
2930	425433	145.20
2931	415435	141.74
2932	420778	143.51
2933	416735	142.08
2934	423849	144.46
2935	424086	144.49
2936	420178	143.11
2937	418980	142.66
2938	418485	142.44
2939	416992	141.88
2940	415134	141.20
2941	419757	142.73
2942	447598	152.14
2943	417632	141.91
2944	420065	142.69
2945	417219	141.67
2946	416997	141.55
2947	416329	141.27
2948	415952	141.10
2949	424696	144.01
2950	416193	141.08
2951	420980	142.66
2952	424312	143.74
2953	424873	143.88
2954	420091	142.21
2955	428691	145.07
2956	422124	142.80
2957	421970	142.70
2958	423523	143.18
2959	419673	141.83
2960	423591	143.11
2961	425543	143.72
2962	421635	142.35
2963	427576	144.31
2964	429744	144.99
2965	422486	142.49
2966	421967	142.27
2967	423794	142.84
2968	424075	142.88
2969	420649	141.68
2970	427135	143.82
2971	431296	145.17
2972	424590	142.86
2973	433818	145.92
2974	424587	142.77
2975	429705	144.44
2976	435058	146.19
2977	423709	142.33
2978	426261	143.14
2979	427685	143.57
2980	431597	144.83
2981	424804	142.50
2982	434165	145.60
2983	431588	144.68
2984	430511	144.27
2985	430850	144.34
2986	435418	145.82
2987	427675	143.18
2988	432879	144.87
2989	429590	143.72
2990	434346	145.27
2991	434683	145.33
2992	429696	143.61
2993	433690	144.90
2994	457188	152.70
2995	433223	144.65
2996	431653	144.08
2997	432926	144.45
2998	436214	145.50
2999	433070	144.40
3000	429724	143.24
3001	465660	155.17
3002	450251	149.98
3003	458176	152.57
3004	448153	149.19
3005	439350	146.21
3006	445838	148.32
3007	433410	144.13
3008	433557	144.13
3009	448271	148.98
3010	433200	143.92
3011	434259	144.22
3012	432808	143.69
3013	432991	143.71
3014	438765	145.58
3015	433355	143.73
3016	441112	146.26
3017	442413	146.64
3018	433885	143.77
3019	442754	146.66
3020	439664	145.58
3021	434579	143.85
3022	438697	145.17
3023	439276	145.31
3024	444429	146.97
3025	439855	145.41
3026	442522	146.24
3027	440608	145.56
3028	436156	144.04
3029	458947	151.52
3030	446020	147.20
3031	438538	144.68
3032	443253	146.19
3033	439674	144.96
3034	445816	146.94
3035	453437	149.40
3036	439880	144.89
3037	441411	145.34
3038	459348	151.20
3039	445367	146.55
3040	443925	146.03
3041	441724	145.26
3042	439971	144.63
3043	441865	145.21
3044	444061	145.88
3045	446202	146.54
3046	444662	145.98
3047	448890	147.32
3048	450963	147.95
3049	447102	146.64
3050	473177	155.14
3051	450378	147.62
3052	446769	146.39
3053	442707	145.01
3054	452404	148.13
3055	450480	147.46
3056	448977	146.92
3057	448618	146.75
3058	472331	154.46
3059	479734	156.83
3060	451110	147.42
3061	462426	151.07
3062	446695	145.88
3063	447783	146.19
3064	460648	150.34
3065	449912	146.79
3066	447461	145.94
3067	463509	151.13
3068	449205	146.42
3069	462128	150.58
3070	455244	148.29
3071	450201	146.60
3072	457151	148.81
3073	451526	146.93
3074	450075	146.41
3075	456130	148.33
3076	452654	147.16
3077	472942	153.70
3078	462450	150.24
3079	451944	146.78
3080	451976	146.75
3081	470411	152.68
3082	451516	146.50
3083	456314	148.01
3084	460022	149.16
3085	452571	146.70
3086	462448	149.85
3087	453916	147.04
3088	461708	149.52
3089	458857	148.55
3090	462135	149.56
3091	457908	148.14
3092	458331	148.23
3093	457448	147.90
3094	453504	146.58
3095	464937	150.22
3096	458444	148.08
3097	458283	147.98
3098	462689	149.35
3099	461189	148.82
3100	460345	148.50
3101	471435	152.03
3102	473698	152.71
3103	486171	156.68
3104	459625	148.08
3105	459865	148.10
3106	466539	150.21
3107	459441	147.87
3108	465731	149.85
3109	471642	151.70
3110	499048	160.47
3111	594450	191.08
3112	498485	160.18
3113	458460	147.27
3114	467158	150.02
3115	462357	148.43
3116	467038	149.88
3117	470412	150.92
3118	470110	150.77
3119	462482	148.28
3120	471463	151.11
3121	465036	149.00
3122	462921	148.28
3123	472482	151.29
3124	462744	148.13
3125	469763	150.32
3126	468577	149.90
3127	471299	150.72
3128	472146	150.94
3129	473289	151.26
3130	470240	150.24
3131	469075	149.82
3132	466358	148.90
3133	471966	150.64
3134	469336	149.76
3135	477016	152.16
3136	476420	151.92
3137	480655	153.22
3138	473723	150.96
3139	472315	150.47
3140	472051	150.33
3141	475734	151.46
3142	472886	150.50
3143	470829	149.80
3144	475142	151.13
3145	470026	149.45
3146	488606	155.31
3147	479589	152.40
3148	469811	149.24
3149	473144	150.25
3150	482309	153.11
3151	475912	151.04
3152	472285	149.84
3153	471706	149.61
3154	472295	149.74
3155	487555	154.53
3156	583867	185.00
3157	483194	153.05
3158	483267	153.03
3159	480641	152.15
3160	490351	155.17
3161	475663	150.48
3162	481398	152.24
3163	478633	151.32
3164	493329	155.92
3165	521989	164.93
3166	504482	159.34
3167	477086	150.64
3168	540770	170.70
3169	513557	162.06
3170	478134	150.83
3171	481234	151.76
3172	478984	151.00
3173	483937	152.52
3174	494073	155.66
3175	516833	162.78
3176	484304	152.49
3177	494228	155.56
3178	490732	154.42
3179	478473	150.51
3180	488246	153.54
3181	499909	157.15
3182	483872	152.07
3183	488818	153.57
3184	488292	153.36
3185	483340	151.76
3186	485928	152.52
3187	503469	157.98
3188	486506	152.61
3189	481339	150.94
3190	486615	152.54
3191	488687	153.15
3192	487425	152.70
3193	486585	152.39
3194	484200	151.60
3195	485834	152.06
3196	491299	153.72
3197	488525	152.81
3198	485867	151.93
3199	490165	153.22
3200	488832	152.76
3201	491426	153.52
3202	486197	151.84
3203	518318	161.82
3204	487405	152.12
3205	491246	153.27
3206	492492	153.62
3207	491103	153.13
3208	488801	152.37
3209	488943	152.37
3210	486013	151.41
3211	494356	153.96
3212	497536	154.90
3213	508110	158.14
3214	489542	152.32
3215	490883	152.69
3216	504801	156.97
3217	489021	152.01
3218	492698	153.11
3219	494181	153.52
3220	489663	152.07
3221	504868	156.74
3222	503996	156.42
3223	497896	154.48
3224	497388	154.28
3225	498420	154.55
3226	499506	154.84
3227	492881	152.74
3228	492947	152.71
3229	500642	155.05
3230	494148	152.99
3231	507538	157.08
3232	497917	154.06
3233	498629	154.23
3234	516313	159.65
3235	503314	155.58
3236	497525	153.75
3237	499374	154.27
3238	499481	154.26
3239	501719	154.90
3240	499426	154.14
3241	500220	154.34
3242	508638	156.89
3243	499962	154.17
3244	506080	156.00
3245	495558	152.71
3246	495075	152.52
3247	502619	154.79
3248	504812	155.42
3249	502423	154.64
3250	505972	155.68
3251	507861	156.22
3252	510421	156.96
3253	503557	154.80
3254	507672	156.01
3255	509779	156.61
3256	501864	154.14
3257	507340	155.77
3258	502220	154.15
3259	503382	154.46
3260	515405	158.10
3261	524046	160.70
3262	514438	157.71
3263	501580	153.72
3264	509232	156.01
3265	509291	155.98
3266	506069	154.95
3267	515198	157.70
3268	514636	157.48
3269	506434	154.92
3270	512809	156.82
3271	509515	155.77
3272	507617	155.14
3273	506038	154.61
3274	505770	154.48
3275	513562	156.81
3276	507802	155.01
3277	516832	157.71
3278	513417	156.63
3279	517340	157.77
3280	518789	158.17
3281	511443	155.88
3282	512395	156.12
3283	507839	154.69
3284	509311	155.09
3285	511816	155.80
3286	512611	156.00
3287	510999	155.46
3288	519081	157.87
3289	514751	156.51
3290	511042	155.33
3291	512165	155.63
3292	512348	155.63
3293	521840	158.47
3294	512620	155.62
3295	521257	158.20
3296	515616	156.44
3297	514807	156.14
3298	531429	161.14
3299	521494	158.08
3300	515794	156.30
3301	513792	155.65
3302	519348	157.28
3303	536807	162.52
3304	517438	156.61
3305	520246	157.41
3306	541953	163.93
3307	520102	157.27
3308	528798	159.85
3309	517923	156.52
3310	519451	156.93
3311	521473	157.50
3312	518018	156.41
3313	525690	158.67
3314	525123	158.46
3315	531615	160.37
3316	519250	156.59
3317	517719	156.08
3318	519191	156.48
3319	527025	158.79
3320	525261	158.21
3321	540908	162.88
3322	522952	157.42
3323	533434	160.53
3324	524044	157.65
3325	521693	156.90
3326	520307	156.44
3327	517908	155.67
3328	529385	159.07
3329	527379	158.42
3330	525586	157.83
3331	529108	158.84
3332	524097	157.29
3333	532225	159.68
3334	524004	157.17
3335	525040	157.43
3336	527317	158.07
3337	524840	157.28
3338	530509	158.93
3339	538087	161.15
3340	537035	160.79
3341	526319	157.53
3342	536960	160.67
3343	531167	158.89
3344	531379	158.91
3345	530184	158.50
3346	534073	159.62
3347	537153	160.49
3348	538089	160.72
3349	532422	158.98
3350	554700	165.58
3351	556651	166.11
3352	1049445	313.08
3353	874616	260.85
3354	543926	162.17
3355	549877	163.90
3356	538562	160.48
3357	535512	159.52
3358	581949	173.30
3359	538289	160.25
3360	537262	159.90
3361	530776	157.92
3362	1254100	373.02
3363	537318	159.77
3364	543733	161.63
3365	535778	159.22
3366	534366	158.75
3367	533183	158.36
3368	574383	170.54
3369	575141	170.72
3370	538965	159.93
3371	542782	161.02
3372	544437	161.46
3373	544286	161.37
3374	536541	159.02
3375	540762	160.23
3376	547508	162.18
3377	540978	160.19
3378	545290	161.42
3379	541381	160.22
3380	545758	161.47
3381	546769	161.72
3382	537759	159.01
3383	545655	161.29
3384	545265	161.13
3385	554186	163.72
3386	539965	159.47
3387	538323	158.94
3388	552506	163.08
3389	543527	160.38
3390	547072	161.38
3391	548308	161.70
3392	546368	161.08
3393	541092	159.47
3394	544440	160.41
3395	548164	161.46
3396	568481	167.40
3397	566822	166.86
3398	543617	159.98
3399	548810	161.46
3400	564070	165.90
3401	550006	161.72
3402	559950	164.59
3403	589495	173.23
3404	559961	164.50
3405	553417	162.53
3406	551714	161.98
3407	544376	159.78
3408	558450	163.86
3409	552718	162.13
3410	545275	159.90
3411	552703	162.04
3412	549287	160.99
3413	547555	160.43
3414	554462	162.41
3415	549590	160.93
3416	563940	165.09
3417	551123	161.29
3418	549860	160.87
3419	548690	160.48
3420	553435	161.82
3421	561008	163.99
3422	554426	162.02
3423	557697	162.93
3424	552646	161.40
3425	550302	160.67
3426	568242	165.86
3427	559274	163.20
3428	565303	164.91
3429	553842	161.52
3430	560570	163.43
3431	558198	162.69
3432	560853	163.42
3433	553986	161.37
3434	560920	163.34
3435	560221	163.09
3436	556672	162.01
3437	562098	163.54
3438	559793	162.83
3439	563839	163.95
3440	561814	163.32
3441	557987	162.16
3442	565025	164.16
3443	562484	163.37
3444	562172	163.23
3445	555092	161.13
3446	562038	163.10
3447	564010	163.62
3448	560105	162.44
3449	566473	164.24
3450	563992	163.48
3451	560199	162.33
3452	558219	161.71
3453	562474	162.89
3454	565685	163.78
3455	574971	166.42
3456	564904	163.46
3457	560288	162.07
3458	573293	165.79
3459	566636	163.81
3460	565929	163.56
3461	561840	162.33
3462	567384	163.89
3463	565047	163.17
3464	564611	162.99
3465	565976	163.34
3466	569519	164.32
3467	594885	171.58
3468	563887	162.60
3469	573729	165.39
3470	568619	163.87
3471	588057	169.42
3472	582522	167.78
3473	572865	164.95
3474	576223	165.87
3475	570955	164.30
3476	568054	163.42
3477	566833	163.02
3478	578946	166.46
3479	566604	162.86
3480	567266	163.01
3481	586568	168.51
3482	572599	164.45
3483	571366	164.04
3484	565762	162.39
3485	572420	164.25
3486	576754	165.45
3487	577303	165.56
3488	576577	165.30
3489	580452	166.37
3490	579076	165.92
3491	575973	164.99
3492	576187	165.00
3493	578683	165.67
3494	576289	164.94
3495	575635	164.70
3496	586771	167.84
3497	579699	165.77
3498	574046	164.11
3499	578584	165.36
3500	579989	165.71
3501	582182	166.29
3502	592815	169.28
3503	587449	167.70
3504	584656	166.85
3505	582375	166.16
3506	581015	165.72
3507	579788	165.32
3508	578581	164.93
3509	573722	163.50
3510	581741	165.74
3511	589167	167.81
3512	585984	166.85
3513	584682	166.43
3514	585409	166.59
3515	586000	166.71
3516	629828	179.13
3517	582277	165.56
3518	580035	164.88
3519	589481	167.51
3520	585891	166.45
3521	585007	166.15
3522	586826	166.62
3523	582365	165.30
3524	581401	164.98
3525	583189	165.44
3526	584090	165.65
3527	581836	164.97
3528	590961	167.51
3529	581969	164.91
3530	591285	167.50
3531	588109	166.56
3532	591474	167.46
3533	586484	166.00
3534	604541	171.06
3535	592193	167.52
3536	587079	166.03
3537	589735	166.73
3538	589083	166.50
3539	588181	166.20
3540	583397	164.80
3541	591761	167.12
3542	593225	167.48
3543	599506	169.21
3544	594064	167.63
3545	596880	168.37
3546	587373	165.64
3547	601536	169.59
3548	595084	167.72
3549	591600	166.69
3550	601128	169.33
3551	590010	166.15
3552	595916	167.77
3553	594818	167.41
3554	601091	169.13
3555	592201	166.58
3556	605937	170.40
3557	589772	165.81
3558	602794	169.42
3559	595963	167.45
3560	595785	167.36
3561	599418	168.33
3562	594676	166.95
3563	591056	165.89
3564	597480	167.64
3565	599435	168.14
3566	601985	168.81
3567	619648	173.72
3568	596474	167.17
3569	598680	167.74
3570	597912	167.48
3571	600836	168.25
3572	598461	167.54
3573	598229	167.43
3574	611066	170.98
3575	595628	166.61
3576	609633	170.48
3577	598559	167.34
3578	601090	168.00
3579	594000	165.97
3580	605981	169.27
3581	600631	167.73
3582	608707	169.93
3583	602975	168.29
3584	613969	171.31
3585	613978	171.26
3586	600478	167.45
3587	600265	167.34
3588	598629	166.84
3589	607202	169.18
3590	606725	169.00
3591	623766	173.70
3592	610034	169.83
3593	602685	167.74
3594	602682	167.69
3595	607744	169.05
3596	605151	168.28
3597	611895	170.11
3598	610615	169.71
3599	609337	169.31
3600	617687	171.58
3601	609430	169.24
3602	629554	174.78
3603	620903	172.33
3604	616314	171.01
3605	608829	168.88
3606	614731	170.47
3607	618554	171.49
3608	609859	169.03
3609	606659	168.10
3610	610154	169.02
3611	614899	170.28
3612	614691	170.18
3613	613089	169.69
3614	682430	188.83
3615	621583	171.95
3616	612350	169.34
3617	621444	171.81
3618	613011	169.43
3619	616103	170.24
3620	629883	174.00
3621	619880	171.19
3622	615903	170.05
3623	625018	172.51
3624	617684	170.44
3625	613326	169.19
3626	613083	169.08
3627	618857	170.63
3628	615696	169.71
3629	617400	170.13
3630	623915	171.88
3631	617374	170.03
3632	612436	168.62
3633	620462	170.79
3634	620768	170.82
3635	621300	170.92
3636	628409	172.83
3637	624875	171.81
3638	631844	173.68
3639	617717	169.75
3640	619446	170.18
3641	617581	169.62
3642	653594	179.46
3643	639595	175.57
3644	638865	175.32
3645	619240	169.89
3646	621299	170.41
3647	824533	226.09
3648	637114	174.65
3649	622407	170.57
3650	632566	173.31
3651	638183	174.80
3652	625863	171.38
3653	623178	170.59
3654	620759	169.88
3655	628885	172.06
3656	647165	177.01
3657	626596	171.34
3658	625979	171.13
3659	629669	172.09
3660	628513	171.72
3661	633612	173.07
3662	635511	173.54
3663	624357	170.45
3664	632147	172.53
3665	627541	171.23
3666	629602	171.74
3667	628989	171.53
3668	629467	171.61
3669	624543	170.22
3670	630368	171.76
3671	631795	172.10
3672	635231	172.99
3673	627180	170.75
3674	635947	173.09
3675	640336	174.24
3676	644222	175.25
3677	634352	172.52
3678	627383	170.58
3679	645843	175.55
3680	633323	172.10
3681	633117	172.00
3682	635962	172.72
3683	634650	172.32
3684	632133	171.59
3685	644469	174.89
3686	631089	171.21
3687	642536	174.27
3688	635780	172.39
3689	654654	177.46
3690	637103	172.66
3691	652528	176.79
3692	634098	171.75
3693	642355	173.94
3694	637317	172.53
3695	691852	187.24
3696	637162	172.39
3697	636040	172.04
3698	635613	171.88
3699	635863	171.90
3700	638625	172.60
3701	642079	173.49
3702	668389	180.55
3703	657871	177.66
3704	639666	172.70
3705	638632	172.37
3706	652091	175.96
3707	646153	174.31
3708	643948	173.66
3709	643722	173.56
3710	657495	177.22
3711	650261	175.23
3712	645232	173.82
3713	666358	179.47
3714	648074	174.49
3715	656021	176.59
3716	643700	173.22
3717	645815	173.75
3718	647238	174.08
3719	643280	172.97
3720	640968	172.30
3721	647262	173.95
3722	657053	176.53
3723	654778	175.87
3724	656853	176.38
3725	659956	177.17
3726	649038	174.19
3727	644949	173.05
3728	646894	173.52
3729	650184	174.36
3730	668697	179.28
3731	653232	175.08
3732	651171	174.48
3733	651827	174.61
3734	647738	173.47
3735	654089	175.12
3736	652958	174.77
3737	656225	175.60
3738	656320	175.58
3739	662993	177.32
3740	656898	175.64
3741	656457	175.48
3742	651797	174.18
3743	661858	176.83
3744	653172	174.46
3745	716979	191.45
3746	673512	179.79
3747	656605	175.23
3748	648427	173.01
3749	653808	174.40
3750	657727	175.39
3751	661477	176.35
3752	658977	175.63
3753	661221	176.18
3754	662810	176.56
3755	661134	176.07
3756	656692	174.84
3757	663629	176.64
3758	654365	174.13
3759	684241	182.03
3760	657852	174.96
3761	661845	175.98
3762	660827	175.66
3763	661296	175.74
3764	655861	174.25
3765	665985	176.89
3766	659861	175.22
3767	668154	177.37
3768	660090	175.18
3769	660281	175.19
3770	657693	174.45
3771	674129	178.77
3772	669219	177.42
3773	673145	178.41
3774	663976	175.93
3775	672801	178.23
3776	672620	178.13
3777	669106	177.15
3778	666129	176.32
3779	670319	177.38
3780	667716	176.64
3781	678105	179.35
3782	669553	177.04
3783	660634	174.63
3784	668537	176.67
3785	669959	177.00
3786	672694	177.68
3787	691218	182.52
3788	701886	185.29
3789	677669	178.85
3790	671366	177.14
3791	664593	175.31
3792	671247	177.02
3793	673895	177.67
3794	690571	182.02
3795	669753	176.48
3796	674718	177.74
3797	664187	174.92
3798	684111	180.12
3799	674399	177.52
3800	675547	177.78
3801	687898	180.98
3802	696454	183.18
3803	671440	176.56
3804	670091	176.15
3805	678926	178.43
3806	683324	179.54
3807	679215	178.41
3808	678571	178.20
3809	679816	178.48
3810	671073	176.13
3811	679110	178.20
3812	674980	177.07
3813	690183	181.01
3814	681110	178.58
3815	846872	221.98
3816	681201	178.51
3817	681267	178.48
3818	702642	184.03
3819	687139	179.93
3820	718474	188.08
3821	696575	182.30
3822	679259	177.72
3823	691057	180.76
3824	697039	182.28
3825	854146	223.31
3826	704367	184.10
3827	681775	178.15
3828	684035	178.69
3829	686984	179.42
3830	683325	178.41
3831	677761	176.91
3832	690034	180.07
3833	683032	178.20
3834	684881	178.63
3835	682808	178.05
3836	697100	181.73
3837	683533	178.14
3838	680318	177.26
3839	685988	178.69
3840	684237	178.19
3841	693143	180.46
3842	686520	178.69
3843	689454	179.41
3844	689703	179.42
3845	693526	180.37
3846	692283	180.00
3847	695058	180.68
3848	694474	180.48
3849	697688	181.26
3850	691203	179.53
3851	688343	178.74
3852	693613	180.07
3853	697048	180.91
3854	692185	179.60
3855	705265	182.95
3856	693668	179.89
3857	696734	180.64
3858	693104	179.65
3859	691664	179.23
3860	692465	179.40
3861	696260	180.33
3862	696869	180.44
3863	694767	179.85
3864	692658	179.26
3865	688871	178.23
3866	694101	179.54
3867	703168	181.84
3868	717248	185.43
3869	694334	179.46
3870	709495	183.33
3871	702097	181.37
3872	694476	179.36
3873	696182	179.75
3874	706940	182.48
3875	705152	181.97
3876	699067	180.36
3877	709970	183.12
3878	696481	179.60
3879	704438	181.60
3880	696235	179.44
3881	707623	182.33
3882	696110	179.32
3883	721484	185.81
3884	697998	179.71
3885	697167	179.45
3886	708793	182.40
3887	699775	180.03
3888	701201	180.35
3889	706469	181.66
3890	698097	179.46
3891	701467	180.28
3892	704072	180.90
3893	709765	182.32
3894	709226	182.13
3895	706447	181.37
3896	716262	183.85
3897	701951	180.13
3898	707565	181.52
3899	713184	182.91
3900	709631	181.96
3901	711023	182.27
3902	729249	186.89
3903	715345	183.28
3904	708298	181.43
3905	719515	184.25
3906	712362	182.38
3907	731305	187.18
3908	708348	181.26
3909	738189	188.84
3910	722415	184.76
3911	705422	180.37
3912	713259	182.33
3913	718711	183.67
3914	719509	183.83
3915	716408	182.99
3916	718086	183.37
3917	708534	180.89
3918	715043	182.50
3919	706752	180.34
3920	717176	182.95
3921	715946	182.59
3922	714096	182.07
3923	711125	181.27
3924	727325	185.35
3925	720599	183.59
3926	713201	181.66
3927	719965	183.34
3928	717435	182.65
3929	730066	185.81
3930	715902	182.16
3931	711334	180.95
3932	739443	188.06
3933	726338	184.68
3934	727796	185.00
3935	719568	182.86
3936	714589	181.55
3937	713546	181.24
3938	730914	185.61
3939	722336	183.38
3940	725764	184.20
3941	728866	184.94
3942	720974	182.90
3943	723379	183.46
3944	723750	183.51
3945	724211	183.58
3946	723231	183.28
3947	727133	184.22
3948	783843	198.54
3949	804276	203.67
3950	724972	183.54
3951	727744	184.19
3952	732327	185.31
3953	723912	183.13
3954	733490	185.51
3955	722597	182.70
3956	730906	184.76
3957	726510	183.60
3958	736215	186.01
3959	728908	184.11
3960	743670	187.80
3961	744643	187.99
3962	730067	184.27
3963	733037	184.97
3964	727709	183.58
3965	732105	184.64
3966	732814	184.77
3967	732635	184.68
3968	728949	183.71
3969	723016	182.17
3970	741620	186.81
3971	801383	201.81
3972	863662	217.44
3973	743600	187.16
3974	730345	183.78
3975	728377	183.24
3976	727664	183.01
3977	732285	184.13
3978	732998	184.26
3979	738863	185.69
3980	733121	184.20
3981	737613	185.28
3982	733925	184.31
3983	736653	184.95
3984	743736	186.68
3985	738301	185.27
3986	747129	187.44
3987	738613	185.26
3988	741459	185.92
3989	740071	185.53
3990	742636	186.12
3991	744538	186.55
3992	741561	185.76
3993	743055	186.09
3994	744076	186.30
3995	734746	183.92
3996	739026	184.94
3997	737354	184.48
3998	759221	189.90
3999	753174	188.34
4000	734495	183.62
