N	Total Time	Average CPE
1	372	372.00
2	120	60.00
3	122	40.67
4	129	32.25
5	139	27.80
6	154	25.67
7	165	23.57
8	182	22.75
9	254	28.22
10	1168	116.80
11	235	21.36
12	257	21.42
13	278	21.38
14	296	21.14
15	325	21.67
16	339	21.19
17	674	39.65
18	660	36.67
19	679	35.74
20	703	35.15
21	729	34.71
22	761	34.59
23	785	34.13
24	812	33.83
25	846	33.84
26	869	33.42
27	924	34.22
28	1009	36.04
29	1040	35.86
30	1097	36.57
31	1135	36.61
32	1166	36.44
33	1401	42.45
34	1403	41.26
35	1424	40.69
36	1475	40.97
37	1512	40.86
38	1645	43.29
39	2205	56.54
40	1469	36.73
41	1508	36.78
42	1544	36.76
43	1586	36.88
44	1617	36.75
45	1702	37.82
46	1742	37.87
47	1828	38.89
48	1898	39.54
49	1983	40.47
50	1994	39.88
51	2051	40.22
52	2106	40.50
53	2204	41.58
54	2281	42.24
55	2293	41.69
56	2348	41.93
57	2492	43.72
58	2493	42.98
59	2564	43.46
60	2639	43.98
61	2763	45.30
62	2796	45.10
63	2908	46.16
64	2973	46.45
65	3445	53.00
66	3499	53.02
67	3580	53.43
68	4134	60.79
69	3756	54.43
70	3895	55.64
71	3974	55.97
72	4016	55.78
73	4129	56.56
74	4102	55.43
75	4207	56.09
76	4269	56.17
77	4328	56.21
78	4445	56.99
79	4537	57.43
80	4614	57.67
81	4705	58.09
82	4793	58.45
83	4869	58.66
84	4937	58.77
85	5031	59.19
86	5109	59.41
87	5190	59.66
88	5223	59.35
89	5335	59.94
90	5406	60.07
91	10895	119.73
92	10254	111.46
93	7555	81.24
94	8689	92.44
95	9068	95.45
96	7519	78.32
97	6598	68.02
98	6159	62.85
99	5979	60.39
100	6509	65.09
101	6142	60.81
102	6246	61.24
103	6304	61.20
104	6430	61.83
105	6499	61.90
106	6579	62.07
107	6696	62.58
108	6762	62.61
109	6855	62.89
110	6945	63.14
111	7052	63.53
112	7145	63.79
113	7246	64.12
114	7335	64.34
115	7432	64.63
116	7545	65.04
117	7657	65.44
118	7741	65.60
119	7832	65.82
120	8168	68.07
121	8021	66.29
122	8125	66.60
123	8236	66.96
124	8351	67.35
125	8458	67.66
126	8558	67.92
127	8647	68.09
128	8765	68.48
129	9933	77.00
130	9447	72.67
131	9519	72.66
132	9641	73.04
133	9771	73.47
134	9866	73.63
135	9982	73.94
136	10088	74.18
137	10205	74.49
138	10306	74.68
139	10410	74.89
140	12902	92.16
141	10737	76.15
142	10830	76.27
143	11055	77.31
144	11075	76.91
145	12638	87.16
146	11315	77.50
147	11428	77.74
148	11569	78.17
149	11676	78.36
150	11784	78.56
151	12863	85.19
152	18295	120.36
153	13039	85.22
154	12213	79.31
155	14692	94.79
156	12645	81.06
157	12765	81.31
158	12896	81.62
159	12995	81.73
160	13151	82.19
161	13244	82.26
162	13393	82.67
163	13514	82.91
164	13623	83.07
165	14677	88.95
166	13919	83.85
167	14077	84.29
168	14207	84.57
169	14344	84.88
170	14463	85.08
171	14599	85.37
172	14561	84.66
173	14659	84.73
174	16645	95.66
175	15038	85.93
176	15938	90.56
177	15988	90.33
178	16431	92.31
179	16097	89.93
180	17971	99.84
181	15816	87.38
182	15935	87.55
183	16070	87.81
184	16247	88.30
185	17975	97.16
186	16564	89.05
187	16711	89.36
188	16805	89.39
189	16948	89.67
190	17115	90.08
191	17281	90.48
192	17437	90.82
193	19690	102.02
194	18560	95.67
195	19046	97.67
196	19548	99.73
197	20268	102.88
198	29254	147.75
199	18900	94.97
200	19524	97.62
201	18636	92.72
202	18850	93.32
203	18994	93.57
204	19214	94.19
205	19328	94.28
206	19493	94.63
207	19662	94.99
208	19888	95.62
209	19968	95.54
210	20115	95.79
211	20287	96.15
212	20416	96.30
213	20575	96.60
214	20750	96.96
215	20955	97.47
216	22864	105.85
217	21337	98.33
218	21598	99.07
219	21650	98.86
220	23285	105.84
221	21988	99.49
222	22146	99.76
223	22314	100.06
224	22486	100.38
225	22636	100.60
226	23213	102.71
227	22977	101.22
228	23258	102.01
229	23340	101.92
230	23503	102.19
231	24720	107.01
232	25016	107.83
233	27565	118.30
234	25725	109.94
235	25709	109.40
236	29582	125.35
237	24860	104.89
238	24976	104.94
239	25391	106.24
240	25363	105.68
241	25246	104.76
242	27686	114.40
243	25762	106.02
244	25902	106.16
245	26077	106.44
246	26302	106.92
247	26529	107.40
248	26793	108.04
249	26851	107.84
250	27022	108.09
251	27216	108.43
252	27431	108.85
253	27579	109.01
254	27803	109.46
255	27943	109.58
256	28793	112.47
257	30915	120.29
258	31827	123.36
259	30884	119.24
260	29991	115.35
261	48426	185.54
262	29940	114.27
263	30270	115.10
264	30315	114.83
265	30512	115.14
266	30697	115.40
267	30984	116.04
268	31112	116.09
269	38685	143.81
270	32988	122.18
271	31730	117.08
272	31871	117.17
273	32077	117.50
274	32378	118.17
275	32555	118.38
276	32775	118.75
277	33080	119.42
278	35750	128.60
279	40731	145.99
280	36508	130.39
281	36633	130.37
282	35688	126.55
283	34486	121.86
284	35644	125.51
285	34500	121.05
286	34601	120.98
287	34830	121.36
288	35075	121.79
289	35424	122.57
290	35587	122.71
291	35654	122.52
292	35898	122.94
293	36041	123.01
294	36298	123.46
295	36715	124.46
296	36711	124.02
297	37007	124.60
298	38446	129.01
299	41345	138.28
300	39801	132.67
301	40901	135.88
302	38003	125.84
303	38221	126.14
304	38572	126.88
305	39633	129.94
306	39038	127.58
307	39212	127.73
308	39393	127.90
309	40007	129.47
310	39908	128.74
311	40125	129.02
312	43366	138.99
313	40541	129.52
314	40968	130.47
315	41019	130.22
316	42097	133.22
317	41498	130.91
318	41735	131.24
319	43284	135.69
320	42110	131.59
321	42376	132.01
322	42505	132.00
323	42708	132.22
324	43028	132.80
325	43202	132.93
326	44915	137.78
327	43747	133.78
328	44810	136.62
329	44454	135.12
330	44362	134.43
331	44681	134.99
332	44903	135.25
333	45161	135.62
334	45804	137.14
335	78942	235.65
336	45870	136.52
337	46225	137.17
338	46320	137.04
339	46564	137.36
340	46845	137.78
341	53039	155.54
342	47303	138.31
343	49235	143.54
344	47590	138.34
345	47915	138.88
346	48282	139.54
347	55733	160.61
348	50010	143.71
349	51314	147.03
350	49473	141.35
351	49536	141.13
352	50161	142.50
353	49959	141.53
354	50304	142.10
355	51075	143.87
356	50569	142.05
357	52369	146.69
358	51140	142.85
359	51388	143.14
360	53912	149.76
361	51961	143.94
362	52172	144.12
363	52597	144.90
364	54121	148.68
365	52960	145.10
366	58473	159.76
367	54149	147.54
368	53871	146.39
369	55537	150.51
370	54417	147.07
371	54596	147.16
372	56055	150.69
373	56393	151.19
374	61285	163.86
375	61288	163.43
376	58939	156.75
377	56252	149.21
378	56545	149.59
379	56858	150.02
380	57970	152.55
381	57397	150.65
382	59174	154.91
383	58762	153.43
384	58274	151.76
385	59153	153.64
386	58594	151.80
387	59953	154.92
388	63672	164.10
389	63221	162.52
390	59623	152.88
391	61654	157.68
392	60705	154.86
393	60589	154.17
394	60812	154.35
395	61100	154.68
396	62864	158.75
397	62008	156.19
398	66193	166.31
399	67556	169.31
400	63149	157.87
401	62830	156.68
402	63070	156.89
403	63324	157.13
404	67805	167.83
405	65477	161.67
406	65355	160.97
407	64537	158.57
408	64898	159.06
409	65235	159.50
410	67610	164.90
411	65686	159.82
412	65798	159.70
413	66971	162.16
414	67629	163.36
415	67377	162.35
416	67197	161.53
417	67969	163.00
418	68836	164.68
419	68340	163.10
420	68508	163.11
421	68740	163.28
422	73378	173.88
423	82942	196.08
424	70021	165.14
425	69576	163.71
426	69914	164.12
427	75472	176.75
428	79136	184.90
429	73350	170.98
430	80283	186.70
431	73579	170.72
432	71835	166.28
433	73498	169.74
434	72457	166.95
435	73478	168.91
436	74630	171.17
437	74698	170.93
438	73558	167.94
439	73822	168.16
440	75721	172.09
441	74869	169.77
442	74924	169.51
443	75175	169.70
444	81523	183.61
445	77849	174.94
446	76161	170.76
447	76471	171.08
448	76825	171.48
449	84267	187.68
450	79935	177.63
451	77789	172.48
452	79795	176.54
453	78996	174.38
454	78470	172.84
455	80318	176.52
456	79138	173.55
457	79541	174.05
458	81665	178.31
459	84960	185.10
460	82234	178.77
461	87263	189.29
462	81199	175.76
463	82078	177.27
464	84030	181.10
465	84107	180.88
466	91133	195.56
467	88728	190.00
468	86749	185.36
469	83568	178.18
470	91832	195.39
471	84113	178.58
472	85796	181.77
473	84978	179.66
474	85010	179.35
475	85513	180.03
476	87062	182.90
477	86110	180.52
478	86520	181.00
479	87990	183.70
480	87501	182.29
481	87432	181.77
482	87598	181.74
483	88436	183.10
484	88506	182.86
485	88730	182.95
486	89212	183.56
487	89423	183.62
488	89807	184.03
489	90234	184.53
490	92973	189.74
491	106981	217.88
492	106375	216.21
493	105716	214.43
494	91759	185.75
495	92227	186.32
496	92381	186.25
497	93363	187.85
498	99114	199.02
499	96922	194.23
500	99046	198.09
501	111026	221.61
502	94886	189.02
503	95013	188.89
504	102699	203.77
505	97011	192.10
506	104228	205.98
507	97163	191.64
508	96760	190.47
509	96973	190.52
510	98208	192.56
511	99196	194.12
512	99176	193.70
513	99467	193.89
514	101793	198.04
515	120429	233.84
516	99911	193.63
517	101141	195.63
518	102944	198.73
519	102877	198.22
520	111787	214.97
521	107184	205.73
522	102627	196.60
523	102421	195.83
524	103003	196.57
525	103791	197.70
526	105823	201.18
527	107711	204.39
528	106217	201.17
529	107457	203.13
530	111830	211.00
531	106077	199.77
532	107278	201.65
533	108819	204.16
534	116614	218.38
535	107682	201.27
536	110223	205.64
537	107954	201.03
538	109965	204.40
539	108417	201.14
540	109518	202.81
541	110630	204.49
542	114814	211.83
543	110360	203.24
544	110468	203.07
545	110832	203.36
546	115702	211.91
547	140826	257.45
548	112376	205.07
549	112716	205.31
550	114552	208.28
551	113367	205.75
552	113979	206.48
553	122448	221.42
554	114214	206.16
555	114532	206.36
556	116527	209.58
557	117122	210.27
558	116971	209.63
559	123408	220.77
560	118237	211.14
561	117287	209.07
562	117647	209.34
563	119371	212.03
564	127446	225.97
565	123756	219.04
566	124762	220.43
567	120256	212.09
568	119931	211.15
569	123440	216.94
570	120829	211.98
571	124378	217.82
572	124385	217.46
573	122425	213.66
574	125146	218.02
575	128129	222.83
576	123134	213.77
577	126951	220.02
578	125915	217.85
579	125562	216.86
580	125392	216.19
581	126249	217.30
582	125260	215.22
583	128036	219.62
584	126819	217.16
585	135333	231.34
586	127186	217.04
587	127275	216.82
588	128120	217.89
589	134185	227.82
590	128250	217.37
591	128911	218.12
592	130804	220.95
593	129883	219.03
594	129994	218.85
595	131298	220.67
596	132754	222.74
597	131262	219.87
598	133706	223.59
599	134557	224.64
600	135692	226.15
601	134745	224.20
602	134885	224.06
603	133852	221.98
604	135292	223.99
605	142496	235.53
606	138032	227.78
607	135202	222.74
608	138412	227.65
609	136199	223.64
610	137281	225.05
611	170753	279.46
612	142266	232.46
613	138722	226.30
614	147073	239.53
615	147943	240.56
616	148531	241.12
617	139732	226.47
618	143949	232.93
619	141995	229.39
620	141750	228.63
621	146605	236.08
622	142503	229.10
623	143773	230.78
624	148995	238.77
625	147733	236.37
626	150782	240.87
627	143587	229.01
628	145287	231.35
629	145827	231.84
630	150813	239.39
631	152504	241.69
632	147008	232.61
633	146995	232.22
634	149527	235.85
635	146784	231.16
636	151956	238.92
637	148323	232.85
638	149486	234.30
639	149194	233.48
640	149896	234.21
641	165613	258.37
642	151438	235.88
643	150670	234.32
644	157014	243.81
645	162628	252.14
646	159972	247.63
647	152495	235.70
648	156360	241.30
649	154062	237.38
650	162883	250.59
651	155410	238.73
652	156249	239.65
653	164722	252.25
654	159500	243.88
655	159097	242.90
656	156396	238.41
657	161172	245.32
658	163152	247.95
659	161561	245.16
660	162701	246.52
661	160192	242.35
662	162286	245.15
663	162391	244.93
664	162642	244.94
665	162788	244.79
666	171009	256.77
667	161712	242.45
668	169821	254.22
669	167550	250.45
670	164647	245.74
671	165074	246.01
672	163708	243.61
673	164424	244.32
674	171530	254.50
675	165802	245.63
676	166562	246.39
677	171497	253.32
678	170722	251.80
679	167024	245.99
680	169259	248.91
681	169146	248.38
682	175681	257.60
683	168522	246.74
684	170770	249.66
685	177857	259.65
686	173656	253.14
687	170950	248.84
688	173434	252.08
689	174183	252.81
690	173708	251.75
691	174246	252.16
692	173906	251.31
693	173382	250.19
694	176186	253.87
695	174523	251.11
696	174366	250.53
697	183073	262.66
698	192006	275.08
699	186263	266.47
700	178113	254.45
701	179715	256.37
702	177722	253.17
703	178958	254.56
704	188890	268.31
705	180366	255.84
706	183992	260.61
707	181571	256.82
708	198788	280.77
709	181860	256.50
710	202596	285.35
711	189789	266.93
712	183604	257.87
713	183556	257.44
714	187963	263.25
715	186110	260.29
716	190695	266.33
717	184437	257.23
718	185774	258.74
719	187213	260.38
720	185867	258.15
721	187070	259.46
722	189460	262.41
723	187801	259.75
724	189661	261.96
725	194589	268.40
726	190642	262.59
727	189704	260.94
728	193639	265.99
729	196840	270.01
730	195131	267.30
731	192957	263.96
732	206775	282.48
733	204557	279.07
734	194364	264.80
735	194941	265.23
736	196587	267.10
737	198236	268.98
738	195100	264.36
739	239102	323.55
740	196558	265.62
741	281340	379.68
742	273928	369.18
743	229319	308.64
744	215857	290.13
745	200853	269.60
746	199122	266.92
747	210465	281.75
748	209305	279.82
749	208826	278.81
750	203479	271.31
751	209879	279.47
752	202316	269.04
753	205599	273.04
754	238318	316.07
755	205853	272.65
756	205961	272.44
757	211523	279.42
758	209705	276.66
759	207592	273.51
760	208400	274.21
761	213702	280.82
762	216654	284.32
763	210482	275.86
764	209793	274.60
765	216397	282.87
766	255849	334.01
767	240169	313.13
768	216893	282.41
769	221354	287.85
770	220872	286.85
771	274907	356.56
772	304061	393.86
773	249768	323.12
774	253628	327.68
775	267023	344.55
776	234533	302.23
777	235394	302.95
778	217898	280.07
779	219730	282.07
780	219531	281.45
781	258254	330.67
782	218236	279.07
783	232704	297.20
784	218718	278.98
785	222110	282.94
786	229618	292.13
787	257387	327.05
788	427792	542.88
789	231391	293.27
790	222321	281.42
791	237580	300.35
792	239871	302.87
793	225074	283.83
794	224291	282.48
795	230836	290.36
796	224968	282.62
797	232550	291.78
798	234587	293.97
799	229484	287.21
800	229862	287.33
801	235371	293.85
802	228667	285.12
803	231548	288.35
804	230235	286.36
805	230455	286.28
806	248770	308.65
807	231519	286.89
808	252516	312.52
809	232673	287.61
810	234662	289.71
811	244930	302.01
812	236705	291.51
813	237168	291.72
814	250068	307.21
815	238008	292.03
816	237308	290.82
817	254390	311.37
818	238470	291.53
819	240571	293.74
820	241895	294.99
821	240194	292.56
822	240274	292.30
823	240297	291.98
824	258341	313.52
825	246961	299.35
826	248908	301.34
827	241853	292.45
828	244768	295.61
829	245127	295.69
830	254070	306.11
831	244538	294.27
832	255089	306.60
833	247016	296.54
834	247983	297.34
835	252452	302.34
836	250650	299.82
837	249841	298.50
838	257427	307.19
839	253568	302.23
840	255707	304.41
841	251164	298.65
842	251630	298.85
843	251067	297.83
844	254081	301.04
845	253224	299.67
846	262534	310.32
847	278396	328.68
848	256374	302.33
849	255273	300.67
850	256490	301.75
851	262705	308.70
852	259480	304.55
853	266597	312.54
854	259059	303.35
855	262422	306.93
856	267876	312.94
857	260869	304.40
858	264906	308.75
859	264264	307.64
860	263789	306.73
861	268021	311.29
862	262455	304.47
863	262538	304.22
864	263175	304.60
865	265563	307.01
866	283713	327.61
867	265920	306.71
868	269099	310.02
869	283304	326.01
870	276535	317.86
871	285612	327.91
872	286204	328.22
873	272161	311.75
874	274044	313.55
875	271579	310.38
876	283597	323.74
877	279928	319.19
878	272373	310.22
879	272911	310.48
880	274161	311.55
881	287738	326.60
882	274227	310.91
883	284484	322.18
884	275022	311.11
885	288896	326.44
886	279051	314.96
887	276559	311.79
888	291806	328.61
889	281344	316.47
890	292815	329.01
891	288225	323.48
892	282403	316.60
893	289625	324.33
894	281591	314.98
895	285522	319.02
896	281800	314.51
897	287883	320.94
898	284744	317.09
899	285285	317.34
900	295411	328.23
901	292726	324.89
902	287760	319.02
903	295788	327.56
904	299930	331.78
905	302407	334.15
906	301755	333.06
907	291303	321.17
908	291487	321.02
909	296365	326.03
910	290255	318.96
911	291472	319.95
912	296762	325.40
913	299964	328.55
914	303502	332.06
915	295426	322.87
916	295018	322.07
917	298435	325.45
918	306606	333.99
919	304027	330.82
920	302680	329.00
921	298660	324.28
922	313737	340.28
923	300051	325.08
924	310369	335.90
925	309890	335.02
926	307658	332.24
927	306756	330.91
928	303101	326.62
929	305047	328.36
930	304869	327.82
931	310410	333.42
932	308856	331.39
933	326153	349.57
934	320501	343.15
935	330319	353.28
936	309736	330.91
937	310150	331.00
938	311369	331.95
939	310668	330.85
940	312009	331.92
941	309487	328.89
942	311400	330.57
943	313367	332.31
944	319610	338.57
945	330083	349.29
946	315958	333.99
947	328878	347.28
948	323212	340.94
949	318290	335.40
950	325547	342.68
951	318484	334.89
952	326535	343.00
953	321184	337.02
954	331361	347.34
955	318234	333.23
956	323587	338.48
957	321771	336.23
958	320916	334.99
959	324640	338.52
960	331487	345.30
961	361115	375.77
962	325998	338.88
963	324092	336.54
964	333050	345.49
965	330505	342.49
966	331890	343.57
967	330428	341.70
968	339028	350.24
969	327164	337.63
970	338786	349.26
971	330558	340.43
972	331040	340.58
973	331458	340.66
974	332204	341.07
975	334226	342.80
976	339780	348.14
977	340275	348.29
978	337017	344.60
979	335954	343.16
980	341309	348.27
981	343672	350.33
982	338957	345.17
983	337461	343.30
984	343712	349.30
985	338675	343.83
986	338598	343.41
987	340091	344.57
988	350322	354.58
989	343750	347.57
990	369896	373.63
991	350503	353.69
992	351710	354.55
993	347531	349.98
994	370189	372.42
995	348264	350.01
996	360570	362.02
997	347163	348.21
998	347577	348.27
999	351126	351.48
1000	361504	361.50
1001	353818	353.46
1002	348804	348.11
1003	382662	381.52
1004	455153	453.34
1005	432692	430.54
1006	368516	366.32
1007	361325	358.81
1008	379084	376.08
1009	356212	353.03
1010	358477	354.93
1011	355275	351.41
1012	356624	352.40
1013	394212	389.15
1014	375317	370.14
1015	359990	354.67
1016	360760	355.08
1017	372354	366.13
1018	366867	360.38
1019	366060	359.23
1020	362838	355.72
1021	369327	361.73
1022	370359	362.39
1023	364991	356.78
1024	383048	374.07
1025	373217	364.11
1026	366278	357.00
1027	366205	356.58
1028	377892	367.60
1029	368849	358.45
1030	387298	376.02
1031	372701	361.49
1032	392314	380.15
1033	370212	358.39
1034	375587	363.24
1035	375452	362.76
1036	380133	366.92
1037	374116	360.77
1038	382934	368.92
1039	383239	368.85
1040	380875	366.23
1041	378959	364.03
1042	386195	370.63
1043	380100	364.43
1044	392360	375.82
1045	380832	364.43
1046	388126	371.06
1047	384022	366.78
1048	388077	370.30
1049	388920	370.75
1050	386603	368.19
1051	383418	364.81
1052	385483	366.43
1053	407862	387.33
1054	395212	374.96
1055	388475	368.22
1056	393250	372.40
1057	392161	371.01
1058	393097	371.55
1059	393442	371.52
1060	401608	378.88
1061	397132	374.30
1062	393952	370.95
1063	396238	372.75
1064	394598	370.86
1065	393824	369.79
1066	398833	374.14
1067	406547	381.02
1068	397031	371.75
1069	411656	385.09
1070	403173	376.80
1071	427066	398.75
1072	402070	375.07
1073	402798	375.39
1074	401661	373.99
1075	401629	373.61
1076	408112	379.29
1077	403458	374.61
1078	417788	387.56
1079	403885	374.31
1080	412830	382.25
1081	421840	390.23
1082	414402	383.00
1083	420255	388.05
1084	410764	378.93
1085	413115	380.75
1086	418091	384.98
1087	414720	381.53
1088	414900	381.34
1089	416784	382.72
1090	413552	379.41
1091	416266	381.55
1092	413007	378.21
1093	423416	387.39
1094	423083	386.73
1095	415931	379.85
1096	416083	379.64
1097	420309	383.14
1098	417635	380.36
1099	429162	390.50
1100	428279	389.34
1101	420726	382.13
1102	428774	389.09
1103	446902	405.17
1104	428199	387.86
1105	442552	400.50
1106	445744	403.02
1107	427961	386.60
1108	440359	397.44
1109	428425	386.32
1110	425014	382.90
1111	429809	386.87
1112	431980	388.47
1113	449994	404.31
1114	464197	416.69
1115	443641	397.88
1116	434608	389.43
1117	434148	388.67
1118	439929	393.50
1119	440236	393.42
1120	439080	392.04
1121	447721	399.39
1122	439840	392.01
1123	437362	389.46
1124	464656	413.40
1125	454143	403.68
1126	441866	392.42
1127	447683	397.23
1128	450161	399.08
1129	443667	392.97
1130	447345	395.88
1131	444669	393.16
1132	442894	391.25
1133	482881	426.20
1134	445706	393.04
1135	444315	391.47
1136	452303	398.15
1137	450395	396.13
1138	452875	397.96
1139	453640	398.28
1140	463947	406.97
1141	449850	394.26
1142	452672	396.39
1143	449103	392.92
1144	453997	396.85
1145	467058	407.91
1146	454563	396.65
1147	463312	403.93
1148	465298	405.31
1149	468394	407.65
1150	460510	400.44
1151	456010	396.19
1152	459576	398.94
1153	463729	402.19
1154	463740	401.85
1155	471961	408.62
1156	474963	410.87
1157	477470	412.68
1158	471875	407.49
1159	481693	415.61
1160	466938	402.53
1161	466758	402.03
1162	470627	405.01
1163	468874	403.16
1164	467882	401.96
1165	475038	407.76
1166	477178	409.24
1167	471651	404.16
1168	481683	412.40
1169	491241	420.22
1170	474382	405.45
1171	484176	413.47
1172	512604	437.38
1173	490021	417.75
1174	482992	411.41
1175	474487	403.82
1176	484111	411.66
1177	486626	413.45
1178	479912	407.40
1179	484018	410.53
1180	487231	412.91
1181	492479	417.00
1182	485193	410.48
1183	484098	409.21
1184	495373	418.39
1185	484416	408.79
1186	500712	422.19
1187	512035	431.37
1188	493825	415.68
1189	491552	413.42
1190	491366	412.91
1191	496096	416.54
1192	515527	432.49
1193	504233	422.66
1194	493579	413.38
1195	503366	421.23
1196	503968	421.38
1197	496258	414.58
1198	502989	419.86
1199	506093	422.10
1200	502077	418.40
1201	496435	413.35
1202	497465	413.86
1203	527564	438.54
1204	523456	434.76
1205	515855	428.10
1206	542354	449.71
1207	510324	422.80
1208	516035	427.18
1209	511502	423.08
1210	508332	420.11
1211	508341	419.77
1212	510404	421.13
1213	526679	434.20
1214	520200	428.50
1215	511824	421.25
1216	515314	423.78
1217	519429	426.81
1218	509334	418.17
1219	514651	422.19
1220	509649	417.75
1221	519910	425.81
1222	522656	427.71
1223	525528	429.70
1224	522976	427.27
1225	550751	449.59
1226	527156	429.98
1227	521138	424.73
1228	529038	430.81
1229	522249	424.94
1230	527112	428.55
1231	521600	423.72
1232	545835	443.05
1233	523215	424.34
1234	529403	429.01
1235	534893	433.11
1236	526624	426.07
1237	528006	426.84
1238	524214	423.44
1239	551927	445.46
1240	539766	435.30
1241	531375	428.18
1242	541611	436.08
1243	538138	432.93
1244	538099	432.56
1245	541068	434.59
1246	547768	439.62
1247	541071	433.90
1248	536047	429.52
1249	543401	435.07
1250	536903	429.52
1251	551545	440.88
1252	562284	449.11
1253	544630	434.66
1254	541899	432.14
1255	540588	430.75
1256	541823	431.39
1257	556501	442.72
1258	573208	455.65
1259	568571	451.61
1260	560398	444.76
1261	556806	441.56
1262	550238	436.00
1263	556433	440.56
1264	554381	438.59
1265	550695	435.33
1266	558003	440.76
1267	571369	450.96
1268	551870	435.23
1269	570080	449.24
1270	556558	438.23
1271	565485	444.91
1272	568657	447.06
1273	557073	437.61
1274	559372	439.07
1275	559544	438.86
1276	572726	448.84
1277	559462	438.11
1278	567371	443.95
1279	570109	445.75
1280	564845	441.29
1281	574362	448.37
1282	564591	440.40
1283	569225	443.67
1284	596779	464.78
1285	576814	448.88
1286	582076	452.63
1287	579480	450.26
1288	585850	454.85
1289	570760	442.79
1290	578651	448.57
1291	575855	446.05
1292	577632	447.08
1293	580365	448.85
1294	577764	446.49
1295	580510	448.27
1296	596406	460.19
1297	603123	465.01
1298	579846	446.72
1299	586348	451.38
1300	585320	450.25
1301	588102	452.04
1302	603956	463.87
1303	597310	458.41
1304	593908	455.45
1305	612175	469.10
1306	587594	449.92
1307	585663	448.10
1308	592113	452.69
1309	592503	452.64
1310	598673	457.00
1311	617370	470.92
1312	591353	450.73
1313	592353	451.14
1314	590552	449.43
1315	607188	461.74
1316	664935	505.27
1317	617696	469.02
1318	617547	468.55
1319	605895	459.36
1320	603162	456.94
1321	607837	460.13
1322	604957	457.61
1323	600955	454.24
1324	626410	473.12
1325	600552	453.25
1326	609286	459.49
1327	609075	458.99
1328	619479	466.48
1329	612923	461.19
1330	608567	457.57
1331	605766	455.12
1332	610228	458.13
1333	625833	469.49
1334	621991	466.26
1335	623173	466.80
1336	613058	458.88
1337	612388	458.03
1338	612993	458.14
1339	622178	464.66
1340	629309	469.63
1341	632016	471.30
1342	628279	468.17
1343	631829	470.46
1344	638095	474.77
1345	625123	464.78
1346	636522	472.90
1347	621006	461.03
1348	627550	465.54
1349	630214	467.17
1350	630755	467.23
1351	669799	495.78
1352	628351	464.76
1353	624398	461.49
1354	642826	474.76
1355	632721	466.95
1356	635477	468.64
1357	640895	472.29
1358	641928	472.70
1359	637668	469.22
1360	646576	475.42
1361	640245	470.42
1362	631267	463.49
1363	654564	480.24
1364	659029	483.16
1365	663020	485.73
1366	643297	470.93
1367	669469	489.74
1368	650246	475.33
1369	650435	475.12
1370	648595	473.43
1371	653838	476.91
1372	662645	482.98
1373	652685	475.37
1374	655124	476.80
1375	651340	473.70
1376	722412	525.01
1377	1002412	727.97
1378	696271	505.28
1379	676211	490.36
1380	657749	476.63
1381	667291	483.19
1382	660676	478.06
1383	658063	475.82
1384	657082	474.77
1385	692602	500.07
1386	655418	472.88
1387	668725	482.14
1388	664412	478.68
1389	659345	474.69
1390	667409	480.15
1391	672165	483.22
1392	678180	487.20
1393	689866	495.24
1394	681266	488.71
1395	678089	486.09
1396	667765	478.34
1397	668912	478.82
1398	671271	480.17
1399	675522	482.86
1400	677465	483.90
1401	681936	486.75
1402	715764	510.53
1403	706865	503.82
1404	685222	488.05
1405	689807	490.97
1406	675489	480.43
1407	690713	490.91
1408	677770	481.37
1409	690950	490.38
1410	688852	488.55
1411	682004	483.35
1412	688140	487.35
1413	688594	487.33
1414	687843	486.45
1415	690594	488.05
1416	688788	486.43
1417	684728	483.22
1418	694195	489.56
1419	692226	487.83
1420	705510	496.84
1421	700493	492.96
1422	707022	497.20
1423	692488	486.64
1424	699116	490.95
1425	693699	486.81
1426	706746	495.61
1427	708742	496.67
1428	703153	492.40
1429	722428	505.55
1430	700558	489.90
1431	712027	497.57
1432	705625	492.75
1433	708365	494.32
1434	727013	506.98
1435	703322	490.12
1436	737239	513.40
1437	705212	490.75
1438	707285	491.85
1439	710149	493.50
1440	709640	492.81
1441	731941	507.94
1442	726193	503.60
1443	718430	497.87
1444	718797	497.78
1445	735281	508.84
1446	746130	516.00
1447	770583	532.54
1448	725978	501.37
1449	719541	496.58
1450	723644	499.06
1451	715906	493.39
1452	737345	507.81
1453	734705	505.65
1454	737287	507.07
1455	728326	500.57
1456	732372	503.00
1457	740983	508.57
1458	730108	500.76
1459	723072	495.59
1460	749005	513.02
1461	729328	499.20
1462	746799	510.81
1463	733238	501.19
1464	727433	496.88
1465	738253	503.93
1466	769343	524.79
1467	764391	521.06
1468	747243	509.02
1469	750780	511.08
1470	735857	500.58
1471	739268	502.56
1472	748623	508.58
1473	758917	515.22
1474	747233	506.94
1475	753253	510.68
1476	751289	509.00
1477	751562	508.84
1478	748151	506.19
1479	742560	502.07
1480	764894	516.82
1481	764840	516.43
1482	758618	511.89
1483	752209	507.22
1484	747478	503.69
1485	757223	509.91
1486	784712	528.07
1487	771124	518.58
1488	768228	516.28
1489	777104	521.90
1490	767793	515.30
1491	754955	506.34
1492	782063	524.17
1493	782062	523.82
1494	767506	513.73
1495	769599	514.78
1496	763797	510.56
1497	774160	517.14
1498	779755	520.53
1499	769060	513.05
1500	786876	524.58
1501	783101	521.72
1502	814893	542.54
1503	769868	512.22
1504	777261	516.80
1505	782029	519.62
1506	789183	524.03
1507	774795	514.13
1508	774669	513.71
1509	775221	513.73
1510	791246	524.00
1511	801332	530.33
1512	785652	519.61
1513	795346	525.67
1514	788967	521.11
1515	784081	517.55
1516	787975	519.77
1517	805713	531.12
1518	792123	521.82
1519	799934	526.62
1520	795096	523.09
1521	798257	524.82
1522	786100	516.49
1523	792733	520.51
1524	802322	526.46
1525	808271	530.01
1526	804145	526.96
1527	789990	517.35
1528	802498	525.20
1529	811634	530.83
1530	825752	539.71
1531	816020	533.00
1532	809184	528.19
1533	813103	530.40
1534	808837	527.27
1535	806449	525.37
1536	811943	528.61
1537	812617	528.70
1538	813814	529.14
1539	805030	523.09
1540	830610	539.36
1541	805821	522.92
1542	835747	541.99
1543	816305	529.04
1544	816364	528.73
1545	819152	530.20
1546	809792	523.80
1547	837484	541.36
1548	831299	537.01
1549	825283	532.78
1550	825888	532.83
1551	826773	533.06
1552	837675	539.74
1553	860863	554.32
1554	829142	533.55
1555	843948	542.73
1556	826439	531.13
1557	824081	529.27
1558	838536	538.21
1559	839534	538.51
1560	844821	541.55
1561	839334	537.69
1562	837035	535.87
1563	838895	536.72
1564	843934	539.60
1565	841744	537.86
1566	836060	533.88
1567	841703	537.14
1568	839603	535.46
1569	845477	538.86
1570	852581	543.05
1571	855642	544.65
1572	857973	545.78
1573	847776	538.95
1574	844465	536.51
1575	843270	535.41
1576	856128	543.23
1577	856792	543.31
1578	857378	543.33
1579	865721	548.27
1580	871863	551.81
1581	856037	541.45
1582	860299	543.80
1583	854727	539.94
1584	866256	546.88
1585	867310	547.20
1586	851844	537.10
1587	876544	552.33
1588	862556	543.17
1589	863040	543.13
1590	858933	540.21
1591	865903	544.25
1592	872165	547.84
1593	875320	549.48
1594	880858	552.61
1595	870206	545.58
1596	869777	544.97
1597	862871	540.31
1598	889441	556.60
1599	883907	552.79
1600	882570	551.61
1601	910066	568.44
1602	879272	548.86
1603	870817	543.24
1604	891426	555.75
1605	891703	555.58
1606	896278	558.08
1607	877812	546.24
1608	881423	548.15
1609	901577	560.33
1610	908958	564.57
1611	900367	558.89
1612	890245	552.26
1613	897418	556.37
1614	930005	576.21
1615	903621	559.52
1616	891973	551.96
1617	914906	565.80
1618	886523	547.91
1619	910222	562.21
1620	896439	553.36
1621	895611	552.51
1622	902174	556.21
1623	915820	564.28
1624	894580	550.85
1625	919986	566.15
1626	907628	558.20
1627	909350	558.91
1628	896471	550.66
1629	905471	555.84
1630	923188	566.37
1631	928426	569.24
1632	922084	565.00
1633	910236	557.40
1634	910415	557.17
1635	942909	576.70
1636	972209	594.26
1637	928670	567.30
1638	918523	560.76
1639	922346	562.75
1640	909805	554.76
1641	923565	562.81
1642	921011	560.91
1643	926959	564.19
1644	921421	560.48
1645	920866	559.80
1646	943443	573.17
1647	945004	573.77
1648	941154	571.09
1649	939259	569.59
1650	933252	565.61
1651	956001	579.04
1652	944306	571.61
1653	972703	588.45
1654	935431	565.56
1655	946817	572.09
1656	947616	572.23
1657	937129	565.56
1658	962830	580.72
1659	948034	571.45
1660	937318	564.65
1661	941868	567.05
1662	952437	573.07
1663	946220	568.98
1664	943743	567.15
1665	936746	562.61
1666	988063	593.08
1667	960108	575.95
1668	957925	574.30
1669	950406	569.45
1670	948070	567.71
1671	962062	575.74
1672	960011	574.17
1673	966390	577.64
1674	965497	576.76
1675	954330	569.75
1676	950546	567.15
1677	988310	589.33
1678	1005133	599.01
1679	962449	573.23
1680	961062	572.06
1681	977344	581.41
1682	964025	573.14
1683	970359	576.57
1684	977376	580.39
1685	975873	579.15
1686	970607	575.69
1687	1002788	594.42
1688	981504	581.46
1689	965881	571.87
1690	968342	572.98
1691	980769	579.99
1692	984609	581.92
1693	990720	585.19
1694	981069	579.14
1695	987835	582.79
1696	978153	576.74
1697	990980	583.96
1698	990489	583.33
1699	1036496	610.06
1700	1041279	612.52
1701	1030824	606.01
1702	999985	587.54
1703	1000332	587.39
1704	988668	580.20
1705	984602	577.48
1706	1043330	611.57
1707	1011482	592.55
1708	1011198	592.04
1709	997199	583.50
1710	988978	578.35
1711	999476	584.15
1712	1008179	588.89
1713	1010513	589.91
1714	996573	581.43
1715	1016068	592.46
1716	1003040	584.52
1717	1018573	593.23
1718	1014219	590.35
1719	1006426	585.47
1720	1002050	582.59
1721	1035226	601.53
1722	1025213	595.36
1723	1023878	594.24
1724	1019731	591.49
1725	1034350	599.62
1726	1030278	596.92
1727	1024697	593.34
1728	1029756	595.92
1729	1012178	585.41
1730	1033477	597.39
1731	1028389	594.10
1732	1021719	589.91
1733	1016702	586.67
1734	1021178	588.91
1735	1070038	616.74
1736	1035975	596.76
1737	1024355	589.73
1738	1022016	588.04
1739	1042048	599.22
1740	1065016	612.08
1741	1070243	614.73
1742	1055121	605.70
1743	1040237	596.81
1744	1050357	602.27
1745	1067862	611.96
1746	1077337	617.03
1747	1032247	590.87
1748	1047038	598.99
1749	1047216	598.75
1750	1073670	613.53
1751	1048323	598.70
1752	1039531	593.34
1753	1049797	598.86
1754	1061632	605.26
1755	1057039	602.30
1756	1044331	594.72
1757	1055763	600.89
1758	1057936	601.78
1759	1054339	599.40
1760	1061370	603.05
1761	1071965	608.73
1762	1062695	603.12
1763	1172817	665.24
1764	1197476	678.84
1765	1199177	679.42
1766	1099137	622.39
1767	1083465	613.17
1768	1067844	603.98
1769	1061515	600.07
1770	1057060	597.21
1771	1084068	612.12
1772	1070714	604.24
1773	1081147	609.78
1774	1066204	601.02
1775	1063138	598.95
1776	1085450	611.18
1777	1084535	610.32
1778	1177351	662.18
1779	1086598	610.79
1780	1099956	617.95
1781	1097554	616.26
1782	1087789	610.43
1783	1078459	604.86
1784	1093474	612.93
1785	1094975	613.43
1786	1108974	620.93
1787	1099111	615.06
1788	1084774	606.70
1789	1112609	621.92
1790	1100667	614.90
1791	1103297	616.02
1792	1097200	612.28
1793	1147726	640.11
1794	1097208	611.60
1795	1113639	620.41
1796	1133985	631.39
1797	1136526	632.46
1798	1113933	619.54
1799	1112066	618.16
1800	1100271	611.26
1801	1120753	622.29
1802	1130680	627.46
1803	1137099	630.67
1804	1115984	618.62
1805	1103649	611.44
1806	1108294	613.67
1807	1167744	646.23
1808	1126909	623.29
1809	1108472	612.75
1810	1123202	620.55
1811	1136327	627.46
1812	1128793	622.95
1813	1121329	618.49
1814	1125723	620.57
1815	1123764	619.15
1816	1137865	626.58
1817	1116985	614.74
1818	1121317	616.79
1819	1137415	625.30
1820	1139478	626.09
1821	1164141	639.29
1822	1141663	626.60
1823	1122669	615.84
1824	1153179	632.23
1825	1129208	618.74
1826	1140176	624.41
1827	1144995	626.71
1828	1175145	642.86
1829	1148923	628.17
1830	1143165	624.68
1831	1130996	617.69
1832	1155370	630.66
1833	1173700	640.32
1834	1173390	639.80
1835	1136131	619.14
1836	1145563	623.94
1837	1156687	629.66
1838	1153405	627.53
1839	1220913	663.90
1840	1182242	642.52
1841	1190366	646.59
1842	1159532	629.50
1843	1152982	625.60
1844	1152895	625.21
1845	1166534	632.27
1846	1169195	633.37
1847	1174684	636.00
1848	1166330	631.13
1849	1162197	628.55
1850	1166873	630.74
1851	1181042	638.06
1852	1161331	627.07
1853	1200255	647.74
1854	1178874	635.85
1855	1166873	629.04
1856	1164353	627.35
1857	1196368	644.25
1858	1170830	630.16
1859	1176043	632.62
1860	1166151	626.96
1861	1202557	646.19
1862	1189884	639.04
1863	1195978	641.96
1864	1175153	630.45
1865	1189250	637.67
1866	1197039	641.50
1867	1191857	638.38
1868	1185546	634.66
1869	1198845	641.44
1870	1226850	656.07
1871	1199131	640.90
1872	1190479	635.94
1873	1196788	638.97
1874	1200065	640.38
1875	1199046	639.49
1876	1187111	632.79
1877	1208111	643.64
1878	1209075	643.81
1879	1206460	642.08
1880	1212221	644.80
1881	1206932	641.64
1882	1213901	645.01
1883	1206632	640.80
1884	1199889	636.88
1885	1229358	652.18
1886	1210292	641.72
1887	1215781	644.29
1888	1203649	637.53
1889	1211334	641.26
1890	1236323	654.14
1891	1223570	647.05
1892	1208004	638.48
1893	1212798	640.68
1894	1222172	645.29
1895	1214709	641.01
1896	1210207	638.29
1897	1239132	653.21
1898	1253023	660.18
1899	1235959	650.85
1900	1218328	641.23
1901	1256479	660.96
1902	1241510	652.74
1903	1258050	661.09
1904	1229121	645.55
1905	1252369	657.41
1906	1240275	650.72
1907	1252407	656.74
1908	1233365	646.42
1909	1252720	656.22
1910	1303700	682.57
1911	1244287	651.12
1912	1266546	662.42
1913	1252957	654.97
1914	1245664	650.82
1915	1243535	649.37
1916	1283044	669.65
1917	1249047	651.56
1918	1256083	654.89
1919	1253870	653.40
1920	1234601	643.02
1921	1286089	669.49
1922	1267694	659.57
1923	1245538	647.71
1924	1255153	652.37
1925	1300973	675.83
1926	1258564	653.46
1927	1279008	663.73
1928	1272536	660.03
1929	1264439	655.49
1930	1258365	652.00
1931	1263258	654.20
1932	1302638	674.24
1933	1264993	654.42
1934	1282081	662.92
1935	1435011	741.61
1936	1281554	661.96
1937	1308209	675.38
1938	1275851	658.33
1939	1306047	673.57
1940	1277649	658.58
1941	1288782	663.98
1942	1299685	669.25
1943	1304211	671.24
1944	1306891	672.27
1945	1280970	658.60
1946	1302565	669.36
1947	1288912	662.00
1948	1299673	667.18
1949	1280398	656.95
1950	1290765	661.93
1951	1302750	667.73
1952	1332871	682.82
1953	1318773	675.25
1954	1292436	661.43
1955	1326216	678.37
1956	1292282	660.68
1957	1323511	676.30
1958	1301923	664.92
1959	1305613	666.47
1960	1317374	672.13
1961	1295310	660.54
1962	1327117	676.41
1963	1313281	669.02
1964	1300620	662.23
1965	1310021	666.68
1966	1315786	669.27
1967	1317066	669.58
1968	1303109	662.15
1969	1332517	676.75
1970	1330981	675.62
1971	1330072	674.82
1972	1409079	714.54
1973	1350210	684.34
1974	1335340	676.46
1975	1483787	751.28
1976	1330856	673.51
1977	1387759	701.95
1978	1330627	672.71
1979	1321141	667.58
1980	1335337	674.41
1981	1340956	676.91
1982	1320940	666.47
1983	1334740	673.09
1984	1361856	686.42
1985	1339508	674.82
1986	1348613	679.06
1987	1374905	691.95
1988	1344973	676.55
1989	1337642	672.52
1990	1352556	679.68
1991	1362859	684.51
1992	1348180	676.80
1993	1337978	671.34
1994	1347189	675.62
1995	1381418	692.44
1996	1355879	679.30
1997	1344676	673.35
1998	1349220	675.29
1999	1369415	685.05
2000	1351744	675.87
2001	1417925	708.61
2002	1370648	684.64
2003	1364098	681.03
2004	1366166	681.72
2005	1375325	685.95
2006	1373270	684.58
2007	1353661	674.47
2008	1361019	677.80
2009	1397481	695.61
2010	1373158	683.16
2011	1374017	683.25
2012	1402329	696.98
2013	1376460	683.79
2014	1368990	679.74
2015	1383890	686.79
2016	1385151	687.08
2017	1398332	693.27
2018	1369822	678.80
2019	1418942	702.79
2020	1387397	686.83
2021	1387491	686.54
2022	1372835	678.95
2023	1435417	709.55
2024	1396090	689.77
2025	1380389	681.67
2026	1392851	687.49
2027	1445621	713.18
2028	1418037	699.23
2029	1396694	688.37
2030	1400220	689.76
2031	1397685	688.18
2032	1416128	696.91
2033	1443755	710.16
2034	1398739	687.68
2035	1418612	697.11
2036	1405613	690.38
2037	1417936	696.09
2038	1449087	711.03
2039	1464390	718.19
2040	1422475	697.29
2041	1414746	693.16
2042	1408912	689.97
2043	1431255	700.57
2044	1424977	697.15
2045	1428105	698.34
2046	1405992	687.19
2047	1425005	696.14
2048	1422746	694.70
2049	1410064	688.17
2050	1430711	697.91
2051	1449366	706.66
2052	1442925	703.18
2053	1423659	693.45
2054	1440506	701.32
2055	1466922	713.83
2056	1463965	712.05
2057	1436981	698.58
2058	1435142	697.35
2059	1443563	701.10
2060	1429366	693.87
2061	1464409	710.53
2062	1434634	695.75
2063	1453644	704.63
2064	1448178	701.64
2065	1454821	704.51
2066	1438845	696.44
2067	1456158	704.48
2068	1463707	707.79
2069	1462243	706.74
2070	1502429	725.81
2071	1512128	730.14
2072	1452087	700.81
2073	1451530	700.21
2074	1487872	717.39
2075	1466186	706.60
2076	1458525	702.57
2077	1471978	708.70
2078	1472889	708.80
2079	1451031	697.95
2080	1471313	707.36
2081	1477859	710.17
2082	1486122	713.80
2083	1459063	700.46
2084	1547471	742.55
2085	1488167	713.75
2086	1523616	730.40
2087	1546634	741.08
2088	1520713	728.31
2089	1506044	720.94
2090	1580189	756.07
2091	1582539	756.83
2092	1519748	726.46
2093	1518507	725.52
2094	1493760	713.35
2095	1488734	710.61
2096	1504349	717.72
2097	1509669	719.92
2098	1497128	713.60
2099	1534509	731.07
2100	1502941	715.69
2101	1576838	750.52
2102	1505366	716.16
2103	1500158	713.34
2104	1509326	717.36
2105	1501988	713.53
2106	1521854	722.63
2107	1523106	722.88
2108	1499500	711.34
2109	1531161	726.01
2110	1523397	721.99
2111	1631177	772.70
2112	1525745	722.42
2113	1513276	716.17
2114	1518710	718.41
2115	1498134	708.34
2116	1531491	723.77
2117	1513372	714.87
2118	1523532	719.33
2119	1564065	738.11
2120	1529444	721.44
2121	1527138	720.01
2122	1567027	738.47
2123	1537916	724.41
2124	1521991	716.57
2125	1543116	726.17
2126	1544326	726.40
2127	1538695	723.41
2128	1535448	721.55
2129	1550547	728.30
2130	1539063	722.56
2131	1547433	726.15
2132	1543905	724.16
2133	1547541	725.52
2134	1552492	727.50
2135	1563653	732.39
2136	1536959	719.55
2137	1547903	724.33
2138	1556682	728.10
2139	1546378	722.94
2140	1541906	720.52
2141	1577863	736.97
2142	1557233	727.00
2143	1542243	719.67
2144	1561619	728.37
2145	1579712	736.46
2146	1589263	740.57
2147	1564155	728.53
2148	1554879	723.87
2149	1562487	727.08
2150	1579118	734.47
2151	1579532	734.32
2152	1564072	726.80
2153	1572300	730.28
2154	1580117	733.57
2155	1564295	725.89
2156	1614472	748.83
2157	1600837	742.16
2158	1584411	734.20
2159	1577527	730.67
2160	1606966	743.97
2161	1571308	727.12
2162	1585850	733.51
2163	1604617	741.85
2164	1582721	731.39
2165	1587005	733.03
2166	1588105	733.20
2167	1583815	730.88
2168	1594527	735.48
2169	1588220	732.24
2170	1609889	741.88
2171	1587559	731.26
2172	1611695	742.03
2173	1589446	731.45
2174	1610184	740.66
2175	1615332	742.68
2176	1604363	737.30
2177	1603531	736.58
2178	1607859	738.23
2179	1617722	742.41
2180	1591161	729.89
2181	1608736	737.61
2182	1658870	760.25
2183	1604651	735.07
2184	1669699	764.51
2185	1616517	739.82
2186	1615365	738.96
2187	1638839	749.35
2188	1676526	766.24
2189	1645429	751.68
2190	1634810	746.49
2191	1641605	749.25
2192	1622329	740.11
2193	1643223	749.30
2194	1631568	743.65
2195	1643727	748.85
2196	1654095	753.23
2197	1634329	743.89
2198	1634518	743.64
2199	1641195	746.34
2200	1693463	769.76
2201	1655521	752.17
2202	1705915	774.71
2203	2512505	1140.49
2204	1643292	745.60
2205	1658859	752.32
2206	1650294	748.09
2207	1659088	751.74
2208	1638553	742.10
2209	1656324	749.81
2210	1668890	755.15
2211	1674685	757.43
2212	1646845	744.50
2213	1818509	821.74
2214	1645723	743.33
2215	1670696	754.26
2216	1696758	765.69
2217	1660798	749.12
2218	1668765	752.37
2219	1662957	749.42
2220	1676683	755.26
2221	1656192	745.70
2222	1701320	765.67
2223	1700902	765.14
2224	1667840	749.93
2225	1690644	759.84
2226	1666807	748.79
2227	1691695	759.63
2228	1690541	758.77
2229	1697684	761.63
2230	1686955	756.48
2231	1690317	757.65
2232	1675389	750.62
2233	1693862	758.56
2234	1681088	752.50
2235	1673991	748.99
2236	1716002	767.44
2237	1712983	765.75
2238	1693047	756.50
2239	1699345	758.97
2240	1708864	762.89
2241	1691061	754.60
2242	1719416	766.91
2243	1698581	757.28
2244	1713698	763.68
2245	1721011	766.60
2246	1719520	765.59
2247	1726106	768.18
2248	1708379	759.96
2249	1718280	764.02
2250	1745965	775.98
2251	1725398	766.50
2252	1707309	758.13
2253	1726425	766.28
2254	1712767	759.88
2255	1732095	768.11
2256	1740389	771.45
2257	1720160	762.14
2258	1724194	763.59
2259	1729879	765.77
2260	1724939	763.25
2261	1712521	757.42
2262	1743035	770.57
2263	1717320	758.87
2264	1764008	779.16
2265	1749611	772.46
2266	1735016	765.67
2267	1772651	781.94
2268	1751176	772.12
2269	1755946	773.89
2270	1769689	779.60
2271	1756852	773.60
2272	1744493	767.82
2273	1749673	769.76
2274	1738568	764.54
2275	1780904	782.81
2276	1754736	770.97
2277	1742853	765.42
2278	1775661	779.48
2279	1790717	785.75
2280	1741068	763.63
2281	1992311	873.44
2282	1757765	770.27
2283	1761031	771.37
2284	1798886	787.60
2285	1762459	771.32
2286	1773363	775.75
2287	1759739	769.45
2288	1754337	766.76
2289	1799567	786.18
2290	1797206	784.81
2291	1774671	774.63
2292	1796054	783.62
2293	1782767	777.48
2294	1819393	793.11
2295	1774602	773.25
2296	1765536	768.96
2297	1797887	782.71
2298	1803260	784.71
2299	1765779	768.06
2300	1822044	792.19
2301	1891228	821.92
2302	1825779	793.13
2303	1806177	784.27
2304	1788482	776.25
2305	1823171	790.96
2306	1804162	782.38
2307	1845592	800.00
2308	2026579	878.07
2309	2045342	885.81
2310	1836013	794.81
2311	1803107	780.23
2312	1796407	776.99
2313	1852798	801.04
2314	1812000	783.06
2315	1801984	778.39
2316	1826346	788.58
2317	1817973	784.62
2318	1824548	787.12
2319	1835518	791.51
2320	1812982	781.46
2321	1824983	786.29
2322	1830343	788.26
2323	1824777	785.53
2324	1824976	785.27
2325	1810775	778.83
2326	1870644	804.23
2327	1839055	790.31
2328	1830680	786.37
2329	1843429	791.51
2330	1834871	787.50
2331	1845006	791.51
2332	1848136	792.51
2333	1828901	783.93
2334	1847933	791.75
2335	1858854	796.08
2336	1829855	783.33
2337	1839927	787.30
2338	1849421	791.03
2339	1845742	789.12
2340	1862592	795.98
2341	1841783	786.75
2342	1862482	795.25
2343	1989148	848.97
2344	1940313	827.78
2345	1888564	805.36
2346	1861834	793.62
2347	1861052	792.95
2348	1868441	795.76
2349	1861514	792.47
2350	1870167	795.82
2351	1868386	794.72
2352	1884455	801.21
2353	1879169	798.63
2354	1978624	840.54
2355	1872099	794.95
2356	1954325	829.51
2357	1877699	796.65
2358	1876842	795.95
2359	1890406	801.36
2360	1903857	806.72
2361	1897066	803.50
2362	1887428	799.08
2363	1899138	803.70
2364	1902443	804.76
2365	1893403	800.59
2366	1903780	804.64
2367	1904109	804.44
2368	2009588	848.64
2369	1939159	818.56
2370	1964684	828.98
2371	1937415	817.13
2372	1925409	811.72
2373	1902319	801.65
2374	1896435	798.84
2375	1904866	802.05
2376	1923388	809.51
2377	1897964	798.47
2378	1917349	806.29
2379	1921445	807.67
2380	1922299	807.69
2381	1920221	806.48
2382	1905288	799.87
2383	1960959	822.90
2384	1915368	803.43
2385	2130985	893.49
2386	1927137	807.69
2387	1904697	797.95
2388	1956597	819.35
2389	1933401	809.29
2390	1935323	809.76
2391	1965860	822.19
2392	1922324	803.65
2393	1947041	813.64
2394	1927594	805.18
2395	1937017	808.78
2396	1984506	828.26
2397	1924961	803.07
2398	1979527	825.49
2399	1964754	818.99
2400	1962309	817.63
2401	1972075	821.36
2402	1940729	807.96
2403	1994836	830.14
2404	1962094	816.18
2405	1954051	812.50
2406	1977629	821.96
2407	1943482	807.43
2408	1958058	813.15
2409	1961793	814.36
2410	1958197	812.53
2411	1971665	817.78
2412	1968742	816.23
2413	1971770	817.14
2414	1981055	820.65
2415	1996912	826.88
2416	1980552	819.76
2417	1961175	811.41
2418	1975427	816.97
2419	1967918	813.53
2420	1985089	820.28
2421	1979698	817.72
2422	1976621	816.11
2423	2014555	831.43
2424	1981683	817.53
2425	1976432	815.02
2426	2042120	841.76
2427	1983931	817.44
2428	2013469	829.27
2429	1999677	823.25
2430	1995856	821.34
2431	1983973	816.11
2432	2012838	827.65
2433	2012886	827.33
2434	2007994	824.98
2435	2065728	848.35
2436	2019250	828.92
2437	2005763	823.05
2438	2001650	821.02
2439	2028775	831.81
2440	2018496	827.25
2441	2019294	827.24
2442	2021044	827.62
2443	2023992	828.49
2444	2072478	847.99
2445	2050583	838.68
2446	2035555	832.20
2447	2030977	829.99
2448	2032247	830.17
2449	2029799	828.83
2450	2027291	827.47
2451	2033034	829.47
2452	2032875	829.07
2453	2017787	822.58
2454	2052046	836.20
2455	2032097	827.74
2456	2044728	832.54
2457	2030224	826.30
2458	2037893	829.09
2459	2077613	844.90
2460	2061489	838.00
2461	2040440	829.11
2462	2078623	844.28
2463	2053290	833.65
2464	2061323	836.58
2465	2035131	825.61
2466	2071899	840.19
2467	2066811	837.78
2468	2076287	841.28
2469	2063660	835.83
2470	2060767	834.32
2471	2101201	850.34
2472	2046088	827.71
2473	2075763	839.37
2474	2063111	833.92
2475	2051991	829.09
2476	2097933	847.31
2477	2071584	836.33
2478	2110552	851.72
2479	2080297	839.17
2480	2102390	847.74
2481	2079490	838.17
2482	2082028	838.85
2483	2103608	847.20
2484	2071534	833.95
2485	2106215	847.57
2486	2079702	836.57
2487	2108397	847.77
2488	2102415	845.02
2489	2103534	845.13
2490	2090428	839.53
2491	2082651	836.07
2492	2136850	857.48
2493	2079264	834.04
2494	2095594	840.25
2495	2127899	852.87
2496	2116387	847.91
2497	2091682	837.68
2498	2091442	837.25
2499	2130595	852.58
2500	2146287	858.51
2501	2130852	852.00
2502	2113726	844.81
2503	2142090	855.81
2504	2120516	846.85
2505	2169702	866.15
2506	2178924	869.48
2507	2104603	839.49
2508	2138646	852.73
2509	2222281	885.72
2510	2128537	848.02
2511	2160987	860.61
2512	2119105	843.59
2513	2125207	845.69
2514	2139740	851.13
2515	2140174	850.96
2516	2129039	846.20
2517	2140204	850.30
2518	2143113	851.12
2519	2125874	843.94
2520	2143773	850.70
2521	2164629	858.64
2522	2161781	857.17
2523	2147995	851.37
2524	2177880	862.87
2525	2149877	851.44
2526	2162794	856.21
2527	2161577	855.39
2528	2147407	849.45
2529	2155152	852.18
2530	2157711	852.85
2531	2189362	865.02
2532	2145084	847.19
2533	2175855	859.00
2534	2184927	862.24
2535	2185176	862.00
2536	2163978	853.30
2537	2261465	891.39
2538	2183764	860.43
2539	2152231	847.67
2540	2180178	858.34
2541	2163322	851.37
2542	2188349	860.88
2543	2183788	858.74
2544	2197972	863.98
2545	2193986	862.08
2546	2215662	870.25
2547	2183249	857.18
2548	2208509	866.76
2549	2191164	859.62
2550	2175738	853.23
2551	2216856	869.01
2552	2206977	864.80
2553	2228641	872.95
2554	2199605	861.24
2555	2219000	868.49
2556	2196709	859.43
2557	2246609	878.61
2558	2288083	894.48
2559	2238110	874.60
2560	2208341	862.63
2561	2208626	862.41
2562	2210267	862.71
2563	2213836	863.77
2564	2241618	874.27
2565	2237735	872.41
2566	2323549	905.51
2567	2216888	863.61
2568	2235630	870.57
2569	2231617	868.67
2570	2222127	864.64
2571	2225537	865.63
2572	2233876	868.54
2573	2264162	879.97
2574	2216765	861.21
2575	2244969	871.83
2576	2255361	875.53
2577	2234482	867.09
2578	2246512	871.42
2579	2283547	885.44
2580	2237803	867.37
2581	2234497	865.75
2582	2250940	871.78
2583	2238440	866.60
2584	2273636	879.89
2585	2245840	868.80
2586	2278510	881.09
2587	2250342	869.87
2588	2306759	891.33
2589	2264464	874.65
2590	2261577	873.20
2591	2250953	868.76
2592	2271042	876.17
2593	2291744	883.82
2594	2282672	879.98
2595	2271978	875.52
2596	2282292	879.16
2597	2281257	878.42
2598	2277630	876.69
2599	2297894	884.15
2600	2341010	900.39
2601	2286809	879.20
2602	2261536	869.15
2603	2347298	901.77
2604	2271968	872.49
2605	2336649	896.99
2606	2333509	895.44
2607	2287009	877.26
2608	2300063	881.93
2609	2314850	887.26
2610	2286386	876.01
2611	2312519	885.68
2612	2324118	889.78
2613	2307145	882.95
2614	2311261	884.19
2615	2298441	878.94
2616	2316258	885.42
2617	2315114	884.64
2618	2349019	897.26
2619	2327003	888.51
2620	2328450	888.72
2621	2298460	876.94
2622	2338829	892.00
2623	2348598	895.39
2624	2324244	885.76
2625	2389997	910.48
2626	2347784	894.05
2627	2332077	887.73
2628	2367809	900.99
2629	2329337	886.02
2630	2327133	884.84
2631	2323810	883.24
2632	2345104	891.00
2633	2361744	896.98
2634	2331764	885.26
2635	2369700	899.32
2636	2356211	893.86
2637	2396488	908.79
2638	2334256	884.86
2639	2353444	891.79
2640	2344237	887.97
2641	2362235	894.45
2642	2346934	888.32
2643	2377654	899.60
2644	2355677	890.95
2645	2351183	888.92
2646	2349412	887.91
2647	2427439	917.05
2648	2359932	891.21
2649	2393706	903.63
2650	2356581	889.28
2651	2371609	894.61
2652	2368250	893.01
2653	2377074	895.99
2654	2377427	895.79
2655	2394071	901.72
2656	2372613	893.30
2657	2408830	906.60
2658	2439208	917.69
2659	2386275	897.43
2660	2362562	888.18
2661	2419239	909.15
2662	2389023	897.45
2663	2432003	913.26
2664	2403373	902.17
2665	2392553	897.77
2666	2405892	902.44
2667	2405057	901.78
2668	2391240	896.27
2669	2406040	901.48
2670	2402092	899.66
2671	2412712	903.30
2672	2404626	899.93
2673	2404481	899.54
2674	2401429	898.07
2675	2441118	912.57
2676	2415311	902.58
2677	2410736	900.54
2678	2401517	896.76
2679	2427945	906.29
2680	2426399	905.37
2681	2452170	914.65
2682	2423971	903.79
2683	2418602	901.45
2684	2430547	905.57
2685	2449084	912.14
2686	2434933	906.53
2687	2420214	900.71
2688	2422062	901.06
2689	2444086	908.92
2690	2444470	908.72
2691	2442818	907.77
2692	2472619	918.51
2693	2449426	909.55
2694	2457577	912.24
2695	2454315	910.69
2696	2449918	908.72
2697	2454949	910.25
2698	2450795	908.37
2699	2473420	916.42
2700	2533100	938.19
2701	2463313	912.00
2702	2468239	913.49
2703	2496428	923.58
2704	2464856	911.56
2705	2467893	912.34
2706	2454780	907.16
2707	2467310	911.46
2708	2478890	915.40
2709	2483013	916.58
2710	2463138	908.91
2711	2528714	932.76
2712	2460522	907.27
2713	2487794	916.99
2714	2468904	909.69
2715	2481705	914.07
2716	2466794	908.25
2717	2519262	927.22
2718	2488001	915.38
2719	2515491	925.15
2720	2482339	912.62
2721	2488005	914.37
2722	2512174	922.91
2723	2511105	922.18
2724	2505860	919.92
2725	2536232	930.73
2726	2511576	921.34
2727	2503252	917.95
2728	2495977	914.95
2729	2515989	921.95
2730	2512228	920.23
2731	2564321	938.97
2732	2513178	919.90
2733	2501436	915.27
2734	2511909	918.77
2735	2527635	924.18
2736	2522054	921.80
2737	2600801	950.24
2738	2572431	939.53
2739	2523392	921.28
2740	2560598	934.52
2741	2527840	922.23
2742	2531861	923.36
2743	2521370	919.20
2744	2544699	927.37
2745	2530300	921.79
2746	2546446	927.33
2747	2546223	926.91
2748	2547472	927.03
2749	2550849	927.92
2750	2589269	941.55
2751	2534662	921.36
2752	2577886	936.73
2753	2556920	928.78
2754	2584876	938.59
2755	2562639	930.18
2756	2563760	930.25
2757	2629570	953.78
2758	2552981	925.66
2759	2562228	928.68
2760	2570844	931.47
2761	2577935	933.70
2762	2584582	935.76
2763	2572410	931.02
2764	2565466	928.17
2765	2605789	942.42
2766	2562372	926.38
2767	2602088	940.40
2768	2556107	923.45
2769	2629500	949.62
2770	2613566	943.53
2771	2601944	938.99
2772	2613003	942.64
2773	2622503	945.73
2774	2595332	935.59
2775	2630602	947.96
2776	2600039	936.61
2777	2583088	930.17
2778	2611415	940.03
2779	2593849	933.37
2780	2625901	944.57
2781	2592119	932.08
2782	2646127	951.16
2783	2592474	931.54
2784	2611682	938.10
2785	2613437	938.40
2786	2608555	936.31
2787	2620757	940.35
2788	2619306	939.49
2789	2636109	945.18
2790	2617138	938.04
2791	2729879	978.10
2792	2612114	935.57
2793	2646527	947.56
2794	2625014	939.52
2795	2654194	949.62
2796	2664787	953.07
2797	2634807	942.01
2798	2713614	969.84
2799	2719868	971.73
2800	2676608	955.93
2801	2657726	948.85
2802	2638702	941.72
2803	2656267	947.65
2804	2670373	952.34
2805	2635235	939.48
2806	2668294	950.92
2807	2682919	955.80
2808	2653562	945.00
2809	2645413	941.76
2810	2664307	948.15
2811	2650517	942.91
2812	2653166	943.52
2813	2667423	948.25
2814	2664444	946.85
2815	2667894	947.74
2816	2754408	978.13
2817	2672365	948.66
2818	2687009	953.52
2819	2686087	952.85
2820	2665518	945.22
2821	2665003	944.70
2822	2689235	952.95
2823	2684534	950.95
2824	2690869	952.86
2825	2689362	951.99
2826	2696047	954.02
2827	2685365	949.90
2828	2712422	959.13
2829	2678732	946.88
2830	2705417	955.98
2831	2702511	954.61
2832	2700681	953.63
2833	2723691	961.42
2834	2700658	952.95
2835	2715963	958.01
2836	2709637	955.44
2837	2696790	950.58
2838	2706933	953.82
2839	2714945	956.30
2840	2723964	959.14
2841	2739405	964.24
2842	2762029	971.86
2843	2731230	960.69
2844	2757520	969.59
2845	2942308	1034.20
2846	2725169	957.54
2847	2720778	955.66
2848	2742290	962.88
2849	2734400	959.78
2850	2759133	968.12
2851	2749294	964.33
2852	2731296	957.68
2853	2747557	963.04
2854	2731504	957.08
2855	2753725	964.53
2856	2770693	970.13
2857	2738181	958.41
2858	2763934	967.09
2859	2730966	955.22
2860	2778696	971.57
2861	2755405	963.09
2862	2743037	958.43
2863	2756230	962.71
2864	2773955	968.56
2865	2790503	974.00
2866	2761643	963.59
2867	2777202	968.68
2868	2758420	961.79
2869	2784405	970.51
2870	2753670	959.47
2871	2764947	963.06
2872	2794697	973.08
2873	2770856	964.45
2874	2799417	974.05
2875	2827806	983.58
2876	2803154	974.67
2877	2783517	967.51
2878	2805196	974.70
2879	2772213	962.91
2880	2778978	964.92
2881	2812438	976.20
2882	2776231	963.30
2883	2824823	979.82
2884	2783508	965.16
2885	2810407	974.14
2886	2802466	971.06
2887	2782158	963.68
2888	2831236	980.34
2889	2793442	966.92
2890	2839103	982.39
2891	2813123	973.06
2892	2848440	984.94
2893	2850286	985.24
2894	2812824	971.95
2895	2820003	974.09
2896	2831758	977.82
2897	2842038	981.03
2898	2917095	1006.59
2899	2962331	1021.85
2900	3781452	1303.95
2901	3501833	1207.11
2902	2822629	972.65
2903	2890534	995.71
2904	2832580	975.41
2905	2937594	1011.22
2906	2830711	974.09
2907	2845057	978.69
2908	2871592	987.48
2909	2836133	974.95
2910	2905959	998.61
2911	2836559	974.43
2912	2852765	979.66
2913	2865214	983.60
2914	2865358	983.31
2915	2870495	984.73
2916	2850375	977.49
2917	3106155	1064.85
2918	2868023	982.87
2919	2843840	974.25
2920	2902622	994.05
2921	2906183	994.93
2922	2857945	978.08
2923	2924189	1000.41
2924	2924550	1000.19
2925	2889132	987.74
2926	2872147	981.60
2927	2878624	983.47
2928	2894408	988.53
2929	2879334	983.04
2930	2890695	986.59
2931	2876704	981.48
2932	2898220	988.48
2933	2888584	984.86
2934	2883041	982.63
2935	2903742	989.35
2936	2893803	985.63
2937	2925513	996.09
2938	2960275	1007.58
2939	2900630	986.94
2940	2924392	994.69
2941	2885898	981.26
2942	2930106	995.96
2943	2907863	988.06
2944	2934459	996.76
2945	2911131	988.50
2946	2936032	996.62
2947	2957538	1003.58
2948	2938211	996.68
2949	2923174	991.24
2950	2936935	995.57
2951	2929246	992.63
2952	2928957	992.19
2953	2953524	1000.18
2954	2911270	985.53
2955	2980016	1008.47
2956	2936841	993.52
2957	2927700	990.09
2958	2941954	994.58
2959	2951612	997.50
2960	2953964	997.96
2961	2965063	1001.37
2962	2960566	999.52
2963	2947373	994.73
2964	2947568	994.46
2965	2944317	993.02
2966	2944661	992.81
2967	3002741	1012.05
2968	2952930	994.92
2969	3024746	1018.78
2970	2969823	999.94
2971	2959298	996.06
2972	2975082	1001.04
2973	2966767	997.90
2974	2961155	995.68
2975	2993554	1006.24
2976	2973720	999.23
2977	3009085	1010.78
2978	3007527	1009.92
2979	2984295	1001.78
2980	3009620	1009.94
2981	2973544	997.50
2982	2983769	1000.59
2983	3043711	1020.35
2984	2991301	1002.45
2985	3006678	1007.26
2986	2997429	1003.83
2987	2997911	1003.65
2988	2993003	1001.67
2989	3001248	1004.10
2990	3004383	1004.81
2991	3011309	1006.79
2992	3046750	1018.30
2993	3026915	1011.33
2994	3039673	1015.25
2995	3085895	1030.35
2996	3080342	1028.15
2997	3005989	1003.00
2998	3025355	1009.12
2999	3050419	1017.15
3000	3049753	1016.58
3001	3048313	1015.77
3002	3017598	1005.20
3003	3014322	1003.77
3004	3029219	1008.40
3005	3069655	1021.52
3006	3034046	1009.33
3007	3061485	1018.12
3008	3026268	1006.07
3009	3085949	1025.57
3010	3031517	1007.15
3011	3026077	1005.01
3012	3138183	1041.89
3013	3042720	1009.86
3014	3091963	1025.87
3015	3087040	1023.89
3016	3071150	1018.29
3017	3053678	1012.16
3018	3055397	1012.39
3019	3055433	1012.07
3020	3178825	1052.59
3021	3063537	1014.08
3022	3098513	1025.32
3023	3092071	1022.85
3024	3076826	1017.47
3025	3080670	1018.40
3026	3114741	1029.33
3027	3083976	1018.82
3028	3096947	1022.77
3029	3105245	1025.17
3030	3124018	1031.03
3031	3094539	1020.96
3032	3078132	1015.22
3033	3081361	1015.94
3034	3093904	1019.74
3035	3072659	1012.41
3036	3108173	1023.77
3037	3112012	1024.70
3038	3094560	1018.62
3039	3107529	1022.55
3040	3083450	1014.29
3041	3119226	1025.72
3042	3135842	1030.85
3043	3117568	1024.50
3044	3119493	1024.80
3045	3147916	1033.80
3046	3121890	1024.91
3047	3149895	1033.77
3048	3128146	1026.29
3049	3159241	1036.16
3050	3128904	1025.87
3051	3139494	1029.00
3052	3113119	1020.03
3053	3187530	1044.06
3054	3373755	1104.70
3055	3113621	1019.19
3056	3170729	1037.54
3057	3123512	1021.76
3058	3156921	1032.35
3059	3168463	1035.78
3060	3150658	1029.63
3061	3143666	1027.01
3062	3133304	1023.29
3063	3137867	1024.44
3064	3178363	1037.32
3065	3152009	1028.39
3066	3156909	1029.65
3067	3162694	1031.20
3068	3183773	1037.74
3069	3151429	1026.86
3070	3186027	1037.79
3071	3178562	1035.03
3072	3202986	1042.64
3073	3164771	1029.86
3074	3262086	1061.19
3075	3190327	1037.50
3076	3152784	1024.96
3077	3409195	1107.96
3078	3273491	1063.51
3079	3225185	1047.48
3080	3253490	1056.33
3081	3193749	1036.59
3082	3205465	1040.06
3083	3185751	1033.33
3084	3185192	1032.81
3085	3201439	1037.74
3086	3219809	1043.36
3087	3227204	1045.42
3088	3202483	1037.07
3089	3201461	1036.41
3090	3202856	1036.52
3091	3199583	1035.13
3092	3210992	1038.48
3093	3248831	1050.38
3094	3217254	1039.84
3095	3209694	1037.06
3096	3242868	1047.44
3097	3197573	1032.47
3098	3240318	1045.94
3099	3224897	1040.63
3100	3256536	1050.50
3101	3200109	1031.96
3102	3254704	1049.23
3103	3243259	1045.20
3104	3206971	1033.17
3105	3260909	1050.21
3106	3232212	1040.63
3107	3228468	1039.09
3108	3284705	1056.85
3109	3245559	1043.92
3110	3254991	1046.62
3111	3251137	1045.05
3112	3686973	1184.76
3113	3273213	1051.47
3114	3315681	1064.77
3115	3259732	1046.46
3116	3253176	1044.02
3117	3297450	1057.89
3118	3244940	1040.71
3119	3266323	1047.23
3120	3269417	1047.89
3121	3276014	1049.67
3122	3283541	1051.74
3123	3278242	1049.71
3124	3281177	1050.31
3125	3255768	1041.85
3126	3286365	1051.30
3127	3336544	1067.01
3128	3302807	1055.88
3129	3283371	1049.34
3130	3293674	1052.29
3131	3286903	1049.79
3132	3273422	1045.15
3133	3304158	1054.63
3134	3513579	1121.12
3135	3352671	1069.43
3136	3327216	1060.97
3137	3318548	1057.87
3138	3348132	1066.96
3139	3310068	1054.50
3140	3303061	1051.93
3141	3325514	1058.74
3142	3340866	1063.29
3143	3321524	1056.80
3144	3301338	1050.04
3145	3343805	1063.21
3146	3314522	1053.57
3147	3506154	1114.13
3148	3317942	1053.98
3149	3357223	1066.12
3150	3340427	1060.45
3151	3389988	1075.85
3152	3326918	1055.49
3153	3335776	1057.97
3154	3352475	1062.93
3155	3385166	1072.95
3156	3348426	1060.97
3157	3344393	1059.36
3158	3378701	1069.89
3159	3396641	1075.23
3160	3346841	1059.13
3161	3400148	1075.66
3162	3348542	1058.99
3163	3396273	1073.75
3164	3365679	1063.74
3165	3373261	1065.80
3166	3357057	1060.35
3167	3354442	1059.19
3168	3374628	1065.22
3169	3371388	1063.86
3170	3403485	1073.65
3171	3399109	1071.94
3172	3366228	1061.23
3173	3409334	1074.48
3174	3396845	1070.21
3175	3406221	1072.83
3176	3389320	1067.17
3177	3389263	1066.81
3178	3522027	1108.25
3179	3368596	1059.64
3180	3404166	1070.49
3181	3442611	1082.24
3182	3401459	1068.97
3183	3379814	1061.83
3184	3418110	1073.53
3185	3406226	1069.46
3186	3392277	1064.74
3187	3434475	1077.65
3188	3424442	1074.17
3189	3402791	1067.04
3190	3415119	1070.57
3191	3450065	1081.19
3192	3421603	1071.93
3193	3462488	1084.40
3194	3462416	1084.04
3195	3642605	1140.10
3196	3447503	1078.69
3197	3477574	1087.76
3198	3519760	1100.61
3199	3412108	1066.62
3200	3476834	1086.51
3201	3452541	1078.58
3202	3425745	1069.88
3203	3467228	1082.49
3204	3457758	1079.20
3205	3448462	1075.96
3206	3430576	1070.05
3207	3469918	1081.98
3208	3461268	1078.95
3209	3559454	1109.21
3210	3435254	1070.17
3211	3621490	1127.84
3212	3462875	1078.11
3213	3457286	1076.03
3214	3458523	1076.08
3215	3482697	1083.27
3216	3488957	1084.87
3217	3461673	1076.06
3218	3492771	1085.39
3219	3468082	1077.38
3220	3553624	1103.61
3221	3541175	1099.40
3222	3502039	1086.91
3223	3574684	1109.12
3224	3493010	1083.44
3225	3514738	1089.84
3226	3492607	1082.64
3227	3495528	1083.21
3228	3674057	1138.18
3229	3558608	1102.08
3230	3526995	1091.95
3231	3501325	1083.67
3232	3485031	1078.29
3233	3507716	1084.97
3234	3529981	1091.52
3235	3536706	1093.26
3236	3514385	1086.03
3237	3525544	1089.14
3238	3516094	1085.88
3239	3586051	1107.15
3240	3554521	1097.07
3241	3515575	1084.72
3242	3545417	1093.59
3243	3552453	1095.42
3244	3533055	1089.10
3245	3514645	1083.10
3246	3513159	1082.30
3247	3607033	1110.88
3248	3562757	1096.91
3249	3539965	1089.56
3250	3566521	1097.39
3251	3538628	1088.47
3252	3553517	1092.72
3253	3775331	1160.57
3254	3565485	1095.72
3255	3564794	1095.17
3256	3553061	1091.23
3257	3539649	1086.78
3258	3567347	1094.95
3259	3560551	1092.53
3260	3574152	1096.37
3261	3556712	1090.68
3262	3561248	1091.74
3263	3616186	1108.24
3264	3560038	1090.70
3265	3570946	1093.70
3266	3612712	1106.16
3267	3576934	1094.87
3268	4631263	1417.16
3269	3815971	1167.32
3270	3642027	1113.77
3271	3999539	1222.73
3272	3719107	1136.65
3273	3665581	1119.95
3274	3881053	1185.42
3275	3762094	1148.73
3276	3628757	1107.68
3277	3673270	1120.92
3278	3614799	1102.75
3279	3811748	1162.47
3280	3704188	1129.33
3281	3636953	1108.49
3282	3584465	1092.16
3283	3634781	1107.15
3284	3616790	1101.34
3285	3617752	1101.29
3286	3610788	1098.84
3287	3690807	1122.85
3288	3667722	1115.49
3289	3642991	1107.63
3290	3649988	1109.42
3291	3661500	1112.58
3292	3640748	1105.94
3293	3642512	1106.14
3294	3649772	1108.01
3295	3753945	1139.29
3296	3626323	1100.22
3297	3667344	1112.33
3298	3650247	1106.81
3299	3654944	1107.89
3300	3695347	1119.80
3301	3640111	1102.73
3302	3674501	1112.81
3303	3702771	1121.03
3304	3681275	1114.19
3305	3673959	1111.64
3306	3671186	1110.46
3307	3679221	1112.56
3308	3695403	1117.11
3309	3726395	1126.14
3310	3680208	1111.85
3311	3673541	1109.50
3312	3694881	1115.60
3313	3679487	1110.62
3314	3890669	1174.01
3315	3942723	1189.36
3316	4193638	1264.67
3317	3922677	1182.60
3318	3691787	1112.65
3319	3676743	1107.79
3320	3715936	1119.26
3321	3718342	1119.65
3322	3704008	1114.99
3323	3701435	1113.88
3324	3720623	1119.32
3325	3731302	1122.20
3326	3736441	1123.40
3327	3699337	1111.91
3328	3964239	1191.18
3329	3791865	1139.04
3330	3769494	1131.98
3331	3735898	1121.55
3332	3738905	1122.12
3333	3769021	1130.82
3334	3751659	1125.27
3335	3734474	1119.78
3336	3729768	1118.04
3337	3872759	1160.55
3338	3730886	1117.70
3339	3742831	1120.94
3340	3723593	1114.85
3341	3762144	1126.05
3342	3768581	1127.64
3343	3777514	1129.98
3344	3740236	1118.49
3345	3763001	1124.96
3346	3807683	1137.98
3347	3767589	1125.66
3348	3762028	1123.66
3349	3772438	1126.44
3350	3753497	1120.45
3351	3795606	1132.68
3352	3833201	1143.56
3353	3793825	1131.47
3354	3785665	1128.70
3355	3785034	1128.18
3356	3748779	1117.04
3357	3774755	1124.44
3358	3781538	1126.13
3359	3819248	1137.02
3360	3784090	1126.22
3361	3783275	1125.64
3362	3764820	1119.82
3363	3826437	1137.80
3364	3788379	1126.15
3365	3868472	1149.62
3366	3807240	1131.09
3367	3799566	1128.47
3368	3821658	1134.70
3369	3797399	1127.16
3370	3808269	1130.05
3371	3861531	1145.51
3372	3853540	1142.81
3373	3817406	1131.75
3374	3808044	1128.64
3375	3816894	1130.93
3376	3829870	1134.44
3377	3830069	1134.16
3378	3821271	1131.22
3379	3813105	1128.47
3380	3875475	1146.59
3381	3837987	1135.16
3382	3922907	1159.94
3383	3835777	1133.84
3384	3854031	1138.90
3385	3886385	1148.12
3386	3835955	1132.89
3387	3890299	1148.60
3388	3825297	1129.07
3389	3873337	1142.91
3390	3834633	1131.16
3391	3864617	1139.67
3392	3841406	1132.49
3393	3859929	1137.62
3394	3886876	1145.22
3395	3837385	1130.30
3396	3899542	1148.28
3397	3858827	1135.95
3398	4066996	1196.88
3399	4704105	1383.97
3400	4174084	1227.67
3401	3883841	1141.97
3402	3900420	1146.51
3403	3858353	1133.81
3404	3869868	1136.86
3405	3909257	1148.09
3406	3932469	1154.57
3407	3886733	1140.81
3408	3974025	1166.09
3409	3871672	1135.72
3410	3907590	1145.92
3411	4017625	1177.84
3412	4034923	1182.57
3413	3953811	1158.46
3414	3904175	1143.58
3415	4035467	1181.69
3416	4011317	1174.27
3417	3921017	1147.50
3418	3947413	1154.89
3419	3954751	1156.70
3420	3912334	1143.96
3421	3890721	1137.31
3422	3976397	1162.01
3423	3941376	1151.44
3424	3926405	1146.73
3425	3940019	1150.37
3426	3929374	1146.93
3427	3951685	1153.10
3428	3987662	1163.26
3429	3967208	1156.96
3430	3958545	1154.09
3431	3967688	1156.42
3432	3935106	1146.59
3433	3943409	1148.68
3434	3979775	1158.93
3435	3976263	1157.57
3436	3960573	1152.67
3437	3946890	1148.35
3438	3944389	1147.29
3439	4019807	1168.89
3440	3954179	1149.47
3441	3973531	1154.76
3442	3978360	1155.83
3443	3976194	1154.86
3444	3962226	1150.47
3445	3974571	1153.72
3446	3955017	1147.71
3447	4010069	1163.35
3448	4019951	1165.88
3449	3968431	1150.60
3450	3983666	1154.69
3451	4001568	1159.54
3452	4033901	1168.57
3453	3992531	1156.25
3454	4127396	1194.96
3455	4016565	1162.54
3456	3992793	1155.32
3457	4021434	1163.27
3458	4024942	1163.95
3459	4008101	1158.75
3460	4013850	1160.07
3461	4008893	1158.30
3462	4098745	1183.92
3463	4077989	1177.59
3464	4015217	1159.13
3465	4099823	1183.21
3466	4023093	1160.73
3467	4020163	1159.55
3468	4045142	1166.42
3469	4061895	1170.91
3470	4017529	1157.79
3471	4054221	1168.03
3472	4079696	1175.03
3473	4046112	1165.02
3474	4104287	1181.43
3475	4067936	1170.63
3476	4062155	1168.63
3477	4056972	1166.80
3478	4041051	1161.89
3479	4080948	1173.02
3480	4053793	1164.88
3481	4068150	1168.67
3482	4078543	1171.32
3483	4050829	1163.03
3484	4091795	1174.45
3485	4086697	1172.65
3486	4075554	1169.12
3487	4055523	1163.04
3488	4089155	1172.35
3489	4066693	1165.58
3490	4081389	1169.45
3491	4069471	1165.70
3492	4097848	1173.50
3493	4083906	1169.17
3494	4065625	1163.60
3495	4178712	1195.63
3496	4142735	1184.99
3497	4104960	1173.85
3498	4098914	1171.79
3499	4089981	1168.90
3500	4133351	1180.96
3501	4147090	1184.54
3502	4121253	1176.83
3503	4149154	1184.46
3504	4107782	1172.31
3505	4095096	1168.36
3506	4192761	1195.88
3507	4144432	1181.76
3508	4123203	1175.37
3509	4176967	1190.36
3510	4126335	1175.59
3511	4106147	1169.51
3512	4141589	1179.27
3513	4113143	1170.83
3514	4138903	1177.83
3515	4150718	1180.86
3516	4375064	1244.33
3517	4156676	1181.88
3518	4147821	1179.03
3519	4147593	1178.63
3520	4193071	1191.21
3521	4148997	1178.36
3522	4148736	1177.95
3523	4193003	1190.18
3524	4389996	1245.74
3525	4179228	1185.60
3526	4174399	1183.89
3527	4157205	1178.68
3528	4347494	1232.28
3529	4187409	1186.57
3530	4172970	1182.14
3531	4172086	1181.56
3532	4184585	1184.76
3533	4161612	1177.93
3534	4170726	1180.17
3535	4182460	1183.16
3536	4266071	1206.47
3537	4197392	1186.71
3538	4180405	1181.57
3539	4190574	1184.11
3540	4207618	1188.59
3541	4210598	1189.10
3542	4234591	1195.54
3543	4213139	1189.14
3544	4186330	1181.24
3545	4227933	1192.65
3546	4214806	1188.61
3547	4206604	1185.96
3548	4228217	1191.72
3549	4198426	1182.99
3550	4237635	1193.70
3551	4278884	1204.98
3552	4219586	1187.95
3553	4224609	1189.03
3554	4209708	1184.50
3555	4228803	1189.54
3556	4235252	1191.02
3557	4259083	1197.38
3558	4303167	1209.43
3559	4263365	1197.91
3560	4234724	1189.53
3561	4243138	1191.56
3562	4246952	1192.29
3563	4285550	1202.79
3564	4287108	1202.89
3565	4341095	1217.70
3566	4269641	1197.32
3567	4259143	1194.04
3568	4281499	1199.97
3569	4256098	1192.52
3570	4276808	1197.99
3571	4351500	1218.57
3572	4286222	1199.95
3573	4274510	1196.34
3574	4292423	1201.01
3575	4313071	1206.45
3576	4266791	1193.17
3577	4500420	1258.15
3578	4289402	1198.83
3579	4539556	1268.39
3580	4303476	1202.09
3581	4289009	1197.71
3582	4278439	1194.43
3583	4317982	1205.13
3584	4340498	1211.08
3585	4300808	1199.67
3586	4633471	1292.10
3587	4327694	1206.49
3588	4323704	1205.05
3589	4326729	1205.55
3590	4302471	1198.46
3591	4484178	1248.73
3592	4332544	1206.16
3593	4376818	1218.15
3594	4329080	1204.53
3595	4344528	1208.49
3596	4382685	1218.77
3597	4322085	1201.58
3598	4330312	1203.53
3599	4376422	1216.01
3600	4367019	1213.06
3601	4364689	1212.08
3602	4366003	1212.11
3603	4368378	1212.43
3604	4383988	1216.42
3605	4345637	1205.45
3606	4352405	1206.99
3607	4372408	1212.20
3608	4445477	1232.12
3609	4382877	1214.43
3610	4381274	1213.65
3611	4389660	1215.64
3612	4361965	1207.63
3613	4382587	1213.00
3614	4383515	1212.93
3615	4372069	1209.42
3616	4406202	1218.53
3617	4364543	1206.67
3618	4369423	1207.69
3619	4557156	1259.23
3620	4437099	1225.72
3621	4658255	1286.46
3622	4373811	1207.57
3623	4396953	1213.62
3624	4433654	1223.41
3625	4430594	1222.23
3626	4414396	1217.43
3627	4429046	1221.13
3628	4451940	1227.11
3629	4414346	1216.41
3630	4426276	1219.36
3631	4417428	1216.59
3632	4421302	1217.32
3633	4430365	1219.48
3634	4562174	1255.41
3635	4445341	1222.93
3636	4434525	1219.62
3637	4458766	1225.95
3638	4430752	1217.91
3639	4427236	1216.61
3640	4651805	1277.97
3641	4438193	1218.95
3642	4458360	1224.15
3643	4436958	1217.94
3644	4442949	1219.25
3645	4447690	1220.22
3646	4493478	1232.44
3647	4465262	1224.37
3648	4446398	1218.86
3649	4457785	1221.65
3650	4467774	1224.05
3651	4566714	1250.81
3652	4746060	1299.58
3653	5870850	1607.13
3654	4456131	1219.52
3655	4505823	1232.78
3656	4633276	1267.31
3657	4513278	1234.15
3658	4445499	1215.28
3659	4754948	1299.52
3660	4477749	1223.43
3661	4489477	1226.30
3662	4510435	1231.69
3663	4467860	1219.73
3664	4497052	1227.36
3665	4479910	1222.35
3666	4526993	1234.86
3667	4517333	1231.89
3668	4616495	1258.59
3669	4505323	1227.94
3670	4509405	1228.72
3671	4529128	1233.76
3672	4517610	1230.29
3673	4504448	1226.37
3674	4521088	1230.56
3675	4529012	1232.38
3676	4539539	1234.91
3677	4540651	1234.88
3678	4516445	1227.96
3679	4545252	1235.46
3680	4517634	1227.62
3681	4601320	1250.02
3682	4547439	1235.05
3683	4521176	1227.58
3684	4541730	1232.83
3685	4576726	1241.99
3686	4585206	1243.95
3687	4548784	1233.74
3688	4550304	1233.81
3689	4544346	1231.86
3690	4551753	1233.54
3691	4588322	1243.11
3692	4565426	1236.57
3693	4540149	1229.39
3694	4586193	1241.52
3695	4626993	1252.23
3696	4579128	1238.94
3697	4575421	1237.60
3698	4593674	1242.20
3699	4629729	1251.62
3700	4640218	1254.11
3701	4606701	1244.72
3702	4586761	1239.00
3703	4577249	1236.09
3704	4655749	1256.95
3705	4618261	1246.49
3706	4651304	1255.07
3707	4595946	1239.80
3708	4591947	1238.39
3709	4612689	1243.65
3710	4644070	1251.77
3711	4617767	1244.35
3712	4619549	1244.49
3713	4669008	1257.48
3714	4631096	1246.93
3715	4646860	1250.84
3716	4644281	1249.81
3717	4659285	1253.51
3718	4615104	1241.29
3719	4683423	1259.32
3720	4621427	1242.32
3721	4646172	1248.64
3722	4641097	1246.94
3723	4638803	1245.99
3724	4647277	1247.93
3725	4678804	1256.05
3726	4671992	1253.89
3727	4655920	1249.24
3728	4642316	1245.26
3729	4691551	1258.13
3730	4774361	1279.99
3731	4675062	1253.03
3732	4702340	1260.01
3733	4648373	1245.21
3734	4667345	1249.96
3735	4715422	1262.50
3736	4698164	1257.54
3737	4660283	1247.07
3738	4688098	1254.17
3739	4696038	1255.96
3740	4706970	1258.55
3741	4686500	1252.74
3742	4683815	1251.69
3743	4676132	1249.30
3744	4696349	1254.37
3745	4714625	1258.91
3746	4742851	1266.11
3747	4707346	1256.30
3748	4731286	1262.35
3749	4716382	1258.04
3750	4726079	1260.29
3751	4718766	1258.00
3752	4790213	1276.71
3753	4975266	1325.68
3754	4755356	1266.74
3755	4714168	1255.44
3756	4721112	1256.95
3757	4709876	1253.63
3758	4737087	1260.53
3759	4728673	1257.96
3760	4725252	1256.72
3761	4756801	1264.77
3762	4711832	1252.48
3763	4759217	1264.74
3764	4772801	1268.01
3765	4798280	1274.44
3766	4729919	1255.95
3767	4807967	1276.34
3768	4779149	1268.35
3769	4790548	1271.04
3770	4737422	1256.61
3771	4774054	1265.99
3772	4756235	1260.93
3773	4834249	1281.27
3774	5133595	1360.25
3775	5089802	1348.29
3776	4902766	1298.40
3777	4766005	1261.85
3778	4788267	1267.41
3779	4794090	1268.61
3780	4787630	1266.57
3781	4773640	1262.53
3782	4826805	1276.26
3783	4797324	1268.13
3784	4817852	1273.22
3785	4791924	1266.03
3786	4780403	1262.65
3787	4805668	1268.99
3788	4786206	1263.52
3789	4862385	1283.29
3790	4800939	1266.74
3791	5257625	1386.87
3792	4844132	1277.46
3793	4805791	1267.02
3794	4833225	1273.91
3795	4791140	1262.49
3796	4818014	1269.23
3797	4897156	1289.74
3798	4813358	1267.34
3799	4849144	1276.43
3800	4871199	1281.89
3801	4810444	1265.57
3802	4806032	1264.08
3803	4815549	1266.25
3804	4844936	1273.64
3805	4772411	1254.25
3806	4789238	1258.34
3807	5004896	1314.66
3808	4853491	1274.55
3809	4784634	1256.14
3810	4790600	1257.38
3811	4818527	1264.37
3812	4851241	1272.62
3813	4803316	1259.72
3814	5061964	1327.21
3815	5116513	1341.16
3816	4886664	1280.57
3817	5080283	1330.96
3818	4802654	1257.90
3819	4818034	1261.60
3820	4980998	1303.93
3821	4876049	1276.12
3822	4891118	1279.73
3823	5058400	1323.15
3824	4829263	1262.88
3825	4863419	1271.48
3826	4897669	1280.10
3827	4916936	1284.80
3828	4842849	1265.11
3829	4874084	1272.94
3830	4861067	1269.21
3831	4848909	1265.70
3832	4845301	1264.43
3833	4843939	1263.75
3834	5066686	1321.51
3835	5191721	1353.77
3836	4859817	1266.90
3837	4839450	1261.26
3838	4873178	1269.72
3839	4891959	1274.28
3840	4876141	1269.83
3841	4877426	1269.83
3842	4943492	1286.70
3843	4883504	1270.75
3844	4907037	1276.54
3845	4890109	1271.81
3846	4907086	1275.89
3847	4876087	1267.50
3848	4895222	1272.15
3849	4904578	1274.25
3850	4930123	1280.55
3851	4894185	1270.89
3852	4928825	1279.55
3853	4890518	1269.28
3854	4946619	1283.50
3855	4905410	1272.48
3856	5177300	1342.66
3857	4915122	1274.34
3858	4938405	1280.04
3859	4922312	1275.54
3860	4916024	1273.58
3861	5320512	1378.01
3862	4915084	1272.68
3863	4955166	1282.72
3864	4931713	1276.32
3865	4924338	1274.08
3866	4958846	1282.68
3867	4946266	1279.10
3868	4956107	1281.31
3869	4965184	1283.32
3870	4957065	1280.90
3871	4981366	1286.84
3872	4981402	1286.52
3873	5026490	1297.83
3874	5245713	1354.08
3875	5021995	1296.00
3876	5111619	1318.79
3877	4988581	1286.71
3878	5001532	1289.72
3879	4959279	1278.49
3880	5005850	1290.17
3881	5001396	1288.69
3882	4980485	1282.97
3883	4968171	1279.47
3884	4967682	1279.01
3885	5069909	1305.00
3886	4976822	1280.71
3887	5012499	1289.55
3888	4978688	1280.53
3889	5014285	1289.35
3890	5030098	1293.08
3891	4998824	1284.71
3892	5047788	1296.97
3893	4999578	1284.25
3894	5006798	1285.77
3895	5048194	1296.07
3896	5012505	1286.58
3897	5017752	1287.59
3898	5020981	1288.09
3899	5738143	1471.70
3900	5302932	1359.73
3901	5014669	1285.48
3902	5023232	1287.35
3903	5040673	1291.49
3904	5091100	1304.07
3905	5110780	1308.78
3906	5088583	1302.76
3907	5119853	1310.43
3908	5130563	1312.84
3909	5111506	1307.62
3910	5111168	1307.20
3911	5107269	1305.87
3912	5137054	1313.15
3913	5150711	1316.31
3914	5108121	1305.09
3915	5118318	1307.36
3916	5162675	1318.35
3917	5150428	1314.89
3918	5149541	1314.33
3919	5135335	1310.37
3920	5135040	1309.96
3921	5156175	1315.02
3922	5195956	1324.82
3923	5165589	1316.74
3924	5117113	1304.06
3925	5160316	1314.73
3926	5166641	1316.01
3927	5151902	1311.92
3928	5150461	1311.22
3929	5156705	1312.47
3930	5296419	1347.69
3931	5387475	1370.51
3932	5142461	1307.85
3933	5172361	1315.12
3934	5164631	1312.82
3935	5200659	1321.64
3936	5782843	1469.22
3937	5184250	1316.80
3938	5200598	1320.62
3939	5198834	1319.84
3940	5177261	1314.03
3941	5194385	1318.04
3942	5181463	1314.42
3943	5198240	1318.35
3944	5191557	1316.32
3945	5190925	1315.82
3946	5204387	1318.90
3947	5245329	1328.94
3948	5219999	1322.19
3949	5211463	1319.69
3950	5287055	1338.49
3951	5202529	1316.76
3952	5213474	1319.20
3953	5228091	1322.56
3954	5204849	1316.35
3955	5215708	1318.76
3956	5314635	1343.44
3957	5253337	1327.61
3958	5219853	1318.81
3959	5225239	1319.84
3960	5267246	1330.11
3961	5306342	1339.65
3962	5249663	1325.00
3963	5225347	1318.53
3964	5372882	1355.42
3965	5557896	1401.74
3966	5359577	1351.38
3967	5253453	1324.29
3968	5264317	1326.69
3969	5283370	1331.16
3970	5321643	1340.46
3971	5302770	1335.37
3972	5268026	1326.29
3973	5302810	1334.71
3974	5342771	1344.43
3975	5280980	1328.55
3976	5409814	1360.62
3977	5298666	1332.33
3978	5270531	1324.92
3979	5290456	1329.59
3980	5277322	1325.96
3981	5286341	1327.89
3982	5385339	1352.42
3983	5331500	1338.56
3984	5296881	1329.54
3985	5331574	1337.91
3986	5305433	1331.02
3987	5314123	1332.86
3988	5315707	1332.93
3989	5283226	1324.45
3990	5331945	1336.33
3991	5335285	1336.83
3992	5280568	1322.79
3993	5253435	1315.66
3994	5289875	1324.46
3995	5291920	1324.64
3996	5266301	1317.89
3997	5258223	1315.54
3998	5326899	1332.39
3999	5308221	1327.39
4000	5358354	1339.59
