N	Total Time	Average CPE
2048	19448	9.50
6144	62280	10.14
10240	104768	10.23
14336	182287	12.72
18432	233407	12.66
22528	348875	15.49
26624	466151	17.51
30720	585841	19.07
34816	723203	20.77
38912	837688	21.53
43008	987182	22.95
47104	1104730	23.45
51200	1208195	23.60
55296	1378779	24.93
59392	1432649	24.12
63488	1611282	25.38
67584	1745286	25.82
71680	1895052	26.44
75776	1963618	25.91
79872	2200923	27.56
83968	2216867	26.40
88064	2440972	27.72
92160	2430948	26.38
96256	2546416	26.45
100352	2667774	26.58
104448	2804300	26.85
108544	2932385	27.02
112640	3154979	28.01
116736	4088278	35.02
120832	3805809	31.50
124928	4297152	34.40
129024	4808559	37.27
133120	5259713	39.51
137216	4675529	34.07
141312	4356880	30.83
145408	4814160	33.11
149504	5262076	35.20
153600	5074525	33.04
157696	5233955	33.19
161792	5869156	36.28
165888	5172905	31.18
169984	5171132	30.42
174080	5303247	30.46
178176	5593733	31.39
182272	6246423	34.27
186368	6056090	32.50
190464	7678057	40.31
194560	6788922	34.89
198656	7169851	36.09
202752	8710018	42.96
206848	7903638	38.21
210944	8315725	39.42
215040	8994554	41.83
219136	9448814	43.12
223232	11417916	51.15
227328	9885231	43.48
231424	10639665	45.97
235520	11635027	49.40
239616	12172016	50.80
243712	12315232	50.53
247808	14327349	57.82
251904	13900116	55.18
256000	14361534	56.10
260096	14768223	56.78
264192	15519849	58.74
268288	17589966	65.56
272384	23835127	87.51
276480	26473956	95.75
280576	30446321	108.51
284672	21315690	74.88
288768	27127113	93.94
292864	22598542	77.16
296960	25883599	87.16
301056	24168353	80.28
305152	23371339	76.59
309248	25152953	81.34
313344	27557551	87.95
317440	27484583	86.58
321536	28169350	87.61
325632	29222745	89.74
329728	29263125	88.75
333824	32303124	96.77
337920	32028227	94.78
342016	32572865	95.24
346112	33792807	97.64
350208	34800447	99.37
354304	36737542	103.69
358400	37653729	105.06
362496	39337227	108.52
366592	39361127	107.37
370688	42414486	114.42
374784	41708104	111.29
378880	44157797	116.55
382976	44938711	117.34
387072	44850462	115.87
391168	46827612	119.71
395264	47247785	119.53
399360	47629846	119.27
403456	50828507	125.98
407552	54730478	134.29
411648	54685477	132.85
415744	55149334	132.65
419840	50573493	120.46
423936	53842395	127.01
428032	54737933	127.88
432128	56359986	130.42
436224	57673766	132.21
440320	58327665	132.47
444416	59420888	133.71
448512	60938576	135.87
452608	62528608	138.15
456704	63249588	138.49
460800	62453430	135.53
464896	64155280	138.00
468992	65252591	139.13
473088	66418391	140.39
477184	66995583	140.40
481280	67108822	139.44
485376	68215128	140.54
489472	68497645	139.94
493568	70157536	142.14
497664	70592877	141.85
501760	76927435	153.32
505856	72857841	144.03
509952	74888669	146.85
514048	75843159	147.54
518144	76254879	147.17
522240	77429197	148.26
526336	78972924	150.04
530432	79189522	149.29
534528	81621487	152.70
538624	81045890	150.47
542720	84333133	155.39
546816	83246815	152.24
550912	86938912	157.81
555008	86833476	156.45
559104	92289701	165.07
563200	88036470	156.31
567296	89144532	157.14
571392	90233545	157.92
575488	91560995	159.10
579584	92846063	160.19
583680	94799260	162.42
587776	94302724	160.44
591872	96045422	162.27
595968	98455730	165.20
600064	97223886	162.02
604160	98828646	163.58
608256	99841463	164.14
612352	100836497	164.67
616448	98836788	160.33
620544	103349411	166.55
624640	104664748	167.56
628736	105986246	168.57
632832	105263238	166.34
636928	103069005	161.82
641024	109726053	171.17
645120	109517585	169.76
649216	109963910	169.38
653312	109870803	168.18
657408	111367071	169.40
661504	111835283	169.06
665600	113318050	170.25
669696	115665586	172.71
673792	115886604	171.99
677888	116315741	171.59
681984	116782747	171.24
686080	118289807	172.41
690176	119833383	173.63
694272	120431189	173.46
698368	123194195	176.40
702464	122228670	174.00
706560	123127055	174.26
710656	126118486	177.47
714752	125555718	175.66
718848	126800686	176.39
722944	127804604	176.78
727040	129199618	177.71
731136	130777227	178.87
735232	132637229	180.40
739328	132620562	179.38
743424	132826239	178.67
747520	133836091	179.04
751616	134563735	179.03
755712	137031741	181.33
759808	137696554	181.23
763904	138275421	181.01
768000	138693314	180.59
772096	139343320	180.47
776192	141361339	182.12
780288	141971598	181.95
784384	143747403	183.26
788480	142938385	181.28
792576	145731241	183.87
796672	147051641	184.58
800768	147216653	183.84
804864	148554474	184.57
808960	150767717	186.37
813056	150674178	185.32
817152	157557630	192.81
821248	152488426	185.68
825344	154169552	186.79
829440	154720827	186.54
833536	156015096	187.17
837632	155681065	185.86
841728	157379507	186.97
845824	160336541	189.56
849920	159522882	187.69
854016	160194198	187.58
858112	161029361	187.66
862208	162147740	188.06
866304	166488675	192.18
870400	167571220	192.52
874496	165666434	189.44
878592	166787490	189.83
882688	167692553	189.98
886784	169284080	190.90
890880	170394645	191.27
894976	171307283	191.41
899072	171436557	190.68
903168	172623847	191.13
907264	173465434	191.20
911360	173735949	190.63
915456	175714945	191.94
919552	175650639	191.02
923648	177717475	192.41
927744	176719785	190.48
931840	181459065	194.73
935936	181671959	194.11
940032	182481241	194.12
944128	182222833	193.01
948224	182975967	192.97
952320	184377469	193.61
956416	186594377	195.10
960512	187398712	195.10
964608	187350715	194.22
968704	188225173	194.31
972800	179407579	184.42
976896	191859148	196.40
980992	191870662	195.59
985088	193592162	196.52
989184	193605113	195.72
993280	197515900	198.85
997376	195113492	195.63
1001472	197568450	197.28
1005568	198902336	197.80
1009664	199332771	197.42
1013760	200120000	197.40
1017856	201215312	197.69
1021952	202572572	198.22
1026048	203490487	198.32
1030144	206635015	200.59
1034240	205486154	198.68
1038336	206356640	198.74
1042432	206926256	198.50
1046528	208463116	199.19
